1000
5681 12839
7227 13548
3512 2799
9408 4375
13130 11775
13797 14699
2184 9554
11560 11620
2734 10207
4000 4295
5995 7105
3258 4563
5809 7188
14788 4316
4034 6971
2807 2323
10481 14
8277 14956
14649 7956
1270 8291
1014 13999
11489 3171
979 14355
1857 7932
8459 1303
13086 373
593 725
639 2353
7572 10564
2219 191
10973 14922
4524 9864
6042 12142
10326 2611
12398 5145
541 12493
10062 2047
4571 12371
12736 2328
10578 13081
12976 932
4586 12865
7474 3321
14231 1530
8332 727
12332 11865
10266 11950
10687 12360
2936 12437
14125 7148
11751 8397
5653 12172
11251 9362
2756 14830
12951 8989
14238 13578
7860 8352
9896 8709
10339 5229
10734 1616
13401 406
7554 2564
12143 2531
5909 12220
13168 11017
4277 13902
9356 12661
805 9742
9295 11645
2438 14024
1272 13485
10953 10617
10553 10453
7924 865
1326 1785
6956 11269
1936 6325
9626 6229
2919 45
10596 12448
3269 10954
6456 4098
8047 13171
929 4302
13166 14072
1011 11176
642 7027
6811 3448
8425 7001
2441 8225
7865 11823
12838 5153
7477 332
13259 1015
6401 3689
3751 8510
9296 9043
4852 12228
9031 467
13908 2342
3217 11418
1970 11224
10862 11400
13491 2715
9963 9830
13816 4579
1662 7402
3680 8480
379 1961
12927 8637
9844 12248
14069 379
14221 4011
14686 53
1107 7037
8760 3219
6749 12383
2836 8228
11919 3795
3118 4962
1318 6766
6349 8662
2967 5872
12879 572
92 5042
12612 6159
12814 2630
1651 11626
3140 9565
9438 477
13753 14764
406 8865
957 1416
10476 6699
4516 6663
244 9589
12377 1670
9530 1076
9250 877
244 13380
4758 10900
14529 11507
14481 5076
9554 2207
12118 5167
9542 6887
12286 4300
6256 5828
1633 11144
9257 5053
14877 9098
10829 2747
13139 14105
12164 7885
282 5275
7548 6689
5907 2343
1387 14547
10903 14879
14692 2774
6698 9457
2514 13034
12817 1641
748 8930
7193 1202
13586 197
8180 12793
6594 12629
6063 3786
4779 6107
5126 11070
12941 1801
598 4518
12068 4397
1379 7607
10259 14526
9970 14938
4999 2226
9670 13008
13521 7872
2793 2207
8094 1403
8152 5826
2043 7731
14365 6907
7214 13001
12872 11993
871 11272
1093 2275
469 6631
7818 13376
5765 1835
8259 6996
7554 12038
9321 4851
10338 14516
7267 5788
4595 12755
12668 12410
4909 5063
11260 2205
12260 10335
9916 14806
6971 7141
8738 7696
14560 14129
9916 14841
11130 97
458 2148
11965 4922
12503 7481
429 976
12329 5616
13258 14453
3600 3010
5724 13743
13842 2972
8618 11157
5737 779
10144 7066
7405 14853
5661 2204
1155 12686
4400 10313
11620 9510
7461 5376
9497 11951
5917 6010
568 5998
3890 7650
6601 3956
2980 12037
5255 10745
1374 8441
201 2763
8146 9691
1375 254
5419 7150
2664 11956
13881 2192
5092 3581
10183 7854
5253 2037
6433 9149
1314 13974
1241 6430
14686 1543
197 9971
4206 1232
12286 9725
13286 3
8148 9616
6639 13166
7904 9265
5012 9391
2368 5647
4336 7137
9898 8604
843 9087
12566 8326
1570 9489
9718 3820
10080 12805
383 12889
3963 2550
5496 4790
3717 9059
14775 3142
14470 14368
10909 8561
13050 14915
14279 12886
10182 4673
2090 7941
1056 8764
4491 2614
14638 10547
9579 1665
12653 5885
11919 13914
5259 12435
9409 830
13570 9715
9425 14215
5497 12282
10962 3306
1266 11267
1803 6896
11878 901
11996 14653
7298 5729
13212 754
7539 12317
5386 11935
7942 6038
2904 9440
2115 1058
10844 6533
12671 5108
6080 8729
7912 2938
7239 13814
12182 1452
5788 2066
11852 3564
13125 13014
367 12901
172 3614
9559 6247
8024 1165
471 3049
547 10055
1912 5988
6439 12066
14677 5896
13689 558
5840 8979
9586 9545
13036 11097
7090 12445
757 11931
5191 395
3068 13291
9036 11443
811 3172
9925 13681
9526 13253
3517 13575
3020 3334
9713 2856
2091 11368
11585 11726
1036 954
2914 8485
141 9269
11047 1889
2426 5161
12040 4261
2337 4895
5750 6735
6307 4472
5970 8932
14297 805
1069 4802
6197 9254
3594 5922
11250 7939
900 11811
4649 11715
6203 9325
5680 10964
879 5383
7433 10748
10901 4035
11028 3087
11538 13081
7827 8448
5759 4101
13614 2009
694 6696
12631 3774
14911 3070
14457 1140
11970 14524
12030 7486
9056 691
12895 6909
13422 11920
10906 14115
9429 6575
14343 4514
7038 1235
14899 13830
7480 8732
2187 12679
2113 5904
1107 5674
4861 1292
1142 4603
8299 4223
10835 6954
11486 3082
11627 6828
662 14116
2044 13328
9673 213
9809 3947
2141 1647
8343 11970
4135 5412
5623 1402
7532 9522
13140 7997
14407 13959
7124 10663
963 14320
7063 3561
2584 2295
7381 13285
8862 13492
14959 8634
163 8136
259 8387
611 10816
3416 11874
4220 13240
10877 13161
7817 12291
2564 2632
2207 14736
1132 6811
14579 13533
8260 589
7976 13966
6108 12635
3431 2857
14802 4457
7383 6806
7597 9238
11388 1392
13520 6551
14242 3873
11687 5014
3662 7325
13161 2401
9039 11058
9507 11302
1300 1547
2170 6645
2555 11296
8922 965
12468 7928
5414 10316
6199 13052
254 7272
1999 11950
12601 9537
992 2136
11000 12787
8091 1191
7501 1002
7075 4950
1753 12962
637 13661
4529 1896
9057 12774
13608 14040
4810 13879
12280 1189
2862 6512
10188 10626
10902 14562
1048 6082
5068 4980
5538 7322
3752 14047
8384 4551
4011 9843
8693 7367
13949 552
8046 7911
12053 13945
12424 8800
7935 12240
10696 5362
10099 7212
2014 4349
6355 7047
1376 9316
3616 12660
2508 2092
2003 11948
5373 7789
6492 8343
4422 1366
9884 13102
14367 9317
10362 6399
10644 6940
10855 2304
6359 13133
13002 7565
5488 4902
928 240
3811 9289
11121 4751
3250 2154
4682 9232
12356 2247
14791 7662
10233 2926
9034 4493
13843 7768
2353 10679
8942 4247
1595 1190
7141 6567
12432 11669
11671 10112
6499 11339
5883 14422
14600 7119
6663 9862
2101 6780
936 1399
10078 13548
9312 1763
2446 3726
14024 8006
6404 9406
4976 7437
11832 5646
12924 5412
14774 12444
7179 4564
4685 1110
11373 11131
11973 10807
1032 5079
3695 7495
5326 2715
6416 10236
14030 10
6714 8936
7958 3029
4445 5128
10653 4189
11550 2861
5041 7880
9779 5621
10797 8534
6364 8652
10648 8278
924 12405
13662 14201
11939 11412
14014 6053
11855 9528
4285 14990
1240 9147
997 11391
6412 5964
2054 10688
13934 11033
5188 10644
2220 456
1439 553
11131 10139
9067 10143
14627 8787
9080 668
5680 6538
4853 4408
7655 4800
9760 2967
11856 8501
9351 8241
5471 340
225 5602
4142 11995
9801 12472
5560 2838
4739 11250
12357 10740
8116 12270
11454 12825
10259 14451
5398 9229
13214 3437
12803 2772
9150 9440
8606 5671
10765 1093
10416 14561
6370 4737
2433 7377
5255 5484
2320 9371
622 625
7589 4832
2958 12544
2263 9135
10320 13917
2052 13374
931 7458
2117 5130
1408 1734
12752 2122
782 14384
874 6186
661 7806
2855 7260
11475 12373
13997 8843
10179 566
14177 11157
13833 12583
11478 9911
9905 2505
5271 6438
7709 14885
7239 8629
8914 3513
2404 7841
8829 1631
204 11931
9794 8991
12279 2875
3736 8047
4778 4923
2810 8299
11093 13149
10439 13106
9247 698
5558 4088
9657 7955
2722 775
241 8995
7662 965
564 5409
2499 12771
7983 14950
5535 2984
10450 13250
10060 5102
1757 1141
3063 10344
13506 3647
8061 13397
12129 12959
4488 1650
5032 10769
4461 10434
5604 12938
8140 5715
14282 5448
1352 9095
9726 10525
11917 14326
9658 1997
7973 7131
9698 14914
14890 10253
12722 15
13218 2057
1475 3528
9418 8115
9741 12707
13602 10676
10149 9526
8979 5078
13929 3586
3106 11574
1418 7978
7788 7498
7037 12405
14749 4967
2269 5006
3670 13045
3970 9309
11831 11741
3190 1130
11223 1279
6547 1597
5993 11140
10783 8988
1799 8871
4748 2519
12493 939
3421 10378
6707 9704
220 706
14862 12325
10733 8424
5613 558
3511 3472
14681 8122
14504 6454
3742 11920
7184 2716
9256 6548
8792 3793
11949 1629
12211 990
8984 4209
446 8634
2187 4910
13557 13381
11654 8040
6803 8878
7071 8788
4784 7829
10459 9695
3920 13026
2605 3964
5540 11853
12198 1418
8183 5327
8376 1162
8682 7734
14141 13957
9360 3487
14061 4168
6421 9178
11584 8907
7765 11435
8790 1565
6062 3274
5300 1223
9738 6666
10591 4784
7160 14441
5066 2177
12536 4943
9246 256
9132 1269
5602 4882
10086 10765
5081 9099
6857 6011
6071 10688
2573 119
10374 8981
2446 12074
11697 6131
4178 10749
8580 8814
11561 7280
8550 893
9383 3655
3255 5551
9975 9592
7339 12916
12412 14701
12430 2125
13267 11951
7000 8617
6908 8027
7087 3823
11947 12729
3621 3040
2503 3717
4835 9818
12232 7030
653 2342
12623 7828
7672 2676
7175 7422
10535 1966
1414 6401
7730 7204
14993 10680
7320 7429
4640 11526
6942 11209
12038 6401
10415 12604
3499 4667
1490 2963
12231 5577
2394 3799
10117 6247
2457 8170
12808 3917
3298 4482
10570 9946
2174 6398
12258 2601
11308 9547
7885 806
4835 211
11708 11809
14344 8533
11914 9907
8371 12054
13861 5603
11173 14046
2692 12916
403 338
61 14468
3585 6542
13637 2976
7907 8077
1175 14731
9290 10853
14626 4133
9076 12361
936 12134
12343 7180
928 4365
12032 12337
10429 12439
6878 2896
2596 4956
10549 2330
7389 9072
4742 11368
228 6510
256 2210
11784 14039
8212 5529
3718 6755
11973 14779
2527 9288
8294 2819
4589 14555
12960 12829
5461 5113
12336 8529
5221 3685
6363 2305
5165 8426
11128 4265
2566 7905
3009 11014
14212 5596
12959 6791
1243 9897
14453 12942
9122 12308
13265 1570
1273 13398
3250 7104
7796 10113
3931 398
12364 5568
6836 6929
11528 1047
12449 14682
6503 14653
1183 5252
5466 9287
1707 5035
1863 13370
5440 7918
9723 14948
9525 5665
4870 415
5419 3312
4483 8584
13899 7000
1621 1483
12227 7238
2300 13277
4213 11943
7290 11700
14923 10128
7009 7221
14801 3875
13675 492
8854 2464
9630 4143
12935 9069
6377 3077
10512 5758
8000 1172
3537 14707
3350 3243
10106 8736
6368 3299
1576 5011
5194 12289
9979 9061
7302 14610
13751 2989
7387 13018
6682 11557
1499 14560
4330 1871
1798 4238
12579 7612
9492 8176
11543 13838
4566 1419
12723 4983
11284 1851
2249 4581
7910 2101
3651 9420
12344 8667
1499 2127
13259 7161
13961 3816
14999 9759
10948 12279
3809 4021
7825 5495
11691 1923
6627 7237
5020 6666
1443 8589
13169 12958
3635 1944
13245 5993
10363 2464
11264 10953
3259 7758
14026 223
14071 11217
7635 6998
4485 12847
5293 3818
2611 8029
5106 11013
5025 11521
11052 251
10088 14268
3118 11369
2178 5223
3439 9681
5608 12304
10817 13449
6449 1782
391 10385
4306 11669
14501 3486
10232 316
1638 3247
8077 13541
1235 4620
9278 7154
9059 7224
3043 2120
9154 6665
4716 6611
1684 6721
1392 1873
8129 4778
9558 784
11691 13948
6724 13078
3692 11466
13665 9550
3220 8136
6077 6267
2381 13879
3474 9737
10008 5404
5679 9559
9075 4422
10543 9017
611 9156
11410 7101
4545 8765
13872 8276
14998 8626
11284 14883
2344 4111
11587 1355
8777 13785
796 2832
1520 5479
3821 6898
4615 4941
9351 13236
2836 6711
7968 13965
2528 7009
8932 11358
2612 7387
10981 12141
11563 6859
12687 1451
14984 1431
10086 14606
8616 4497
5458 6736
9848 11282
14675 1244
6998 12360
14730 2139
5704 9588
850 13851
12452 10122
14783 6541
6251 2044
7023 8426
390 4903
13836 7202
12151 11184
820 1160
6149 8982
12459 14845
11340 117
3046 12278
8485 4576
100 6698
10268 562
7597 331
10578 13705
3471 158
5407 11723
3767 1736
2097 13209
2111 5896
10964 137
5351 7105
14797 12596
5850 11989
10623 11384
