1500
5150 7122
13090 14298
8540 10132
7044 14712
11617 5842
11600 10471
2732 14932
12288 3049
3636 10546
14295 9088
13777 6170
11425 796
7108 4725
761 12067
6442 7140
10234 5229
1741 1845
10211 14882
4825 1480
5717 12714
13987 3951
2037 4966
8236 4231
3672 4435
1100 806
2464 9904
5963 9466
4127 1315
13204 9821
10412 11817
629 6705
4161 3222
7464 9554
14195 10823
3821 9586
3029 6733
7185 3834
8210 6564
9513 14420
5023 12656
13146 5707
13132 6722
8715 12224
1286 9217
816 5901
2956 1838
11005 5930
3290 10643
5810 10316
8499 13019
1181 3954
2272 14170
10292 3403
12591 1097
1970 9288
1851 3166
8766 10409
14729 4089
1735 12382
5994 5529
6891 871
11635 14199
4281 7439
10985 4266
3773 10691
4925 8213
7450 7419
10666 13237
2668 6201
5713 10493
5239 8990
9560 14975
621 3238
1065 2666
4625 3696
7833 13528
4940 4804
2946 3924
1699 13666
13464 3242
14034 13723
3100 7148
13350 7863
8229 12935
9117 5775
10533 4259
14599 4690
9043 4647
5201 9643
13630 2789
14047 3
7028 5247
6718 11311
6812 8034
14276 9751
9295 1049
3802 12094
1814 10572
1573 252
5987 14096
13230 2451
1108 12282
14160 5497
6623 10761
2177 14185
1011 12841
8400 7271
1486 2879
331 12646
9848 6167
8704 7799
3702 14449
2357 14694
8369 10813
14361 13514
270 1280
5909 14965
12472 121
6358 2902
12380 4076
10222 11564
7880 13736
6259 11426
1939 13404
2477 5455
13364 12144
14592 5583
808 2396
3093 7910
12829 8067
11838 3864
1199 4012
13696 4117
10928 12572
7786 4263
14452 91
7344 3802
5345 3416
10933 8656
3364 11296
13280 4486
6475 1959
12205 8857
3248 7023
12630 1741
4842 10328
7141 12133
12015 4720
3591 14236
5598 9765
6059 14794
5999 11692
7102 12187
7946 7144
3704 6036
6975 969
4808 2308
675 428
1166 2690
676 6793
4 1976
1005 13208
6845 6352
12860 11754
8933 14474
7902 11354
7650 3715
389 3960
5222 9987
1667 10652
9089 7069
3974 695
8387 11590
109 3912
3494 6676
14585 2447
5914 603
12042 6750
4790 14132
4934 11040
13327 4711
8380 4515
13821 6067
3428 1488
10020 13954
2352 5246
9375 11189
4168 3595
2823 1721
11880 8837
11611 1475
7419 1300
1979 13381
1276 8792
13377 3864
14129 3647
6695 3534
7031 5750
6027 5256
3305 1625
8504 4465
12690 1415
2095 13992
5603 5621
2623 9738
8580 4157
12021 1975
8047 10946
9656 1541
1524 13858
8363 974
11593 6797
14178 5214
2582 11441
14101 2610
5086 11780
3172 10098
10207 8353
1375 12921
11586 367
4065 1943
13917 2976
14751 4348
3434 12740
565 2239
1083 12221
1202 956
2951 9644
10607 11061
10355 6648
480 14283
11759 10301
14940 13980
1970 2800
8762 14056
13264 10557
3648 5084
6960 13740
295 7929
3596 4404
14377 1093
725 8664
8544 10379
9130 3602
144 11432
8324 12353
1617 11245
14403 3557
8787 5260
1334 14922
114 7338
11559 487
455 10476
4764 13676
2439 3276
7820 12663
9493 10895
8743 8546
12722 4210
9146 13696
712 3157
8686 14589
14273 1095
3367 14634
12107 6264
6234 9487
8379 1960
5146 1073
11610 423
11729 11966
2976 4992
1515 8087
5541 631
4306 12698
11290 1398
12994 439
7108 5167
8719 4080
1948 6393
1796 13872
230 5785
13810 13877
14248 5098
10023 749
11193 11083
8600 2403
4443 1572
8636 11038
10295 4636
3432 4934
10598 1020
12143 10567
8558 2038
12613 14791
11567 9955
6941 11011
773 2689
11002 3770
2879 10887
9134 14334
1 12999
8949 13779
9845 13603
7727 10507
3168 14031
872 11312
8329 13833
4607 3309
12528 10089
2678 8437
5514 7822
13034 418
13328 4440
8062 6539
12215 1009
7090 7776
13842 858
3601 5497
1002 11887
13602 12791
5953 1682
10029 14931
9543 889
5904 13800
5814 9318
14315 14459
1569 2381
11967 14733
7014 14676
12790 6978
3497 12633
9061 9713
5166 5473
13539 7795
14803 2073
4670 11729
10218 2537
13944 2071
7222 8014
5160 1465
7073 1836
1272 12091
2987 11200
4646 7467
10643 8422
6101 8887
5733 14591
4917 13219
10136 14662
7290 5543
4409 1358
12832 7895
14760 343
1105 2192
5157 13320
204 7055
10678 13732
9872 7519
7475 4457
10842 1234
14197 9717
2624 357
14486 14168
5203 6760
2936 13054
2240 10488
7390 11435
3272 11666
9881 13368
13985 14565
8462 12747
10626 4727
1668 8811
7850 9797
3619 13551
1556 6241
10967 5833
2028 13636
4422 10923
12714 5001
6755 9651
14542 13500
8754 13882
6173 8783
417 13998
4253 7109
7823 5226
5550 4668
13484 1349
9158 3080
4773 8123
10226 9103
6103 6840
13384 793
8101 9531
9114 11237
3811 5672
9103 8678
11956 6476
1711 124
5551 10515
5118 892
5870 14197
692 7874
1217 4596
13065 6754
8109 12505
12002 6613
13488 13851
553 9483
13194 11320
11615 6721
2660 6585
294 1696
12971 12015
6675 678
5410 9763
8443 8354
7397 11962
2919 710
9979 9008
9208 10180
9577 755
14312 7202
4362 4054
11296 13498
10719 2453
520 795
9690 5372
8839 3267
4734 13295
4059 7779
11147 12633
10776 10635
5635 4191
11863 1191
8984 9179
3005 3779
4177 8561
10746 9795
8800 7847
1911 4172
4689 11169
13827 10395
4927 6871
5851 631
2144 3684
12659 11832
3780 1103
3096 14628
7396 11474
6810 2609
769 7511
12045 12872
6573 2464
209 3919
13978 14045
3296 12255
10785 2316
811 13092
7979 12458
1656 13474
7010 4372
9897 1803
10807 1696
1594 14879
14184 12419
3090 6154
8080 109
391 11126
1227 14260
13284 5996
12895 975
3774 7292
14164 5197
3133 14208
3879 773
14689 6082
7491 6488
8540 14652
7157 3296
5634 14480
6894 7556
881 5182
13444 330
9709 6437
4228 10889
6446 10355
11551 1793
9577 9668
10510 4697
9656 2994
8617 14962
565 6099
11759 12647
1195 7739
14462 8589
2957 13330
7618 11396
1501 11669
4878 732
3753 14599
3660 10493
4559 4044
10503 13221
13135 4568
13491 13448
7151 970
10323 12792
11306 9501
6174 4375
6159 11793
2162 5717
5723 8185
239 8029
574 11121
5760 10470
4612 14173
13174 4061
14722 8688
7362 13783
9990 5297
7182 11660
6372 4127
9807 3747
3967 131
5516 2845
6702 11838
1988 11395
9452 12166
1567 918
905 6735
9069 7423
7850 4993
1476 8356
121 4254
8830 9852
2796 8733
5549 6178
6068 6948
10674 4490
7757 8940
7457 13884
3599 5825
2753 3844
12922 10442
4782 9847
5561 5949
263 711
7988 4424
7858 629
11039 2033
3829 240
10149 11302
4655 14383
10473 8661
10603 7376
10152 5058
4253 12644
14875 8965
6791 3415
3646 5575
10874 7256
7513 8743
1262 7330
13865 11388
4860 3240
8231 10661
10401 12613
5670 8505
14498 3984
2342 7899
10595 14313
14440 10554
214 8567
14304 10786
8593 8931
2279 4238
4613 953
6205 3249
823 3330
2690 3671
3697 13056
3363 14075
9628 6776
13751 10563
9238 6880
13590 903
601 8467
3841 8376
13645 11628
9362 6947
5087 10175
11448 4656
13524 12257
12982 9604
5481 5732
3608 4324
6074 5766
10178 1805
9683 11001
10949 13643
5643 3489
11561 11538
9237 889
6923 405
12644 13369
14118 14138
4421 4453
4419 10137
177 290
1282 980
6594 6145
9209 14304
12168 6453
630 9704
4407 12537
2433 11578
826 12984
6487 3595
391 3154
2308 7595
3037 12936
8370 4010
12562 11194
12400 2168
2194 5894
11929 11598
12519 6396
3407 7198
855 10438
12674 8612
12941 11629
4373 4007
14582 5748
6882 14580
12208 1123
4727 13660
9654 3354
8403 12383
14988 4722
2795 9721
4566 11154
11040 9128
9035 11037
7241 13635
11453 7282
6912 7474
13214 2047
2844 7552
4040 4931
304 511
14812 8787
1554 10838
592 11344
2737 2451
7766 4805
13158 10277
9467 10919
7821 9747
3810 3703
513 4934
2088 13067
10927 4593
10950 1799
4187 1224
7752 3918
2009 9646
2188 14797
14207 14326
11559 14173
5393 11760
4955 11048
10352 14609
8044 8497
3041 8111
1433 13490
12438 3303
13830 12068
11581 14494
10426 1325
5754 14190
467 3118
3103 11846
4447 6519
3305 3138
323 3628
9770 4212
13929 12155
10185 1911
14163 4714
8379 11682
4745 12714
8297 10457
1352 14373
10818 9872
2311 8015
14641 6800
3367 14855
7169 5052
2275 5395
10079 14805
7767 3354
10233 6762
7313 12692
7367 9930
2097 9782
493 2620
8083 903
2917 579
8146 4462
7505 304
3630 1525
14793 7190
5935 2483
2706 3718
14726 6335
7645 10510
14570 8003
6351 13663
3155 7404
13129 9949
4100 2313
469 980
5251 1016
9899 8718
6814 10701
2178 13559
5523 3590
13230 4039
12601 9038
4423 5189
2082 3463
1038 311
6384 309
10727 8540
6011 3921
9742 10722
7133 10537
8696 812
10959 10840
5686 211
11992 8294
9654 8641
14073 8223
6800 5398
9052 8283
14994 11725
6531 2881
8901 11130
6128 9025
8049 7373
5022 12899
14437 3331
6368 9113
8208 10354
7031 13255
2026 12268
3697 12937
3522 7718
10412 12088
852 3849
3330 7709
1129 7232
9612 13372
9504 358
7361 9940
13894 5877
1924 14577
14155 9808
10453 2346
8890 5890
1710 9250
4700 3479
7049 9600
1161 13890
14538 1610
6257 4766
6604 10228
8877 4989
3363 9253
12663 757
13767 4291
13574 13601
5963 196
5853 6559
11065 5025
9001 2983
3090 6650
12998 14872
14330 10833
6212 1836
1197 10335
14774 2327
7812 3108
10392 556
1689 5375
5096 7356
6261 11941
10324 13185
4578 6446
3781 3053
7024 14478
5929 6938
13658 7766
9092 8212
5601 14443
5161 1851
12407 8994
8817 7989
7762 7434
2693 9491
1977 13093
14184 1557
11656 12806
2372 14190
7012 6793
13923 2789
8059 14176
8973 7867
3020 10377
14853 14664
14335 1442
14274 4876
2219 9261
6132 14204
5769 682
5495 4393
11117 2277
14766 6427
4417 11220
14835 10298
12278 4493
9610 993
5613 6970
14025 1053
7774 2509
4557 11560
12717 1907
3920 10899
1823 14614
4428 14752
11083 7854
7986 9329
968 7689
8741 2825
10483 6677
10222 10653
3396 7940
11296 6737
4656 3442
1586 426
13389 8892
6855 1775
12794 4125
961 10758
5623 7143
6909 1027
1937 14600
2526 3438
5320 4570
3026 1902
1655 12155
4267 5309
8807 9958
3561 5770
8716 5280
3183 5508
10913 12103
3699 11017
13101 2815
12696 2797
10006 4823
8295 8021
12647 6987
2051 4180
10545 13329
990 8308
5456 6422
14490 5837
3419 11540
13430 11283
7249 9772
2331 11844
12100 8350
5304 3042
3075 8554
1293 14051
9341 9174
14732 6109
4032 4579
1339 2533
5820 6790
13442 13988
514 4357
601 7180
5825 10610
133 187
8523 9952
1541 8687
5569 10578
10301 7934
9361 6756
11510 2699
4754 7377
8325 4933
13296 5531
2703 9840
10606 195
1680 10080
5166 11489
14041 11710
10715 5393
7319 13261
11567 9244
1694 1326
12091 6504
12090 14507
8812 7808
378 4456
6072 415
1561 8597
1581 8286
1809 2294
8747 4095
9483 5173
777 5890
8164 3864
10903 10753
4253 11546
121 13585
11635 10206
6608 10553
4391 1771
3959 2374
589 8094
7590 10515
3122 13335
4677 6139
2114 5874
14185 2884
14661 9864
7646 12022
4879 11858
11425 9147
666 3144
7372 2420
3688 2947
4572 12933
4047 13851
1896 708
5215 10908
5606 11646
11534 13108
1690 7121
3653 4797
12202 7489
9024 8487
8625 727
12018 3134
13568 10833
14523 7165
3699 10425
13150 6650
7572 1808
10119 13013
4654 12133
1071 3305
11505 6050
12783 8513
200 10247
3379 9316
9748 13672
2959 5254
1999 11479
3664 1913
5231 1000
6661 13532
12432 14859
996 14286
7060 131
7158 6974
6077 4921
14032 1052
9916 7000
12569 6018
8016 3325
4040 1186
9517 11814
8494 2064
814 6099
2530 13008
1298 52
4663 2661
12267 3111
3376 9134
10781 479
5391 5154
134 10961
11233 5256
10495 4412
3979 2297
4906 8901
10292 6479
12627 7328
1970 10527
4384 4614
2231 4342
5166 8244
13092 9625
8509 8769
9261 2060
3059 1495
12194 11521
7449 10966
1676 5832
538 12248
8166 6146
6054 1062
4496 6277
8987 14923
14035 1313
7551 4182
7306 13506
11576 1793
13824 10545
3571 3196
6756 10707
9654 1997
9222 12463
9493 14632
14352 14982
3900 8661
10898 10814
5739 8029
9424 8962
10327 11551
6069 14840
706 6766
1528 2852
5749 11024
11788 1910
10616 723
1364 11094
2304 2253
14469 3758
14268 9817
7186 379
14667 1689
12286 4879
4925 8649
6035 958
13841 3682
14895 535
4751 14315
6625 7945
12540 465
8178 8459
5144 3950
3838 7470
7170 9751
10224 11658
13725 2168
6914 14210
7382 9222
12441 3929
3516 3288
4111 4412
10125 11787
14464 13742
8473 5804
13572 12728
2942 7410
2823 10436
3146 12052
9718 1923
6800 9141
1676 13216
7918 11516
13963 7626
8714 359
12806 9089
3837 14809
11916 7638
5273 11278
421 13213
495 10532
8442 14658
2995 5807
2052 14517
855 5255
11668 1961
39 11056
8706 13533
7237 1291
12195 5065
10844 8714
3412 11990
10159 8428
14104 9458
7347 579
3571 3606
1961 702
14933 2715
7466 14198
10136 9662
12361 13135
13707 8716
1522 4154
8914 5025
6129 1542
4131 3729
4174 1060
627 7806
9148 4117
6389 13246
6490 7454
10770 6470
14856 11579
12322 11804
5057 5071
5318 9041
6393 10861
8836 12542
2598 3222
13283 1210
11773 9016
427 9214
10849 5742
11856 1440
13614 11289
2612 1625
8059 1819
11517 3829
9058 12271
6941 12943
2563 7682
14104 8050
12992 12531
8168 14311
9586 2014
2043 4367
10976 851
10643 4568
6860 13795
2776 12940
8315 4307
11756 2676
921 3966
43 9261
10921 12858
5463 11284
14194 4365
2648 5631
6211 4118
1729 4630
3680 4046
4471 12990
5674 6207
14097 9821
12248 4400
12298 457
11245 12070
10395 983
7323 8983
10351 9831
2430 10510
3596 3868
14211 65
2307 13354
10674 7796
3551 7830
5053 1093
8644 12719
8568 1820
5088 4912
1617 14238
6179 2959
15000 453
9909 12722
115 8827
12870 13139
12223 13521
4029 8774
14856 9961
244 8240
8244 10264
5411 379
14594 13903
5058 10195
4753 5636
14435 2856
3649 3615
11308 1999
7664 7345
11612 1006
1422 4718
2594 14205
3204 2645
4667 538
5512 7724
4733 7923
11750 1212
4823 6785
11957 5411
1266 9074
12694 4596
3881 3416
108 2386
13045 9117
14514 2477
8729 10300
8460 7241
5370 3336
14597 14983
1458 2088
14131 8437
5714 7447
4533 3355
3837 8396
7177 4284
8815 11456
14351 309
2489 11348
4051 13124
1907 2521
227 6659
4331 13212
7567 6114
2274 1189
5819 14373
9108 14818
11273 2493
11818 5913
11303 14506
7922 10471
6411 6546
3694 4816
4249 4214
6950 7422
13421 5709
11615 4651
2721 6515
6419 12505
11178 6744
1911 7492
6989 13845
1529 10461
8384 1442
5185 11999
13393 11364
10426 2648
7714 6615
12188 522
5613 2586
3109 12331
9019 9510
11799 8558
11811 7518
12542 14279
11657 186
9085 3793
4305 11814
6741 11926
12392 1216
8199 11422
6135 14709
1896 9088
7430 9092
12398 5158
8709 2093
5381 7572
6420 12560
7307 13471
7370 3028
2122 9766
8438 14583
12326 10109
1064 2272
8274 4818
7890 12923
4068 7514
5432 13523
4378 11170
12779 13659
11979 7800
11089 11085
6188 2617
2160 10470
2811 13359
5080 10353
1655 2196
7714 7654
11059 3652
3898 4863
10578 3625
2464 14219
8356 785
3118 3129
11021 6920
6209 3638
8116 10139
2715 2321
7772 14236
8422 5845
9414 12489
13819 12254
1613 9828
12234 5796
8521 2114
9361 4462
3480 1290
14318 2350
13077 4395
8851 4699
68 2894
12166 6335
11585 6354
13096 1274
5248 13679
953 12080
7757 5263
5789 14923
10842 8924
1661 172
6095 1619
2910 6648
11355 2351
14390 6894
6259 3426
2626 10626
12012 14033
14587 7672
5298 14926
755 14896
9953 8578
12829 3553
8926 3137
9831 10834
7548 9366
3776 5683
2633 3844
7062 9026
8702 3765
13015 7914
14635 2506
10913 14007
13030 8761
8501 14597
9817 4223
9947 5968
13995 1419
1379 13943
7283 1494
12939 4571
957 126
1628 5568
10671 6394
6305 6482
12613 1415
880 12393
5677 1215
7413 2962
12353 4155
858 406
11199 3022
9010 951
6506 8076
1874 8273
154 627
1219 4399
14044 4011
3341 8151
5006 12862
2456 7882
4745 14896
6957 1819
13214 7233
8504 11248
10059 8230
7808 9896
6561 174
4431 11018
14657 8611
14277 2159
488 9464
14385 10937
7834 7802
8479 824
9326 9758
13053 12870
354 3005
14394 12497
9866 12294
2677 3963
1411 915
3501 11380
13101 10835
44 13742
3617 1139
8308 6827
2722 7155
7063 880
2019 3871
970 2409
419 10285
4592 8499
4771 11295
14073 465
7755 5980
14010 8847
6713 8062
14307 6024
8731 12252
3506 4132
8751 8339
1917 10626
1848 4517
9622 8899
1462 439
8850 13746
9368 5367
8652 10727
11175 11568
10276 14412
13704 13600
13411 4923
10044 3323
14042 12630
14857 664
9923 9721
6165 13225
12612 12029
9971 4515
8725 1732
5719 2538
11311 7922
10087 13423
12445 12719
6672 7689
8772 12319
7267 8499
3974 4119
11507 13280
3596 11593
10285 1844
4888 3468
6117 4160
14864 757
11545 5647
4482 12053
8530 3749
13416 5269
11485 5869
14335 12912
3366 9691
12087 3937
8369 235
2190 13541
13705 5702
12500 11899
9943 5065
10569 13814
8981 8149
12728 4436
9800 3810
11190 2393
522 7503
6664 3884
2332 13103
1696 14074
7488 14141
8990 13386
12439 4360
14406 9239
14373 2044
14471 12974
1468 14160
5450 11237
6958 11280
10702 3079
3269 13164
11932 8749
6098 1708
621 12746
10094 6280
11377 11660
12627 12718
6864 8100
7762 2278
9394 6273
14793 12148
2694 2080
8964 774
6904 13913
8866 12703
6884 9838
1593 9979
5130 800
14791 12143
