2000
7700 263
11509 2169
8900 14933
13909 13732
5119 14877
8368 9911
14121 36
7110 1017
9944 1537
920 7362
4266 7856
5539 14789
12326 3488
11226 6284
3752 6739
3935 1412
3828 1507
2110 6923
2557 737
2242 6260
4180 2185
13731 9835
13149 12292
655 8903
11055 8339
4657 5154
763 4894
5043 1946
13234 4619
5069 8255
12687 3665
6219 12944
9067 10744
6546 367
4623 14883
7073 3890
5613 13355
13445 14787
2212 4887
2980 4338
7136 14220
9748 4089
8247 14399
12720 3863
13625 7861
3607 6696
13617 4932
8774 2998
5314 2028
1721 9177
6986 4546
9866 10605
10721 14085
7538 3008
11595 945
10659 2478
10982 6141
11409 729
9290 2025
1168 7762
3762 13846
3308 12363
9471 191
10079 11995
5275 2649
7395 2726
14235 10007
3890 10324
5652 14098
4444 14279
13207 5055
749 6193
8991 2939
5227 3655
2537 781
2918 12391
2217 5825
10752 14723
12385 11684
761 4952
6651 14578
1058 133
667 8525
1587 9654
14346 11553
12186 8700
3557 14694
4661 386
14953 2406
2689 4182
8322 8073
7170 4821
14879 4309
605 4336
2971 3219
4631 5118
13626 6217
14022 14892
14617 13350
9051 2648
14376 7055
9680 11555
8281 523
12390 1334
1993 1308
13577 1051
4302 5567
14026 4397
4309 6674
13532 6967
2845 5145
13824 2593
970 9123
8165 10553
4443 5301
1672 9011
4718 984
4060 5404
6426 2704
13452 10960
12232 14762
1534 13789
3932 766
9010 13904
10502 2839
3492 5500
3135 7523
8260 5343
9968 4110
5572 5649
8809 11819
13017 3722
1136 4622
10735 9280
7361 841
1296 10217
12694 1869
14950 13493
2418 12964
9799 9832
10903 4358
276 1234
9714 1577
3675 13993
4168 12258
14186 8873
5199 7151
3334 14309
14140 7807
11281 12977
13280 8604
5141 6159
8604 7288
3886 999
10701 9810
2320 10342
9342 12397
4618 7192
13828 5295
3184 11289
8180 3127
7291 11559
714 14593
6959 1697
8325 10195
2076 12081
311 8490
14051 3658
9836 3452
1605 7421
14151 652
5635 9893
12002 13208
11729 10294
4935 12897
4751 1529
4957 11740
408 3781
10041 4573
3279 1189
12841 4047
13996 6950
2552 6613
11009 13322
5933 13328
4921 7849
11875 5203
2195 3603
8963 2366
2585 1066
7569 247
9860 291
7297 3924
2523 3079
2336 807
2973 1563
8746 2179
6221 9190
8440 14565
12871 8699
6743 6270
12254 8216
6310 7959
10449 4610
10474 12592
11814 1085
2922 10618
412 10070
10811 9617
7848 9585
10946 12304
3389 3563
3714 10188
9608 8874
5125 7003
8055 1103
926 14276
1854 7660
5231 1012
11298 2371
7002 12119
2726 10304
13563 4403
4471 8374
3215 2709
4710 7003
4469 13311
2153 2922
14458 3451
10289 3786
4214 391
6719 11704
8551 10539
9744 2711
5173 1887
4064 10404
6489 3268
3973 3467
2904 1038
4074 4245
4942 13048
5950 1889
13635 1289
880 235
11114 5486
9745 3688
13816 13844
11515 6593
8051 4402
2457 9549
8692 1290
2751 5084
5702 10946
8157 3416
6221 14507
10821 1064
14588 7907
14697 14642
10250 8831
5643 972
13278 1858
6935 6806
2136 2913
2325 9022
10306 12816
10384 13394
13927 9239
6607 10661
4867 5106
12366 14444
9839 9604
13874 3021
6233 7109
12484 14804
2207 4043
7151 1131
10358 7516
6592 10519
4541 13944
2108 5268
11867 2531
8382 11084
11841 10374
11541 4484
14566 13063
9809 10432
14501 11295
288 10774
11098 13218
42 2067
1567 6042
8588 252
7877 12514
5227 7093
2266 6269
3351 3868
10176 7234
7828 8065
14171 4256
10748 13349
12858 1640
8223 13901
14064 4298
14191 8287
9919 1912
6754 6260
12865 14455
9994 10810
6932 2151
2619 14255
11295 50
5868 9693
8764 13337
9092 5243
8135 4785
7605 464
6208 4204
1228 9764
13876 10885
1153 11299
13048 5941
12514 10483
10535 2151
14775 14478
12724 13963
8949 601
12840 10971
2868 9440
10491 3029
13613 1966
12164 11083
10806 315
8940 11148
5748 8128
14615 14523
11223 9299
2220 10226
7948 1122
8720 9088
12334 3690
10876 10276
11344 2474
3089 13242
1505 2865
7731 7220
6461 1758
2445 1386
1373 14691
3033 4699
1030 2308
13451 8077
2924 7622
861 2907
4537 11829
8202 8569
6192 1396
12329 2657
5262 8372
4550 14599
6149 2747
8157 6696
1291 14624
11875 2904
9628 13445
4220 14673
8265 7604
13813 7170
599 7764
6687 8573
1601 9119
431 12232
1971 6299
6719 5044
9068 10962
8098 3353
6389 9237
6508 6094
6898 7570
3671 12592
6 10494
10621 11804
14958 11885
11152 1463
12479 12963
5383 6283
14994 7653
13900 978
14089 10741
11480 220
14964 4704
12498 4823
6476 12470
11724 11630
191 13988
12612 8229
10126 6141
8848 8781
7331 513
14388 10416
2362 2775
13731 9478
11749 3204
14381 1134
9576 14898
12290 10494
2362 9481
4836 8878
5084 8801
7163 11473
8022 239
9215 9974
8655 7590
8577 455
12383 13196
9764 1230
13307 3
14648 4990
3201 10317
114 884
8415 6419
13298 1762
2401 824
13490 12175
14801 7530
479 6281
12867 11559
6676 11864
14283 4827
2476 2103
7907 14482
8407 8097
2345 1515
14715 12120
10031 6559
4273 9879
16 10768
745 4304
3191 5716
14534 6554
11647 11976
8772 5282
13916 3379
4956 11377
12338 7758
13932 8038
3611 10001
13428 13110
10240 11160
751 6630
5487 5263
9092 11248
6377 7834
9304 4291
5052 1877
8737 13827
5709 13583
14895 9486
5949 6176
12814 10971
6405 1262
965 5966
6290 4138
11556 13028
14337 1000
13600 3202
12258 867
11646 5836
1898 3146
7852 8109
5333 6670
7974 13100
10436 12532
13819 7050
8991 8713
5394 4626
508 14683
14382 4218
7223 11433
7698 13778
2238 4638
9074 12113
12836 14942
13824 7230
10278 8370
2722 1554
10287 13653
600 3033
11639 14288
12306 13859
3846 12242
3319 13559
469 7858
10451 13669
12421 13413
5304 2893
14901 8532
11702 4699
6611 12746
11240 1259
6949 13926
13948 2230
10082 7418
4053 3514
578 7341
2197 2662
1757 3695
8780 10288
12529 6910
6347 9633
2023 9527
10660 13851
9877 10124
4657 11885
8687 5836
7274 3814
5006 5808
9172 7842
1696 12866
9688 12629
14105 10860
5156 6786
14208 7793
11734 2563
6629 1734
5557 7260
4432 14619
550 9922
7065 10256
12949 9688
5915 6212
2168 8595
8515 11506
3005 13101
7301 354
7711 781
8113 414
12312 5517
5145 3571
821 8977
3012 7169
8732 2884
11141 5701
8444 6573
2157 6717
4081 7890
12160 8594
4414 13617
7120 14785
834 3662
9689 3181
797 13971
4980 7113
538 9366
979 8857
9717 14910
10067 2460
84 9022
4312 12680
9022 11605
768 197
9215 3619
6556 9259
12110 14533
10341 9153
6906 6590
5147 9752
10497 9723
4461 12541
10582 4380
4653 14704
9803 6282
14494 3359
7180 11475
12796 14178
12317 5189
14738 7942
7715 8774
5216 11093
1408 12700
243 2020
14046 8639
6306 3053
6811 11517
12724 10223
2216 1649
12550 8856
4148 946
3475 12906
3266 13743
9670 3302
166 3395
9635 14946
5159 13212
5421 7852
13887 9275
7585 985
5542 13861
12189 2529
5092 10483
4809 13294
12744 8530
2137 13852
10231 3173
35 4340
14370 13249
2951 1191
6437 7169
7125 10692
1520 14626
4054 6533
1232 6906
11966 5638
9677 9092
4516 13242
14482 8942
9622 11617
8627 10636
6467 9944
2212 1872
14075 13880
9257 4383
5114 13802
1743 8210
2136 5605
13596 6583
7740 11443
2689 12705
5792 7894
6758 6210
4589 3323
3601 881
10962 2649
4671 9076
9455 2299
10332 5850
10498 3963
4625 5592
9213 4594
14219 6278
4784 11246
9534 1092
13092 12407
9715 519
1410 4030
7488 12477
471 5377
6477 8435
776 2379
10142 8826
4242 2763
399 9518
10772 906
8716 840
23 11493
6143 5885
535 9839
6759 14615
4252 12279
12799 12752
9453 12246
1420 13179
7415 1062
6318 9564
12475 13842
11872 3299
2126 12314
5457 1821
5700 8882
1843 11426
9706 3310
10657 146
14860 2779
326 3282
12307 14435
1906 14055
7882 11286
3545 11627
3771 4034
8692 13957
5094 9906
8744 11739
3356 11483
9711 2086
518 14922
9335 3
6172 8083
12546 9246
10996 8552
3509 14201
12578 1861
12214 3804
8558 5374
7255 14285
12704 4566
5967 2815
14944 8173
5507 2559
8832 8373
13262 7181
4008 10326
259 6357
1338 6606
5408 1534
368 11887
11481 1495
1638 13710
1884 9257
4138 9083
496 13814
8450 12929
1703 11730
1979 1567
215 13486
10603 7968
13028 4309
12784 1497
14552 8568
3758 12856
1862 11968
2116 11636
13850 10675
8722 8643
5758 6450
12399 5294
1748 14519
5556 5781
605 9655
321 2736
640 11809
2172 2498
3764 6917
4808 12878
4353 9164
13537 4475
6 13624
2079 1026
12759 14991
588 3337
5769 4606
14557 3253
9614 10302
76 7000
14909 1702
12252 14344
1239 8579
12773 3813
12806 5801
4594 6316
1432 12542
1783 12124
5619 2694
1048 12519
9540 5528
14776 8530
7036 9315
8172 11731
2202 9506
2414 2922
12620 13971
13801 14158
3145 5800
8099 14897
1192 580
14425 5181
8461 7859
3716 7196
13663 12703
10153 13263
1768 4448
2633 111
8248 820
9619 1818
14826 3261
8677 9537
5722 3940
12179 626
3059 12331
10611 8587
5279 2828
4321 5925
8918 8535
4001 4478
3037 3332
9410 3503
7845 10301
13985 1397
519 14899
11508 14144
14833 11351
13752 7501
3984 1133
4851 913
9455 736
10266 10788
4040 2118
12048 3615
5773 5452
6144 14821
639 6829
14656 9950
1519 6907
3403 14947
12824 4356
6937 12432
7273 2095
13352 5270
12993 5135
1736 9527
8192 4522
9776 410
1852 13976
8550 2448
7084 3492
2604 10830
14274 13131
1395 10797
7436 6677
8659 9049
10894 6211
10551 2902
1133 4912
11913 9164
13470 13245
10807 1687
4835 9012
13267 13311
12096 640
12379 2561
9468 11312
4109 5151
6413 10495
7583 11080
9365 11790
7627 12915
3532 11583
13107 14451
5188 9638
3072 11634
2242 6521
4453 9053
6275 13458
11976 10223
7449 12652
2262 11799
189 5076
12921 4327
5342 12396
8311 14913
9732 10263
14657 6687
13888 2323
12737 14039
9831 14288
10343 12501
13423 2761
4715 8998
2340 9118
549 7449
10262 2760
9421 9132
4253 1495
9783 7754
5119 1184
14943 11896
14664 6919
5067 13670
3372 2742
10280 8880
3468 403
5704 721
5885 14189
5336 5879
7116 14086
13610 5523
701 7008
6184 11462
2007 1817
13587 10471
4391 6951
3569 12920
12148 3234
12745 3050
10633 3106
4840 4801
2414 9910
2903 1801
13120 6097
11340 6652
5077 14150
3381 3534
14388 965
805 10025
4026 12576
6884 13246
12567 8160
4387 1692
13193 10063
7564 10455
3952 2542
3033 4599
13125 1006
8755 887
9766 4565
3567 11457
6641 9096
13813 12057
5089 7892
10387 12097
466 6478
6590 8366
5699 3361
1707 13214
11504 6746
2163 11435
14988 8615
9225 9275
1921 14747
11808 2645
3102 13194
2630 6417
12871 2159
11864 4744
13882 12376
13519 13649
13020 806
2354 12014
14085 14791
13773 2042
5680 7880
11734 2460
6237 14814
2682 3358
10759 10896
9635 6881
2120 8515
6675 7209
9343 4294
2208 14058
933 3148
2296 8590
12903 10532
9979 9879
2148 12952
14344 2007
9688 9211
13906 4234
5169 5931
3024 12277
3837 2426
12682 10452
11470 2288
13825 2613
2931 5211
13641 6328
1350 11263
6148 12860
14708 14683
13917 14110
4909 8483
11407 5313
13641 7621
4567 4280
5431 148
10511 7739
4515 5266
781 2179
9323 10291
5908 14468
409 12795
6576 8088
6728 515
11384 11952
11457 5638
13025 3775
7854 2116
7158 3493
11431 12909
11846 3878
9475 7660
7952 8170
6193 1140
5005 11624
11954 5373
8146 3566
1368 5737
2812 9573
4861 11562
2567 2139
11662 13292
5565 10048
14432 10495
1185 267
13840 4165
5034 7261
4093 2992
11918 8288
1433 12969
376 14284
12926 8018
14458 10113
10888 13450
4711 8044
2759 7295
10272 4179
12344 13986
14697 13572
1304 12679
14939 11456
7492 4669
12401 5945
13531 1263
6414 11265
11031 2899
9749 12732
1824 5105
12988 11760
6389 1399
4127 801
4573 10540
9993 12308
13644 13051
8331 9744
2947 6848
11619 1868
2959 13682
8769 12648
2918 7010
4256 5139
10763 14378
227 10026
10193 4405
9642 9082
14153 6447
8556 10769
7140 13947
280 4586
12844 2779
12997 5236
460 5069
12677 810
9298 12826
7250 2854
575 5251
3616 14973
476 5322
9002 235
9117 3568
13686 3250
3341 11542
3857 12625
10120 8837
11220 13274
5423 11159
995 9910
13571 8424
1820 5509
12115 11624
12346 13550
13962 1921
12261 7449
2994 6717
2347 1233
8079 14082
7639 2840
374 5446
10999 9090
4777 13897
8264 7221
4747 7508
12916 13408
11302 8002
13894 1074
7442 13499
5579 1531
2146 9164
7692 5795
8797 437
5799 1753
4747 1167
2815 1132
796 9584
14326 13662
174 793
5165 11816
5074 5008
7803 13432
12321 8067
4558 3538
10019 2249
8158 9019
12899 10076
1892 13054
14941 9672
12631 9019
3208 981
8359 1311
6413 14612
9441 4907
3795 11121
4683 11780
5374 9426
14406 2207
316 4290
10579 8078
198 10456
5819 13218
12816 3453
9477 5483
10889 12905
12375 6042
14437 5177
4667 8664
4484 2007
13293 2479
11129 11013
10244 9247
11452 5505
6594 9595
7235 13279
5316 2057
5359 14624
4077 10629
8481 11407
1940 5664
2554 13869
14156 8264
12896 9056
10822 13538
9853 10735
7755 13531
5310 8107
3889 2756
9277 9647
4204 10754
1887 5492
8337 3492
11150 6468
11684 8166
547 6611
303 7948
7781 12995
2256 14156
10630 3672
10378 14528
683 3119
741 4475
14543 629
12451 8018
12300 12300
3699 10049
8047 7091
13915 12518
9020 2513
13004 13167
2459 919
11039 4751
13736 4668
4635 834
3441 4561
13078 1158
5333 10698
9526 10059
12685 5369
12954 913
3096 3702
11679 11095
10267 12329
453 1986
11301 10035
3734 4103
12706 9490
12563 7130
12749 2581
898 6348
3625 10339
9858 14318
7908 11600
2798 12377
10988 1703
2336 84
9942 5402
1240 9051
2613 321
591 13912
3036 2550
1511 564
5266 6053
14714 13861
6218 4571
6869 12271
8770 6945
7592 6946
6696 1146
11961 6519
3933 2764
8476 10676
5499 12834
14779 11091
12448 5461
8151 7059
3721 9696
2015 8309
10659 5115
1459 8523
9831 13474
2694 11733
9013 10764
9974 7052
2357 7418
804 7872
5727 1917
10913 779
2838 14894
7710 3994
9515 8254
10732 4449
13832 11650
12884 5793
10542 12130
10099 2366
11158 4666
14807 12577
12917 11758
298 13069
3152 9867
4211 12064
5412 11471
12412 6934
14118 6993
10962 13257
471 7874
8267 5552
6140 14429
7062 8964
8983 1065
7888 9580
7503 10564
4412 13375
14702 232
6399 12193
2865 10528
3881 2934
8643 674
966 493
4864 11412
5520 13299
10524 13301
12053 10038
135 14884
10812 5405
13255 7377
1531 11061
1450 3271
5396 7159
11604 14436
2706 2297
9230 14328
13111 1125
12757 7970
5935 3204
11393 9810
10932 1631
235 4608
3505 7241
3040 10862
12025 1563
11687 13635
12967 4628
13028 6294
9329 9785
3635 1826
14711 7009
11555 1364
5049 11032
12653 14424
5581 6712
10829 9872
4012 1186
7120 10979
10599 1822
9906 6409
8194 3613
14633 13575
731 12709
3954 3742
12952 7693
4545 2062
11352 8409
5306 2397
3186 8837
8882 12557
13147 152
12132 3752
10226 5833
2563 5685
5326 9060
6428 14851
21 8009
14902 9441
3888 13081
10166 4798
6603 1956
180 13245
2177 2826
5748 1326
11294 3455
2954 11844
6029 5316
10306 4762
7391 12980
7769 1961
13186 6713
4477 3761
1032 13418
9121 8349
5453 14162
10053 8882
2563 12608
8577 14091
2360 6932
3104 7503
7830 6255
9528 1154
14028 93
10412 11758
1229 4761
12588 1046
7023 13341
9564 13956
9504 2820
11238 4697
3629 12587
3992 699
7222 5866
9322 10755
315 7453
14913 2665
1050 12691
8500 5180
12468 9854
8612 6951
10551 7277
9458 12921
10705 10662
6310 6501
2691 1721
7583 6421
13752 4615
8814 100
10344 1515
6129 6518
2424 11265
2401 4195
5308 10616
12098 1384
13083 2133
10514 1162
10098 5277
2668 4801
9854 11379
7089 11457
12728 14532
6426 8736
2293 14241
664 9921
11297 4220
3647 13439
3033 10563
14268 7686
234 3964
211 858
2919 7153
11490 12177
14378 5335
6445 4755
11029 4765
12819 5942
3986 5365
11264 3125
7703 5157
6575 2321
2628 12630
5042 7959
6518 13760
11451 14022
11985 14173
7078 13972
13756 206
987 5434
2979 1054
14865 1452
7506 13997
2743 14799
7382 12024
5679 3345
4520 8790
11698 3953
12511 355
9483 12120
14541 1072
13070 5190
14960 5086
10630 14948
8623 14241
10391 9557
6577 7153
1300 5526
12384 1774
14454 6344
6684 13262
8743 7281
1027 11442
7365 1442
12225 7953
6929 4719
8405 2409
12175 8698
5658 1409
13513 2170
8722 13936
12692 10275
11124 14334
14171 5317
6667 4331
2118 3101
14301 2643
4669 837
5291 11829
7076 1937
398 12058
6799 6872
952 1266
3651 11984
11798 10306
11722 2578
155 11821
8815 13670
12714 8696
5445 14637
12720 5620
9219 10148
590 8702
167 2418
12667 1756
13046 2761
4419 10022
6170 10305
96 13379
2560 8863
10267 6812
2546 8343
3903 104
12839 7635
14237 14000
2840 11399
10409 763
13606 2485
10076 10992
1205 780
12207 10588
4959 298
4868 5985
3179 12985
9950 3444
14176 7873
7534 7181
3246 4074
3056 1744
5242 10916
12865 7943
5231 9413
9114 14710
112 5637
3127 2513
10533 3880
2764 3115
14617 4960
11198 823
14960 1205
1195 7802
14377 2944
11480 1631
5715 5644
2407 7566
2445 13822
2972 1404
3700 10149
4927 14679
1656 12259
9580 13915
5387 12279
12158 8542
11814 11706
1151 12106
3499 450
8227 721
290 578
5002 2737
2115 9885
2601 7684
14202 6075
5908 7430
4017 13980
7668 4755
3131 9488
14141 3476
4796 13220
12838 7418
2470 1306
4350 9149
12357 4854
12363 5110
8317 12655
9615 923
9221 14291
13448 1467
7358 13269
14525 8441
6294 9361
12403 6723
3997 14500
3654 7318
4571 3686
9304 13258
12999 9648
2424 6583
3583 11253
7052 5603
13347 5536
13946 4885
10231 3830
14438 840
13007 11970
3639 14374
10102 1124
7305 4574
9355 1993
2397 13857
9029 14843
7774 167
13996 512
11059 7469
10342 5191
825 14336
5408 10747
1810 13599
6331 8777
9384 9199
11239 4013
9862 11850
5402 143
11103 7853
576 3107
3600 1082
9401 2922
10808 9584
7513 13674
12668 12996
13919 8957
2335 8224
4681 8557
9085 8106
7339 1999
2960 661
7376 4405
4587 4245
9560 3195
3587 7512
9981 10143
12021 9237
2630 1629
12224 450
2011 13686
7413 11292
1105 1333
10956 6938
1549 10142
5084 10093
4650 3128
9453 5417
1552 13215
14396 1962
4015 14525
7994 10837
12186 725
6174 14411
3180 8908
12766 5749
15 10528
6548 2245
1114 4210
1451 9330
5201 7156
10847 11795
3689 6618
12099 1198
8905 6000
3126 13100
14229 8789
12175 4721
11823 12951
8018 8588
8766 9704
3283 6841
11642 1465
13800 230
14752 3575
10744 14640
9701 6283
1669 13306
11304 8535
14679 7213
6622 2788
12166 11790
10905 13952
4359 3610
2856 12061
6996 11143
976 6210
12217 5725
6404 5907
4579 7161
4794 5760
14163 14054
10640 13273
7655 3328
12976 2892
9356 7868
5222 5543
3536 10041
1184 3340
2744 1304
9678 9205
10204 1568
12663 1197
9309 3783
3027 800
14096 11363
153 14557
10769 4115
2973 13719
8712 12322
9975 11474
6519 3938
14785 4124
1953 1440
6818 11550
13857 7452
13830 9007
14235 12543
8967 10394
10814 2768
7973 1661
725 9871
11173 6329
13935 3036
13572 2247
14891 1958
9221 3269
117 3991
7026 3392
5996 33
1161 11099
878 4348
9185 1180
293 7389
4946 14915
3759 6844
13356 12958
9181 13356
9604 9021
1263 11974
116 11462
2740 6453
5770 4542
512 13543
12551 12024
1963 1479
11821 3741
9520 12730
1414 13405
8113 7695
11435 3067
2749 9352
3214 6710
8398 11417
334 1338
6430 894
3030 9821
12054 802
11831 1111
2400 3051
6027 10235
3803 5586
6770 171
13758 553
14150 2265
6736 2701
6086 13540
7257 10607
12243 9798
2070 6175
14964 9744
7231 5204
12910 9487
13572 10948
13664 10235
6669 7818
14999 2491
3747 5120
13325 10075
7989 13187
11418 1059
5872 9191
9440 897
14006 7506
11298 8466
3565 6494
8206 11571
14290 2841
486 13566
5930 9610
13022 6598
4469 8562
12627 13314
11972 6464
7709 7227
5146 1208
1102 3522
6400 3495
10270 13003
314 761
1686 9852
10766 9176
5569 11945
10884 2117
3707 5365
1733 14927
11359 9597
5544 4166
6771 9107
390 13643
731 2540
5562 10093
12799 8001
1758 9382
5362 12832
640 13527
4362 9450
12141 8653
7486 10101
1271 7548
9258 13383
3360 8385
11474 6788
12781 11313
2981 5923
11174 7576
756 4092
9434 12529
3467 7631
11465 11775
8961 8388
10247 11754
10863 4545
4182 9057
13908 8906
13519 8273
12204 8003
12791 14765
5572 11930
5445 263
6640 1470
3792 5102
4740 8634
8159 6664
6701 11413
871 10427
4142 5312
6608 14964
10758 11875
14570 9939
961 12562
1004 12147
1732 658
13126 3035
10561 8194
7530 5507
3948 10436
14394 8618
11078 10427
12887 9448
6382 12783
8258 9142
14810 7721
13460 8375
2568 14123
13387 838
4167 10387
14559 5169
2154 1691
1335 2860
2958 141
11275 7692
1651 10709
12274 10448
2559 83
8353 3934
4209 14274
1230 9083
6768 2432
3825 4402
7093 6631
5876 13437
1970 3934
5445 1039
13643 7758
4120 1625
3227 5122
175 7975
254 13664
8965 10588
2734 2352
8714 2252
5573 5836
1001 7346
1901 14929
4857 1145
3701 12711
3184 1298
12826 11934
12703 14710
7295 3317
9872 9310
1360 10919
8298 9870
6833 4721
13673 1469
3492 6561
8016 12797
3346 8565
8270 13360
10989 14021
3064 14174
1092 10923
13729 8910
10694 4180
964 7147
11534 6010
14983 10008
10544 13622
186 14480
14993 790
2756 7005
2297 11572
4024 9835
10670 14897
3382 6900
4692 2720
13066 5601
10850 5412
11890 4587
6974 289
6183 7045
8757 1631
2067 14321
10102 12095
2458 10537
3148 584
14651 984
7974 3419
4805 12686
13540 306
10155 1365
2973 2593
8061 7621
12871 5359
1184 10229
7216 10802
8501 3235
531 2296
5733 13883
12319 505
6347 8397
6214 483
13313 989
2791 6402
3684 7065
1137 2237
4472 5488
9069 9503
8778 14319
7721 14135
14903 4223
13544 11840
10986 47
12477 4343
5465 9831
8310 3985
12930 4392
1268 5416
6952 676
13324 8512
7903 8667
4533 13780
4379 2958
13295 9676
1533 13712
3013 3093
13723 283
6610 2137
14812 4372
3093 12984
8884 12121
12632 14899
2242 1720
12129 6551
232 5103
13029 12506
9595 9288
8167 453
13630 530
13645 3734
1853 29
10883 5312
10681 10329
11893 1715
5828 1671
3919 7828
1111 3311
10996 887
13819 9980
896 6857
5084 5551
3793 6577
453 7401
2274 14906
11005 8483
5928 13964
12896 9633
2336 3178
14274 4177
5254 10083
6461 3639
8597 12004
14677 3012
7183 6297
1044 3295
8009 7606
14675 6442
3000 8590
2209 13449
7143 5069
4822 1895
11720 7227
3041 13472
10901 8271
4942 2027
8311 4679
14537 1504
10671 14067
9136 2087
4296 8199
11064 6043
3756 1343
3298 9418
8523 9822
8129 1029
3865 6251
14689 1349
9717 8748
8597 9365
10041 6247
12595 13233
11643 8055
11506 9398
164 11232
12699 10851
11415 4842
14734 2267
8980 4837
8738 8804
4167 2347
6261 2607
6043 3319
9449 11059
8085 4795
13961 1380
14513 1642
10837 5036
11488 12404
13079 1154
14263 4971
9408 12087
12164 13632
33 4342
5478 1719
8819 13959
5843 1657
9265 3121
