2500
3981 8463
1683 2288
10328 10037
10901 616
11909 9283
676 12085
12464 4394
4752 12086
7967 1023
12024 2241
10231 6865
11541 13234
8903 1521
5820 5059
9617 9603
3847 13391
14366 10891
14560 2744
2793 726
2888 4577
11507 6166
7613 11966
2769 10983
952 13962
2868 7949
13931 9049
6366 3318
4127 13869
689 8115
10379 4669
1337 12975
9721 6445
10266 7876
5509 10791
13152 10570
252 8069
9475 5267
6317 6069
12752 2011
8963 8796
7188 3921
14889 8653
12494 9802
8257 3875
6935 518
2930 12088
4051 5946
978 12838
13661 8016
2589 12084
5589 13935
1669 8426
3717 9608
11165 14979
5791 2077
14750 12962
4190 11237
9845 5976
3291 5666
11356 10817
8164 6447
1340 3432
11267 13995
6474 14492
14264 13646
580 4190
5890 912
12136 11495
10806 10861
11339 3826
1032 12928
2472 11668
8750 7840
12098 4494
1199 14848
3431 5889
43 6872
4871 7790
2698 6982
729 14726
8815 10747
9531 11794
6913 14542
1444 3484
5387 2769
211 10986
8594 7112
7687 10778
5938 8038
6993 6248
6921 7482
9940 4376
2833 11056
4408 5836
8788 3709
10663 11995
248 2714
11968 10104
14219 1547
3229 3781
14573 14207
589 3585
9222 12996
2929 30
11758 9665
99 8136
1234 8760
4196 11830
11774 590
4719 8634
7987 362
4571 5878
9381 12738
5562 12734
8235 5714
5444 2887
2914 11649
10630 14157
13933 13342
11641 444
10440 12961
5530 11485
9638 7448
2587 3005
7610 8727
7995 9058
7840 749
9471 6560
7673 6630
7856 745
8908 5323
14200 9328
5328 6378
13375 8121
8390 4983
5714 10871
12464 12107
8105 3061
61 8774
3752 4580
4507 10406
6310 2084
5435 11599
1021 5257
12979 6445
1544 2585
7650 6910
11993 12605
7558 12638
9029 12510
9572 13248
385 14188
10091 805
4977 6804
973 13928
11911 11143
13556 13584
420 2354
12361 13378
897 8294
3805 1477
8001 9632
6048 5827
7928 7648
11852 5153
12322 3136
4204 11070
3405 1779
1162 3648
14990 14079
8798 13142
7860 14556
7326 12511
12971 11954
2694 7196
2915 6968
11141 9235
12248 226
7871 590
2606 7507
5567 10764
2642 14603
14514 3294
12497 11829
12843 5431
6583 10430
13375 11781
12101 7673
6455 12085
5042 9661
6869 8171
6785 10173
12439 5850
9029 7606
841 333
14687 7481
3700 1859
5214 13954
8887 6206
11974 10839
13691 5664
2854 11572
1224 3183
8205 1517
8508 11682
11630 5962
14061 788
13605 5969
9788 5826
1064 4887
6405 1260
2472 12313
2453 4620
1963 11731
2366 1565
12779 12881
12170 1521
7265 1459
3846 1208
9787 7688
14583 4404
14965 2845
9320 983
2668 11846
10694 13664
10541 8496
740 6445
886 344
9590 12371
2559 14723
5598 3340
14168 2583
10746 5705
4136 2728
8827 5497
12056 7342
13258 8659
10970 13952
5187 4130
11176 1462
13717 10997
8925 9591
9448 14140
4141 8946
3502 7911
11533 480
7690 8175
10982 13618
964 6812
3595 9013
1915 1990
12537 7082
246 8122
911 13041
1117 11604
790 377
9116 6376
12266 13081
8643 3997
6343 10157
12229 3650
9277 8832
11979 3704
518 1947
11197 14267
2645 7736
4931 4656
9058 1564
10593 9347
3219 12063
14488 9480
8917 13741
10630 8387
3099 11404
14022 3149
14439 3002
5633 9868
7068 12072
149 13236
2852 11879
13543 864
1710 10767
13082 75
14531 11982
11115 14860
9153 7192
6806 7185
9383 1662
6550 354
2336 654
10983 4315
9635 10760
2212 9747
4673 14870
2519 12643
14396 7695
4602 7043
6178 11315
14108 11679
36 8773
10284 6538
11443 6727
2206 2187
12064 9487
6549 7499
3832 2652
1751 7954
13962 8769
8513 7439
9832 1255
864 5588
12925 13946
11002 4164
2011 7904
5169 14133
6846 11532
5195 5990
9842 14999
7825 10617
2349 12053
10554 10221
3636 8246
12438 2581
7670 5673
7957 3083
12444 10443
8476 10500
11908 1677
12330 4177
4346 3200
806 37
1287 13025
7572 1340
14479 5100
11915 3638
10935 11026
9519 6081
9878 7527
13862 4980
5511 2077
13554 7189
10663 5808
7386 12555
194 1504
4243 487
1977 13002
6379 13513
3504 14167
12729 13579
7469 10984
4649 4746
5940 10019
8004 9578
8369 13231
3863 3623
13865 3624
4261 10394
11602 2350
14782 3670
12195 553
10571 14693
10824 10589
14831 12415
5468 962
2544 5757
5540 10271
13767 8067
6830 7730
1850 7995
7452 10090
14739 11901
9385 12124
442 13017
7658 5405
12633 8101
5350 3808
6095 4934
1503 3915
12206 3045
3355 137
3689 2272
9937 11449
10952 9811
6900 5502
6624 4813
1620 8101
12446 5646
5905 14096
12056 4940
12187 14794
9415 7154
2273 12692
285 3275
2901 8439
11352 8534
6166 4644
3838 3620
13791 10139
14295 7739
5257 10429
6038 1356
10813 4876
7745 7568
7270 7180
13899 12559
12513 1268
13512 8105
9456 14850
2362 4156
472 11797
5165 13478
7427 9883
1251 14372
2174 2923
13404 6800
2054 14645
3199 12855
3379 783
5466 8207
7283 3579
4894 10656
10429 12994
11019 10758
14624 6754
2977 8677
11123 10588
7055 6841
4809 1854
11312 6620
14296 10257
5292 12722
13262 8847
8367 13733
1070 690
5920 14107
3500 6999
730 13790
2153 9566
5705 10598
9613 1509
2697 9018
14444 10107
5687 1037
3738 1127
5183 10386
1229 1728
14040 731
13085 14213
8118 13468
872 1660
8529 9716
709 8591
14050 9783
5113 23
402 12443
9498 12457
9158 13829
8943 2543
7377 5886
11663 11512
11727 14129
11402 3961
3364 10647
370 9552
8519 3
8308 9135
5909 12030
3296 9317
3492 1645
487 5875
1797 14503
1191 5999
7517 6981
12432 3405
731 5655
4067 12752
8162 10328
225 13187
3264 12590
14152 1270
2228 7054
5611 596
4497 7510
5765 8903
11922 5959
12972 7169
954 3975
7352 13391
8589 2423
13780 4840
7033 7630
13590 10232
445 9516
8711 11036
8967 6597
13345 13096
4709 13326
1244 8292
12402 5257
166 9167
82 2330
7811 2844
10602 10795
10376 9865
10105 11414
1169 3007
1354 14891
9184 11551
7195 12401
11906 6981
1414 11667
409 9842
3943 13359
9660 13789
6696 3422
13506 14745
8336 11956
1008 8639
2385 8370
14671 7719
2738 7220
9549 8133
6234 7684
13058 3777
11204 7055
12365 5664
9591 433
5962 8325
7501 10422
13611 3495
8147 13277
7365 9572
13457 8859
12010 7328
14599 4639
14748 1918
13790 7777
14150 4448
13255 3104
4097 5809
8740 13537
11389 6588
4823 8026
9311 10802
10470 10838
5558 1252
5337 913
4849 7989
3411 9617
8668 5809
13694 7933
13099 8731
250 9666
13712 3494
8541 3995
10250 1157
1797 10303
7017 14317
1602 7615
8294 7667
10583 14642
671 5932
7279 2777
12123 7047
9959 14587
576 9038
10201 12759
362 1406
1841 9669
6465 13841
479 14227
14540 5324
8609 274
4986 11807
3814 13382
1316 5802
13630 11545
8867 5478
9013 9291
12233 14745
776 1881
8765 2697
10190 12561
11009 9137
14578 6646
8359 2035
5511 11162
8892 12324
9732 12936
11915 5101
6728 5232
1463 4800
8702 4543
4609 1446
7757 12655
874 11115
9435 8795
14756 3772
1036 7701
2378 12774
8780 7605
3060 2207
5195 9095
10130 3822
10558 60
9635 1673
1284 12257
10336 10044
12043 7055
7122 4658
1896 9303
9606 9096
3558 9388
935 13352
14302 347
14465 9565
48 9244
9727 9576
1479 377
6798 14458
5422 3305
7144 558
7941 9534
7031 14945
3063 4867
5857 4684
8936 5249
12222 14923
5741 7381
515 1243
6235 3252
9357 6432
13449 9364
5779 4100
12634 1945
3285 9277
2309 3959
1450 6500
203 9343
5413 14421
12398 4810
10151 1780
11258 12716
4056 10122
14677 3555
14262 938
14345 7563
10147 4643
11197 11747
9944 11004
2303 8463
3740 3228
6163 9404
8204 2870
11925 11170
2931 12450
1615 3028
5977 13484
11912 8316
2577 14197
870 8160
5152 13588
9006 11668
10887 304
11250 7931
11623 7843
9274 3988
962 11103
6375 12373
14791 2390
156 14625
14362 14042
12629 318
2547 14516
13067 14551
3289 1448
9568 5140
4394 3587
13619 13143
2497 7167
2148 8286
9815 8519
9229 6913
1498 11287
10373 5024
14102 443
7345 5710
11989 11808
5272 7593
3351 5267
8654 8719
10035 13179
12294 1812
6992 8766
121 10145
847 7282
3366 4794
1554 13732
12993 7446
7662 6962
9053 1790
11071 4257
6807 1469
11688 697
8055 2806
13823 4292
626 4497
1508 11519
1814 5993
14295 5154
4863 7540
4883 10132
2910 3471
1339 9883
9379 14584
7375 7732
1987 1382
326 8842
3079 14494
13720 11826
2634 14280
4064 2346
14623 14850
4559 4172
10539 6182
3310 261
3638 11745
2381 5511
1984 992
2764 6334
4547 6488
7314 12964
8945 11351
3538 10931
4058 10227
3947 3344
5757 11709
1665 3349
8359 12610
13053 9573
14751 12104
6320 9248
5063 4241
13634 3652
5007 13208
11268 9235
6353 3831
2618 11435
10714 322
7236 10473
3211 606
13391 1788
4587 1957
10585 9441
7998 1095
5015 7958
8530 6444
12917 514
3491 10796
7748 13449
707 9118
5175 2607
7259 6539
12155 79
4855 9447
8513 9706
14223 9234
5179 3519
4208 5280
13205 4666
12173 10419
14985 6169
10109 4340
8143 9966
1434 6673
1133 1272
14054 8813
10750 10748
14744 3532
8171 12313
10441 452
3272 5505
13606 9005
13098 11630
4078 3777
6222 6588
4168 948
8866 6524
4385 7488
8189 2220
3350 7213
8615 11413
3357 210
13522 2709
7963 12526
3788 4829
3677 6709
5238 12115
8914 10394
7569 5752
5271 10483
2737 3535
10895 4154
6566 9286
4080 400
11626 10957
14631 4327
12396 13401
11759 2779
13256 3036
6202 12949
3132 3970
7376 14878
11900 4997
13802 6033
3245 833
14072 11643
4864 4615
4543 2896
7211 1424
14950 5647
10223 14825
10062 12281
4841 1432
11713 4375
10780 14174
5878 1222
4368 12520
10722 2645
867 2564
9468 14528
11215 1764
11688 4277
8630 10457
14769 1714
3677 11994
2484 6003
11003 185
4628 156
1852 4745
10092 10077
7074 8488
8744 14123
11796 3136
5973 14985
8879 8085
8060 13500
2450 11870
4139 932
5560 5650
2139 13898
3859 6764
14406 695
7894 12120
12741 95
3048 11553
3581 7528
14082 8410
1937 8180
14946 6375
9474 12258
1360 9261
6273 2096
7790 14833
1394 12254
1594 14317
10910 14328
4051 6380
14278 6320
8554 7685
11492 11133
3366 5326
1134 4533
5848 7901
10126 1394
12403 9321
11318 2428
14294 10430
3294 13488
3096 13846
10164 8780
13485 7150
6929 9719
10084 6292
3251 8920
1711 2525
14113 4968
6882 12576
9983 2996
430 2131
13036 4792
8796 7116
4339 5454
5322 8037
7940 10733
7894 6263
14501 8010
10150 1194
5316 11273
7791 3796
7572 8709
14316 7676
769 8046
12508 12094
7880 11470
13300 4573
306 2820
1748 581
1346 1132
1108 12406
10884 3868
3347 14345
11731 5250
5890 2393
11702 12917
8057 13402
12953 12780
7364 11345
1959 13558
4587 484
11606 7244
13341 3719
9084 14796
8120 6480
7002 3804
8280 14560
9794 82
8481 2807
1748 5537
14770 4437
11460 10102
7280 3427
7010 3304
11641 9152
12289 908
3630 5881
13962 12822
11107 12326
9474 1366
4177 6414
12605 11605
5005 14099
3239 3376
10011 13173
1663 1050
7707 12750
3046 14150
3066 2611
1502 8661
10342 76
7691 11713
1156 5381
4464 12327
4842 8274
8381 11415
14888 8273
1893 2128
8603 13538
1705 2128
12796 13854
8685 13626
7672 8051
3505 1411
1876 3960
4383 7971
9369 4207
8675 2531
2324 3898
700 6425
3151 14973
2076 10596
5667 10059
6320 12505
7398 3899
11025 10359
3242 14645
661 7158
12193 1665
9996 4200
493 2653
4771 12902
12990 14529
6750 944
3262 4480
13724 4078
7624 4252
4373 4308
14642 5772
13555 2136
7601 3483
13353 6718
5670 12350
7897 3882
13555 586
3984 13739
3039 6846
10356 14945
11671 4755
14524 13092
10347 11265
6812 9658
2566 3942
11716 3826
2779 5241
14353 11576
11956 10963
4321 11069
11737 726
593 5043
4990 1324
12211 359
13812 6559
12155 9114
13410 1104
13031 11505
7621 11302
13763 8262
1556 2160
4593 11341
9067 691
13091 29
1860 6273
13520 4731
890 5087
7983 9979
3248 2420
11466 8166
4457 2809
4563 175
13185 2514
1527 10965
14496 7192
12020 10754
175 1113
13117 4140
8482 7101
8389 9116
2878 10979
13309 14021
6635 8396
10505 12487
14231 2736
12884 1421
4635 10576
2922 3181
9606 11703
10376 2533
469 7087
4677 12325
14944 4964
10258 9608
10339 14572
2651 3155
1026 12939
7155 11024
8912 8046
14979 10686
11852 12628
5843 5585
1669 12313
2613 13154
7547 5535
1345 11125
8145 11022
4848 11190
12377 2192
13509 14794
6439 9972
11554 9223
7294 1282
5735 7802
8081 4574
7443 7808
12895 6669
3717 4378
3802 14751
9814 9862
8779 10386
4385 8082
1630 14168
383 7942
3801 1290
1376 13323
3403 13576
12223 6408
5525 10191
6633 1773
9811 12959
2347 3760
12334 11138
10921 7325
2427 192
1552 5651
10443 8742
478 11704
14930 9335
8492 11282
6907 7063
11672 6411
2803 12385
14609 2805
14611 2730
14579 43
3160 14083
3218 11365
1465 3077
361 8246
2974 4106
9209 3232
204 6441
575 9894
9014 14821
13633 2623
10450 13481
1328 9061
4345 6970
12748 1882
8609 14261
6960 10634
13378 13905
14100 11914
8178 14344
2203 12608
3414 5807
10791 14120
4 9733
4989 1500
6843 1881
14230 6575
2879 445
10982 1595
14212 5188
4765 11722
2844 6464
10040 7896
7837 3414
1630 13893
14053 13856
10857 9330
12283 10943
8409 12550
11894 11954
11480 5104
7582 10678
1572 13319
13671 13467
4238 866
6396 5595
5210 9365
12742 1678
974 4035
1787 795
14508 1969
1537 8554
4590 6968
13758 8692
14734 11903
13587 11736
7641 8412
8677 4882
12291 14962
10193 11876
8540 10236
7632 7979
2399 11402
8032 12526
14945 1221
6507 4327
13051 11
12548 14774
9226 7141
7293 9927
7843 9685
3089 432
7087 13771
1652 844
7849 980
12451 8872
14686 4980
8932 1969
1120 704
660 9587
67 9494
3092 9370
3492 7902
3493 2527
5069 4540
5622 14342
1961 14069
13275 3043
13766 11483
9859 1680
9842 1650
4684 5407
8677 13237
1697 11838
7209 13939
5358 6553
11132 3507
7444 7080
11709 1109
12380 14483
5174 2256
9326 7685
3546 8562
13331 10279
3235 14133
582 5814
7066 7790
1823 11136
10793 3873
4236 14734
9014 4931
6213 14708
9606 8796
2901 3224
365 13893
1048 5675
9634 2327
6073 11823
12722 11852
14860 11122
13489 7031
12110 4373
6002 4891
4018 10545
466 1891
2792 6696
65 6286
7952 8262
8464 10184
6860 6753
5527 11295
3299 9607
11375 533
6991 22
6833 7220
9508 5751
8220 2847
4906 13327
2595 8787
4696 4687
12865 7023
12581 4202
4180 3704
3277 775
2746 13835
4851 7422
3402 5104
5318 9742
5562 2013
1858 8637
5378 4360
1078 3218
9316 14790
10173 5816
9103 14519
3281 6048
10589 10342
8439 11376
10924 8491
6388 4883
6280 5960
11389 6053
13782 1033
2242 7751
399 7079
8605 4233
1009 14320
5896 4755
2646 8389
13803 8712
10000 360
13106 9953
95 0
11420 3625
1356 3273
32 14206
13273 3690
12647 4606
12276 12583
940 12635
13150 9836
10257 1572
607 904
2574 13651
1163 2505
14655 3747
1222 8799
3289 6190
4224 825
9956 5113
2581 4263
12632 4612
7226 10089
10164 11866
4624 11111
9914 13625
568 10448
1663 2688
5950 11175
3332 2086
11322 9027
13823 7096
3740 11988
769 9248
5737 10103
11132 4876
13962 13258
1622 5732
13691 11036
6805 6190
4950 7317
1039 11760
199 13089
11035 13255
8981 8064
7282 8934
13838 8478
10574 9792
7202 7299
5437 9433
2745 7498
11708 6529
9813 1510
11561 11726
8845 13384
1748 13533
11071 14362
12572 6597
3505 8785
14657 10933
14693 2472
13827 3030
7423 10185
9194 317
11425 13800
2959 10857
5388 300
14159 7892
3932 10166
5864 11468
9793 5669
3152 9438
1201 1060
6295 9217
6587 6063
8110 12675
10888 4422
6851 7460
12793 11378
12956 621
794 1715
1634 13259
5111 11878
13437 6572
4989 10107
11176 14331
14575 14266
14164 6004
14224 3123
5384 12464
5562 8647
10126 9864
13227 11236
8613 6405
6256 12965
12598 8917
5263 4674
9529 13797
9612 6176
2744 4284
2240 6779
12647 6606
13188 10987
2566 10996
9885 7933
9697 13177
10425 9593
12569 9589
2032 14942
5025 12547
7076 423
691 5749
5039 14309
2023 4276
1472 139
13937 8563
10881 2390
6188 11575
14125 8841
8619 11263
1972 5151
630 14790
7289 12945
12069 6674
11579 10459
14331 8256
1339 10189
13987 646
4321 8346
6202 9368
11569 2426
11356 801
9258 4229
6494 7479
6133 12408
11110 1770
14244 9658
5994 3837
13150 14297
6063 6758
1201 9376
12213 8111
4696 4539
2380 2019
7826 14132
3017 14491
3876 1306
11908 12217
14176 4211
3408 5017
14382 4246
10801 10029
5979 4290
11687 3640
14447 11766
12095 8952
9293 7695
7432 7768
10094 3824
7548 5573
13385 6785
13007 7847
13505 7735
10354 3830
6205 2462
13249 2384
12202 539
9911 9201
6047 13553
10547 8430
12601 5133
7276 6079
13821 11630
13 8724
3894 7683
6445 1710
12279 14374
743 5266
3635 14575
14918 2421
736 11391
9016 13562
12426 14496
11657 3739
8324 12269
5406 444
7054 4232
11168 4958
8973 5959
8961 12907
7212 3046
1120 13264
5501 436
12991 6345
2913 9545
9596 12123
7186 13077
14732 10197
4978 14251
8860 2703
2126 8522
2504 8476
5623 9129
5459 11855
4443 2317
5530 1459
11795 13699
1488 11812
4937 672
10591 3964
14789 5174
2163 12726
4406 10405
14510 9866
12771 8615
13235 11641
8101 11758
14146 4387
554 4870
7520 716
14588 5581
1317 10120
14680 2776
13375 13539
10739 1196
2330 3773
11320 3247
13969 6156
10091 5099
5826 14681
2479 3007
5830 5723
9419 765
1996 14400
965 12650
3100 9581
880 4649
12436 6572
8905 3304
9157 10
7396 11544
7710 2177
9784 2601
7947 6148
11549 2397
3704 13162
6442 10646
6709 1423
1291 10731
3726 14908
9179 3835
1951 4628
527 2854
2407 2647
7064 10976
10927 5890
5429 6101
4291 4994
5466 14535
14928 380
13611 8903
849 3132
8874 5808
13571 6920
12943 362
5534 6271
13239 8810
3850 2654
4602 726
7431 7017
1734 7179
6689 5378
7508 4099
5844 2915
10461 3587
11497 14799
10940 9047
13804 10878
9587 11964
14826 35
11251 302
2291 4470
6534 1012
11829 2335
5007 3949
2214 8388
2355 12550
1836 6686
6727 7116
7907 1772
8967 2995
8190 2886
538 11139
13636 1580
9648 11005
5664 14173
5878 14387
109 757
1549 14374
13795 234
4883 13469
6625 9042
2508 13587
9452 12544
2951 6254
891 6924
8185 2065
3049 13683
4352 6088
378 3408
6728 11780
234 9242
2350 6528
8299 12080
3691 13202
6753 8467
12664 4468
6791 10234
6219 4072
8972 1192
2644 10854
3412 2614
12934 3789
10806 10799
12995 5606
818 5361
3451 17
6352 12246
7700 5472
7100 2768
9210 1993
9697 5112
6387 10722
1557 8984
308 1675
4589 13269
2792 2218
10926 4579
13017 4153
8509 703
4275 11031
409 12572
937 2400
14226 7212
12976 1581
3385 8620
14622 9536
6192 13072
12002 11003
1588 14208
1253 13753
1643 917
2353 8280
12472 3948
1803 5981
6456 13719
13904 11800
3925 14158
6807 2054
12645 4792
4668 14655
2000 13176
1792 14952
12145 11583
6421 1130
8338 1261
7196 2099
4799 744
2961 5476
3538 4118
11578 13964
8820 3418
719 3043
537 111
6905 4991
7240 13612
6452 524
10437 14841
4895 3448
511 13877
5855 12468
13083 11841
9428 4325
2655 5663
11377 11582
1695 14772
14983 5490
2006 5718
13214 2623
5543 12274
5076 12861
7085 12223
6976 13764
1173 4633
8933 13212
1333 12781
12644 903
76 11787
8385 11920
1575 8148
2244 7058
2282 1628
3576 8782
4307 13250
7116 3912
14132 11367
10509 6394
8528 12386
1105 9681
7911 13917
9417 929
4688 13924
769 6757
10911 1616
1534 14161
52 10196
8128 11894
5530 12888
3787 13502
4827 6725
2900 5069
6626 4034
9579 12084
3432 12761
10774 2244
3920 733
11228 968
14667 263
565 11285
997 12835
13687 13491
12441 13273
8645 11295
4353 9855
11948 7
411 727
8767 6490
671 3206
6074 12418
11401 5274
11858 9829
14824 14943
7564 5536
12655 14450
5013 13034
8002 7146
8676 11281
2498 2417
3345 13260
2986 1420
1988 11790
11679 8246
1726 3102
13137 13583
12208 516
8957 3595
7300 12103
4081 6360
10455 10702
481 6349
5901 5231
1838 2785
589 2300
2801 7353
2017 14733
6012 2420
8260 10151
12500 12171
5227 14160
7397 3564
2949 1935
3382 6521
973 14556
11003 14580
2985 11714
1006 3886
1854 883
6021 9877
1884 9120
6617 6496
10212 9864
2556 5684
7179 2320
12038 14209
6338 5543
12409 8781
6751 5579
10353 1977
5149 5920
3587 806
853 1611
2062 12165
12383 11835
2565 10622
7750 4464
2945 14390
3883 2755
11214 5046
10057 12566
8264 5918
5314 6673
10757 14062
3663 869
14683 14257
5776 817
13099 11859
3171 4225
14186 10064
12479 5226
4610 6172
4412 14228
8620 1182
6816 2805
11350 3763
11324 2598
10205 5603
5358 11093
10413 1559
14280 5203
11368 6677
7589 3334
11689 5726
8329 464
7802 11983
5320 8534
453 7736
14397 9899
4947 6205
3794 10031
8994 2805
9471 2175
14317 2222
7850 1467
6364 10048
1188 7045
15 10297
13554 13862
11332 11468
5506 5987
1123 11050
12367 5578
846 1078
10920 548
13791 9212
13954 2106
7435 4255
9859 10973
721 8126
1460 10039
696 12024
632 10738
2772 2915
13757 6839
13801 10913
8295 5578
8672 6116
7215 11599
6080 5764
5572 3018
10872 6612
1456 2413
13541 6199
5007 5322
791 439
5497 3716
337 6928
8280 14884
5057 10033
9305 10559
3366 11098
14431 11810
6542 6902
8599 1672
14924 3806
11780 10688
18 14507
9585 2329
368 2387
3451 9317
7079 13355
6092 4147
128 3090
4488 2105
6 377
11802 13166
5064 2252
2766 3751
6950 7009
10456 1297
14696 10061
5525 2966
3862 4068
768 9734
8488 11538
12911 945
6866 2002
1974 12001
318 4815
1874 13332
5523 3091
1871 7737
988 1193
14582 11471
1645 14168
1726 5988
9738 13433
13957 8135
12659 12031
12033 4650
1452 14760
13079 9122
4196 4358
3629 14104
4904 13384
165 7402
4294 637
5535 1535
1043 14641
2609 4594
299 3055
1180 5622
13541 8069
11885 2447
12992 10702
12441 13313
5309 1625
9082 8813
190 3573
11305 12879
4161 8279
12311 2954
1961 14095
8154 1629
13149 2063
3041 12773
4995 9581
11719 4035
8450 891
474 2103
11465 4472
883 7424
2919 8873
14964 3229
7725 14041
3882 2696
9699 3864
674 12409
10894 13681
3546 11491
5784 9153
11795 12184
6809 8058
11174 13711
13063 14358
6184 4697
13202 11691
8405 13947
14081 4532
956 2271
13299 13092
14424 6341
5000 5433
11756 1023
14139 4706
8233 4325
2044 10755
11595 2600
6402 6105
7790 5443
10779 7166
8800 11200
5359 3686
11027 4679
6912 954
10319 7950
14844 2764
8321 6308
409 10405
2930 3254
5264 11971
2546 11917
11768 6211
8765 9121
2073 13190
10806 2965
999 3691
13420 14612
11639 13487
9995 5873
9521 3273
1953 1873
2248 6458
658 6738
4293 2831
10720 13050
14824 12786
5027 10160
8402 5244
7406 13754
7743 11769
13318 5543
11319 7540
595 3748
11080 10096
8541 4975
3695 7241
4205 8536
5751 6982
8741 2533
6549 10434
6163 2078
3702 13171
14456 8348
9026 9276
12731 3469
9328 9947
9389 6059
5375 7069
2701 10214
5365 6425
6046 8582
14984 12536
4738 10950
1302 13879
12908 4253
10710 1408
11590 8168
6724 5321
7839 286
8456 6302
8054 3394
8918 11330
11236 4497
14389 10435
14492 709
13521 5126
4400 9735
5683 3213
4614 3084
7764 8305
1067 1993
7348 6567
7294 6454
13217 14836
9863 10677
14176 13561
8075 2346
7952 93
1906 6735
256 4689
219 2580
10646 9397
6984 3545
8467 11597
7097 5960
9623 10270
5412 13873
617 5062
7079 14793
3147 11491
4399 9167
3729 3137
12956 1300
11877 10960
11104 1075
14930 9937
12242 11585
654 13552
3857 12068
2207 791
8231 5628
9188 8433
14655 7908
14684 4837
8989 691
4783 9874
10667 14825
10682 5966
6237 479
6158 11999
7131 10678
6178 6725
6625 5030
236 5705
1231 8125
13680 12108
14083 7175
7548 1331
4705 2144
11206 6860
13210 10612
8192 1933
1483 1700
4152 5683
1354 7031
5674 3014
13975 6828
7757 1904
3851 4195
12599 11688
4595 5998
2584 8075
5075 10036
295 289
8421 12803
11491 13787
5908 5229
9363 7644
8184 10301
10479 6182
12981 12270
14930 12097
7887 13806
8912 5067
4552 10726
6016 2426
1283 5034
6530 10938
2665 9160
2879 6020
4787 10885
12643 871
7786 5624
6746 8076
2075 705
6391 11198
1457 2488
10934 6604
2131 12352
1648 6597
6796 8798
10004 316
7458 61
9064 8666
5074 467
13564 1359
8727 8197
2793 3287
5477 4713
4162 7194
2615 6698
6347 6424
2937 11905
8198 8882
1306 9798
3374 6397
12899 249
7698 6150
6489 1827
8961 6332
5186 3200
8724 9639
8366 8705
11877 7504
2694 3665
11462 9261
13969 10598
3343 2656
4285 7537
125 5200
9894 13609
12938 12141
13736 7891
4387 9402
7169 2141
8137 366
13548 3048
5231 6915
8073 4231
3691 6995
3654 8198
14976 12570
1372 12531
1970 12277
890 14879
392 6045
4557 6505
14670 6146
8608 12754
685 2307
3683 9909
8139 13216
11930 4395
152 1105
14096 1740
678 10235
6069 8833
10204 4068
12190 4005
14550 14886
8989 874
13051 12400
972 7516
1639 10926
13950 11855
10459 5956
3599 8602
8723 13052
10440 7937
12902 11123
3541 2691
3031 12069
985 5577
11053 8338
4295 98
11123 1670
13942 10002
6 14097
2047 3330
7861 6076
10145 12728
6302 8216
14602 140
3233 2579
4183 972
918 12990
9529 7322
13356 12567
911 11676
1715 14386
12166 14447
4375 10694
5011 666
10797 14696
6377 14188
12704 13020
14116 9917
13912 2012
5239 7217
10406 11244
8221 7448
5734 8479
10462 9934
79 7310
7623 10848
6237 14234
6181 13786
6683 688
1764 12689
7323 773
9954 10849
9637 11261
10550 1044
6062 4458
2725 9528
13874 11551
10732 12977
9813 1398
1044 1784
5418 5432
5013 14145
12543 14239
6379 12471
10973 5717
5635 7745
14115 781
2959 9254
13788 8367
17 14655
1093 2275
12172 1419
2649 4204
8880 14102
10329 1061
5002 13274
1661 885
964 10275
1156 348
6552 3866
4049 12051
10771 3126
1352 7590
12502 6348
8380 9695
10986 2957
13665 6485
7500 13390
8842 7550
5661 2550
7411 9969
10056 10807
11170 13489
7741 10895
9336 6812
12157 3601
11517 4516
3325 10215
4539 3209
9621 5543
5800 9141
329 6431
13354 3522
6022 2080
14938 7277
13064 449
12945 5257
1064 5260
2894 4985
5053 11590
2051 12282
14449 13069
4683 14941
2304 5176
3178 12711
1930 14957
10089 1755
12139 1916
11141 9979
3098 7781
5814 9162
11373 12359
9938 7253
7808 12013
4980 7495
7666 10504
6474 1407
8330 9223
7184 4817
3654 10088
957 6282
7172 7817
8131 2
5714 6372
3899 10380
5946 5494
2642 10028
307 1375
8811 1562
13411 12718
9352 2614
9892 1616
8361 14076
9172 933
6587 1829
4966 9098
4643 4530
6769 10593
2292 7514
5437 14371
7478 9185
1937 14351
6206 10383
9111 6571
9870 6529
11656 3838
3077 10721
14117 4978
11984 13863
8094 3714
4453 12304
3677 10276
9729 1496
7444 1869
3341 4427
13590 14647
13560 10428
4344 270
14178 9579
10 3231
10979 9083
4164 8536
2034 9666
10169 3819
229 1228
3051 2484
13206 13414
12561 13004
10167 13504
5057 1574
6162 10941
3099 2595
12004 5216
13451 3593
6235 9492
509 11458
3470 14358
4599 10137
4799 9408
14030 13684
2342 4323
11913 8283
8707 11546
1584 14249
5978 5868
6526 3567
6937 12506
13873 6211
14934 703
2370 8225
2283 7662
12301 12396
8461 7285
8210 5877
14964 3205
3946 4748
1895 4658
1843 8274
2408 2072
8013 1645
7377 13991
11902 5511
865 7376
13119 5628
13021 9479
10201 11539
12047 14991
6456 14143
1012 2105
3079 3523
2990 9431
11648 4934
8253 14701
4493 2442
8153 13061
1593 8987
1355 4752
4349 9638
10662 8648
968 13430
7342 1650
6959 13076
5137 12143
10696 7179
12819 1669
7606 892
12930 5888
66 6984
727 11452
5930 7363
6016 9848
13201 2797
1549 5334
4597 9378
11439 8301
1489 13270
658 792
13302 10231
10420 13605
2053 2761
8637 10964
6630 13413
9717 234
7863 2235
11007 14044
11761 4371
9730 4318
13249 14701
14750 4021
1441 10970
5341 4836
4636 12723
12087 5309
1934 2081
5215 10751
8035 12578
3031 9944
501 5793
8330 5450
12401 8861
7747 10636
1540 4287
6443 8276
6035 12664
9187 3641
9916 14542
8939 1767
12296 913
10578 12664
808 7328
6230 4311
6975 11844
6615 2209
14351 690
3574 774
7149 10837
14691 9264
8389 5723
2800 11253
10072 4376
4072 6932
9515 6807
10848 10817
2147 11843
13139 11633
14963 8316
3506 9957
11346 13299
3490 11073
5362 9986
2351 14914
3202 5547
1311 10508
4769 10366
7253 683
1189 2135
4813 14938
51 9504
13961 8880
4013 5942
14497 8078
13974 13955
14449 5453
8595 4610
6308 2285
11366 11621
8891 2711
6603 11037
3133 8950
6237 2920
11422 295
14412 5654
2472 12213
3665 8803
12248 1672
8671 11241
1705 10269
8853 14079
707 6932
867 1574
8262 7398
14074 10629
8151 7754
1318 2807
2027 13369
6639 14086
477 710
2207 7551
1811 5390
