3000
9399 2540
6547 13759
8776 5235
9095 11264
654 13163
6696 4164
11679 13442
11360 9108
8365 10780
8723 14330
9623 6106
2948 13881
9168 5658
10716 12962
8800 452
4344 12522
7439 3184
14636 2249
4746 11443
13782 3551
5203 14218
12925 6711
5642 4680
3428 10255
5440 12846
14578 11940
3506 12595
13797 6771
2802 12621
12528 2522
10163 1131
6606 8910
185 2459
5147 6315
1221 13920
12332 3862
11695 10644
8685 10468
10148 9175
9475 3550
7915 6094
11251 14367
2150 9506
5487 2672
2830 9579
8218 3757
515 11143
11290 7096
11279 747
8111 2411
14011 5124
2712 246
10876 10012
9188 13161
895 2511
4871 14045
4156 9024
12562 3232
13318 3485
1266 10534
11984 5237
14117 425
1654 10666
9281 8772
10562 3562
6068 831
9109 5394
3626 4965
361 2733
14103 6963
3538 11451
2277 975
12529 12994
12349 1909
358 12517
9007 214
3916 11968
395 9690
10252 12905
3188 2138
6696 2012
1384 11047
5801 4527
7246 2972
12214 9541
485 6792
6892 8152
7982 9874
2660 8643
13305 10592
6743 9318
5326 9538
6616 12192
6936 6837
3307 6434
12842 4362
13574 2926
9593 4208
11677 10688
13007 7421
12369 10652
7083 3750
12233 10349
8060 4124
8684 7502
10781 2719
9578 13854
12652 11842
13378 2158
11483 3832
4384 3439
5258 9474
8330 2088
6000 11757
3999 2641
14083 12630
5402 2528
1536 4658
14082 6619
2835 14126
7909 3338
4338 8658
12763 4640
6452 8050
9311 10753
9304 8375
6863 9144
11392 5162
3026 4065
9173 5110
2820 3472
6251 11863
4525 11559
11830 12863
10400 11457
2527 667
12163 2238
14263 3588
6879 12990
14411 6429
3259 12879
14989 1803
8296 7103
12547 11129
115 2082
4908 8339
4138 11711
6798 3636
13769 9403
12749 12080
10167 8889
10538 449
8022 11933
10342 4010
7839 480
8281 12984
123 8161
9876 58
6558 14782
2066 10869
1406 2378
8961 8567
2290 9636
7941 1373
7848 6358
8824 6310
7117 9733
12908 6122
13328 14706
2856 674
14558 14332
9783 8163
8463 12610
5164 8397
777 2059
13114 10102
4957 14785
14779 11752
14048 2442
9023 12192
10858 2096
12647 14304
2965 3256
12012 7916
14998 11818
14125 5663
14001 4803
5471 4358
11754 606
12545 13912
5779 14465
1644 9494
2554 1081
11939 7544
11674 1579
12068 4067
5278 851
8885 12466
10073 5231
9764 7593
414 3143
3764 13256
12828 10816
8983 10325
1334 10295
13821 12536
13859 12881
4120 11203
12181 6422
6483 6758
10505 8245
11749 11804
11797 7752
7541 2976
2453 4597
4862 5159
13654 4497
4156 3660
3914 14482
6552 8368
6588 6418
11103 8805
10833 2292
12306 7068
7302 5164
10471 3452
1 5104
12596 6028
11295 9320
14121 11571
5960 2324
2205 14927
2886 9508
11525 9906
6927 5302
5087 14979
8844 1992
6329 6534
11259 9134
6925 3242
13114 1452
7711 13472
5166 5356
11059 935
13728 12523
14642 10682
2380 2835
6597 7293
1239 147
9408 13178
9687 14176
13711 13600
2487 13683
4578 4719
1174 12227
5407 9744
1482 9431
719 12230
4983 10421
12702 11541
2376 9066
10033 8578
5397 1639
6277 13185
5506 3144
9942 1547
12005 7088
4716 6649
12057 11086
14586 6174
1408 9925
5683 8025
11694 1325
10755 5423
3491 13350
9804 5532
2067 8258
13924 13087
12125 11605
2777 5825
14844 11018
315 3824
12557 6979
4737 1097
1480 2006
458 13405
1689 2560
10706 6614
5595 8910
14787 14727
10564 2265
4141 4456
8401 3724
9278 3056
388 5366
1187 6778
14732 13093
9464 4195
14094 1618
5920 8402
1878 2714
14402 6985
2582 13343
2347 11724
3594 13829
13775 8280
12744 9236
4335 9577
7919 7752
11817 12354
12605 14468
7167 10976
6903 4633
9537 2395
13824 9941
4224 10521
3373 4452
7679 14294
12080 97
1875 9425
9817 2351
7178 9839
8406 11643
12498 3650
14971 11736
12994 2989
261 1882
9871 13583
11611 8130
2974 9270
4545 12563
12797 2437
4635 9023
7092 5505
8531 5426
14149 1058
470 11930
3738 11515
11038 4372
4027 4304
1499 7862
12365 12305
8625 10467
7167 1017
4411 4834
6156 3442
7258 10773
4392 5036
3578 5104
11069 2122
10452 3224
9177 9117
7559 2252
4879 5331
14627 12178
1132 256
9377 13662
4599 4124
11486 460
14316 14227
6230 472
3988 3397
11485 5232
13049 1670
4612 12578
6993 868
751 11248
12652 9273
14800 14495
7864 1888
11055 11035
6637 6146
13918 10435
14677 9343
8750 11015
7129 10727
5933 630
6610 5891
4002 14139
5704 6196
1366 11244
7517 3575
9854 7139
6979 3999
638 13803
14403 3501
7257 13929
476 12124
14341 7075
12635 5838
13591 6517
8898 8355
1496 3280
12971 60
4987 14197
7129 4295
4518 8143
13558 8358
3772 5902
446 11335
7163 6768
12097 13519
8386 14569
10404 11014
4560 4896
13100 2704
5323 3770
9489 13668
11363 4724
9568 12453
14311 12644
7179 2403
7840 6170
9194 8922
14917 950
2187 4496
7918 4330
12522 1149
2425 12224
7001 4619
9812 4343
5602 10732
8233 3308
6892 1028
8010 8987
12780 5670
2741 3037
10745 3071
1783 2555
2252 942
13316 8268
13994 8625
2442 4952
9197 11753
4163 8892
12148 8200
2283 13792
11361 12264
12654 8849
300 8085
11602 12150
2384 524
2584 10603
11391 8337
7858 12417
5473 10735
4584 7678
14747 14926
612 9039
14126 9208
4074 11739
12570 10004
217 1945
8774 5484
11777 13149
3033 5981
9692 9187
3574 1104
8348 1586
12669 4016
12418 12154
8082 5215
6856 2935
7924 9233
2075 4540
13238 2532
1723 8103
6340 2255
5525 5594
3414 8890
9536 6319
9966 14966
13166 4326
3726 1269
7375 12885
11350 7802
2557 12843
12865 1022
5044 5617
7998 12499
9724 8466
626 9408
3635 2078
6070 14296
3865 13074
13426 2978
1919 14242
14041 12348
8233 7281
3555 5728
6181 5182
10488 7384
1963 14888
8823 4550
14487 5496
14680 250
7967 14499
13677 11218
13043 10888
2211 1393
10530 14518
7943 11373
1291 10132
11998 4103
11937 9872
3751 1209
13701 10641
14316 510
8636 2197
3308 7800
13785 7442
6608 13181
10321 5590
2804 7517
11767 7531
10275 511
3672 14505
3922 14327
8162 14412
9615 5909
2754 2194
2354 13889
6432 10240
6441 14663
7180 10958
706 13396
12627 11503
7066 80
8982 13506
9957 3596
9794 3394
12427 10387
4621 7409
8483 13178
16 3118
6863 9434
6764 2215
4007 3285
9715 9249
8528 4741
7295 8291
9977 11071
7746 12036
11025 9573
2594 9011
5413 11981
7311 9207
8902 8985
2905 11442
9226 7988
10963 9688
8051 889
6342 381
14010 3617
1069 4912
665 7329
9392 11897
7506 3822
10598 11310
6482 9839
5716 3077
11436 2981
4374 12734
1747 11009
1583 4277
6569 2381
7883 3746
7891 3617
11742 2015
12737 12855
12480 4524
2779 1396
3913 8568
3268 2572
4724 1708
8461 695
2430 5276
7921 3955
12513 11062
10127 2865
14814 1440
8759 14084
3084 241
8140 11695
13371 2967
8356 5934
9786 10660
2480 7923
4050 6211
13252 3479
13071 3668
551 13165
2840 8451
8218 4865
3567 3978
10205 12923
4091 12149
10479 6219
4734 3011
3587 11991
11225 13449
1229 3057
5424 3253
11911 13672
8803 9031
8885 4079
1600 5719
8296 8762
3561 11353
1539 6351
12495 3222
8371 13722
11039 5875
4095 8129
6856 14930
3658 5590
8397 2200
4206 363
173 2418
12593 5675
1841 7974
8690 13692
9104 6798
2113 4885
14813 10471
10508 8838
11069 8174
1629 13286
4235 3521
13201 4852
8020 7103
809 6545
14367 9616
6007 12234
327 6110
9843 2042
11772 427
11502 6036
2322 8899
12809 7576
8587 10445
1401 7387
2866 12210
6943 12863
9069 12601
6039 8852
6178 13281
11848 1458
4889 14118
14170 1648
10099 10447
12269 9555
775 4964
1997 7413
7617 3661
5507 1979
1873 12566
4200 3092
7044 10175
5521 2620
7004 4539
14685 2273
1858 8602
958 6849
5513 7856
12718 12022
12178 6345
460 7488
12266 1933
7294 13833
5577 13555
11871 8582
9291 11225
7464 9523
8231 3473
7436 4256
5651 12866
12081 4942
7798 9622
1580 9867
829 6263
14013 4528
10831 2386
8603 8884
3014 13656
6008 5128
11650 14565
7894 66
1715 3698
3546 13211
14881 3798
11603 2168
10262 13842
13168 13177
14425 5709
12538 28
6612 14532
6838 5126
7300 13919
7659 1210
869 11571
8004 5590
8557 4328
1922 13856
14544 13145
11585 3124
832 5187
14138 3362
12482 11844
429 7689
4106 401
12367 8142
7563 12987
5986 11687
2841 14657
11754 14906
4447 3881
11921 6713
5445 4684
8332 1708
574 8627
4292 9832
8715 2287
10245 139
11752 3447
12940 737
14631 10527
7592 9836
13402 10603
5242 3048
8179 5033
9532 394
2712 12566
1883 9228
8350 14720
11715 5803
14387 8534
10652 5484
12926 13537
6538 13636
1534 10348
9757 13635
8419 5284
1429 10453
6978 7260
3949 4371
11414 6004
9522 10979
816 13799
6990 2910
12591 11080
7158 6813
10251 3020
10941 14909
13251 326
9440 13276
10482 10340
13345 1439
14871 14419
4964 12823
2562 14422
1000 10954
8183 2784
5559 10587
7097 3393
11499 12899
1447 12059
13250 13967
6393 10948
11029 13911
352 4959
14830 7473
8729 12596
87 541
639 12110
1344 10697
5015 5998
10653 6168
13209 14194
1574 631
6670 6103
1261 6160
1275 4357
3903 1191
12029 14700
1527 10483
2796 2103
14028 5297
992 3805
9940 8024
4969 5436
9151 11653
5391 11608
6969 3113
4168 12789
5192 224
6977 5186
4278 6150
7608 98
4485 11386
856 3059
3937 8572
12706 8927
13736 10620
13961 1707
12283 9183
13281 6130
5031 604
12557 9586
14475 14697
3518 12153
5306 11428
6589 1109
2529 2692
3845 6794
9873 4620
11479 1454
11307 7871
5652 6479
7769 1553
12889 8459
896 9864
9016 14543
4967 5180
10892 3647
1328 5229
1202 1745
14839 8256
6027 14139
9023 12039
5694 12605
10228 6018
6988 1300
4679 10382
2895 13709
1934 13892
284 10126
9366 971
9896 554
833 7412
550 9292
2816 13469
10370 7613
11836 1052
2799 3741
8063 14592
5635 6474
14865 4919
3862 11568
312 13401
5639 12517
4539 1256
6666 12703
5408 1374
6520 2787
11459 6112
4637 4656
14726 12649
2369 5620
8911 9592
13239 10056
5375 10707
5527 3703
14878 9303
407 6864
1778 5955
10117 14705
13736 14390
11199 7320
4434 11299
3173 14161
10596 12262
12497 8062
738 2972
8822 13232
5319 14941
7188 10012
10067 2319
2614 3062
808 4111
7380 2119
10376 8905
10399 9800
11957 14320
12247 3609
756 2704
10820 7398
4637 2299
2170 10488
4755 4346
3652 10694
8052 5995
13328 2214
3570 7173
2002 14484
12134 7117
15 13397
2129 423
7875 12315
12542 5816
706 14387
13099 3202
8660 3845
12425 3210
1503 3463
10110 10409
7940 3736
6340 5722
7069 5052
7756 2973
13868 5740
5358 2019
11612 11345
8323 11325
13343 4940
9779 12442
10410 11929
10125 901
9809 10500
470 11844
5975 14461
10923 3719
540 2053
6719 5546
13805 3938
9864 5753
2541 437
5439 607
10535 6198
3602 6518
9061 1048
14611 5708
7966 7352
814 6385
14856 7136
12784 3435
5470 65
10861 4020
13056 13304
1903 403
4547 5585
10159 7629
2772 8687
6874 2185
10146 6272
12546 2407
10368 675
2125 5978
13094 6687
12340 4883
10390 14520
5834 14350
6261 11263
2773 11426
2563 4758
2899 5820
14272 3897
6417 10384
4664 9332
2884 5477
9449 10873
4985 4396
3164 14893
13650 11391
3121 9440
10995 7670
10104 4673
7582 11681
14704 12761
5668 3198
5576 1892
978 3277
8913 8112
12208 12546
5237 8107
11219 956
2404 11706
5726 3169
12321 3337
7744 1616
3119 11569
11685 9818
6447 12158
12649 14000
3629 4189
284 6902
14561 2764
6381 11205
4549 3554
8597 13382
11828 13239
5264 818
13101 946
10389 12359
10701 4806
352 8638
11460 2978
7238 2431
64 5496
317 14385
14596 2566
11664 7353
12059 548
12759 6330
5377 5531
13923 4659
11929 6365
4221 12348
5170 1551
2292 10646
6696 14826
3430 8338
5882 12865
11686 7310
4520 11788
1520 4964
6874 13031
14416 3403
9674 10061
6423 5681
6296 926
12078 4013
3495 4113
3447 8804
510 8202
9307 12386
12451 11835
11585 6648
1205 11050
14742 12093
3263 12300
8433 8924
3109 5185
9341 12206
5879 2863
11162 7449
5355 2018
10381 8876
11956 8729
11385 1174
14243 13344
4109 11972
6459 12063
5914 9529
6415 13682
9283 8157
4100 7712
4194 5027
9369 12568
712 2999
8958 14095
12894 8441
9842 8809
12060 12386
4973 7909
5163 14561
4496 6398
3664 4706
12999 14766
1513 1097
3476 12717
2627 943
734 14803
8952 7611
3844 3910
13394 9837
4563 3279
9255 4007
1539 6983
4758 3772
12058 12322
11267 14082
13660 10509
12162 771
10217 1163
7204 12494
14117 11146
12538 11841
1690 9437
12042 14065
2386 11911
14480 3720
10754 14069
735 1653
11490 11153
691 2750
10851 3128
14770 1423
9273 6111
14638 7772
7394 9117
6384 8639
9316 4132
8382 2822
2154 1516
6201 3028
10206 11265
11339 9403
13155 14720
14712 12904
6778 6073
8190 430
7355 5772
13403 13471
2767 13630
13047 47
9075 936
5011 4364
10047 14563
7428 14987
13791 633
7070 657
3036 8189
12349 14490
9143 11404
13636 12208
7314 2040
14477 13843
7317 7587
1261 9365
5148 3828
6099 1596
9503 6171
10605 13523
13583 12505
13314 3688
11692 11311
13454 6539
768 2565
3082 2193
9497 1859
1270 6865
12688 8184
6256 6326
1371 4700
78 8319
5693 5176
8458 8005
6213 14572
11041 4596
1754 3584
13144 5498
5542 12539
10390 11929
8926 1665
217 9058
7293 9953
8679 2495
12056 2807
5932 9599
3715 10076
13826 14669
1152 13528
8347 8413
12718 13175
10518 8008
4012 1509
1548 5441
4837 3343
10416 12622
9900 9315
5248 5423
2663 9612
3553 12167
91 12154
10839 5309
8256 12868
6790 8962
6319 14958
3334 5558
14842 6366
3196 1643
5623 3390
681 14401
3628 1346
13610 13921
2972 6482
9974 369
8379 8012
11722 6226
938 10053
4 5595
2335 5011
3344 2751
85 1694
1447 10460
13844 6341
11447 9682
4570 14638
8841 478
14503 4021
2159 3114
4088 2252
12657 1435
8253 13131
7686 6613
9752 9723
13892 10553
10206 4922
6761 11022
14588 4844
1903 3470
7075 1585
10498 124
3906 8089
5101 7323
8426 5392
660 4611
14015 3187
12650 6262
14152 1706
5571 8470
7447 2054
5517 10623
5269 11375
10812 11722
3897 12527
2065 7904
9546 2370
10456 7540
7424 806
3096 8171
2653 9701
1106 316
14890 8116
487 12900
7657 97
10736 12630
5276 7792
1141 12209
806 8859
1394 2836
13209 5317
9248 4305
2815 11023
6547 165
14377 8240
1172 4567
7309 6338
2116 6115
9165 5283
8239 10976
884 347
11736 4211
1235 11458
5744 2798
14702 6981
9461 12437
3121 7873
2532 8076
13480 9577
7116 9245
6310 4190
10071 5961
10828 13090
8026 14043
12989 4395
4722 9624
4807 621
11894 7757
7140 7544
12692 1315
10890 9609
11804 8342
8227 12508
13171 13841
9681 283
5426 9455
1009 2387
3342 14925
14966 12691
9208 8312
12539 7695
2010 5269
5288 7359
11727 6598
10715 10670
4200 11782
11400 9801
5578 3147
1173 6583
13710 69
5040 10047
11192 14145
5707 10174
5053 4316
9178 6077
2037 1963
1979 6230
2776 14649
11010 1175
5546 3929
9887 8187
14138 2718
4770 1884
1128 6456
228 12952
9403 3561
4919 9961
12388 6558
7806 8307
14472 8116
3344 638
9238 7603
1187 7391
12468 5139
763 1114
3233 6866
9614 14115
12589 14884
3243 13791
5090 10246
10272 3071
9903 8746
13690 14320
12317 2431
1219 13274
10084 6085
11037 10536
5286 329
8714 11910
9696 1400
14426 14156
2587 13587
12897 2113
5627 3945
10739 518
10084 8370
8760 12414
8806 14654
13139 13587
11343 14253
14347 1434
3461 608
13371 14233
10964 3929
11313 4644
6258 4239
11834 10181
7559 7426
10818 127
2050 7644
5595 4288
3417 5303
13847 11223
2867 7038
14427 14101
7586 3085
3711 10591
7082 13661
127 9071
13042 6856
10527 10537
13268 600
152 11046
12053 14090
12644 11635
2444 11592
1867 13601
11863 3028
910 12723
12020 369
10295 8288
3804 659
951 4259
3644 766
7237 3462
6943 5805
11594 7820
9782 3406
9528 9693
12202 3008
12185 11105
8115 9964
6335 3980
836 11761
4286 12126
12317 1963
4090 3880
8459 114
2546 7221
1764 11171
8796 8173
9030 5812
8083 9037
2619 2105
1868 5413
14490 7597
14803 1107
8321 5179
5230 2141
7421 3967
6911 415
14193 12757
9696 11623
14924 7464
12878 10792
5425 5193
8120 11525
5602 6836
610 14703
12097 6236
2060 1007
14766 5104
14266 14772
9288 1714
7179 3524
987 10125
11007 7258
8285 14476
11285 11479
10703 1053
8388 6243
3302 2171
10528 7332
5325 723
12099 13707
1597 14038
4550 14584
2477 10748
5701 2397
11200 2042
6203 11836
9130 14529
12704 8795
6140 10432
3997 2842
9615 12418
2631 10923
8525 13843
14908 8477
2210 3659
5111 6809
8867 5640
8206 6471
1040 12100
11441 5541
8192 9559
4287 8048
12011 12330
6234 13301
2782 8109
5486 12308
5360 11470
4248 1881
1640 3939
5742 5719
6147 10554
13699 12908
11319 2515
4534 1902
4358 11067
5138 3827
11786 9187
14350 14750
2640 590
8498 8512
14050 4618
10109 4052
2770 8486
11736 13789
4377 10862
9421 13916
13736 2555
6084 9074
2802 1606
11299 10789
6230 10853
10662 2013
4802 10974
6694 783
5402 8106
9160 13563
598 6255
7918 11731
9114 8505
8163 3124
7584 5089
9974 1148
11526 10445
11253 7793
14682 4914
10551 1599
1890 733
7941 12040
6509 14532
6176 3906
7293 9104
20 4970
7254 4719
14204 2546
4431 12268
3195 6631
1071 9670
9688 1063
10841 9082
12487 11901
10400 13834
9574 10520
7519 2865
14273 8610
1233 772
6629 12911
12198 602
3940 10116
5897 8361
8821 7871
4817 9546
11799 669
8053 10880
6563 8615
5242 13596
11339 1938
13034 6396
13958 11435
8491 1770
14691 810
241 2144
3368 7052
12613 8638
1994 10528
10271 14716
9234 3665
13841 11599
2366 12214
13535 12819
9512 4619
2840 13804
8599 9933
7142 1196
4368 6693
7984 3400
2359 590
3389 9266
11615 5501
217 3498
2396 8052
1955 26
699 2818
14609 13242
13493 14955
11459 12405
5906 5049
5823 7444
8096 9189
12949 8996
9503 13383
14323 3063
14209 14007
13531 14787
14196 286
8788 9826
13332 2338
12595 6533
13720 3539
11413 1325
13996 9036
14182 930
3075 6365
9875 14198
14732 120
8093 11734
6590 7872
11050 7047
4367 14729
14679 5375
717 9374
3174 12025
13797 1579
8566 5068
10714 1416
7347 7774
11930 10847
10152 9141
6347 9228
10830 13212
3641 10770
11161 8568
2518 11045
10224 13868
7466 4447
5095 5023
3683 3944
685 905
12611 14900
13794 14901
7153 3341
7673 11406
9688 4160
13900 14698
10378 7168
3536 13868
236 2456
11758 8450
2738 11680
6757 8621
11086 10024
4121 7733
14194 14375
6265 6479
2941 7043
1150 10306
3031 4003
7204 11783
5017 14711
1948 6133
7112 14917
9176 1760
7044 2017
11800 1035
11274 12456
1970 1470
6283 8557
14382 11442
6990 14916
10811 11048
10553 7346
5805 3149
4573 3233
667 4079
7122 12540
3719 10219
4324 1282
11082 11265
3746 12881
4717 12995
3830 12761
4641 5900
13348 14962
5239 4704
13458 8339
6976 9848
7877 763
13048 13317
5880 2241
9490 8416
14987 13854
14590 928
7587 9022
678 13285
692 1290
2571 1154
3797 7308
1816 340
6742 3874
11425 11818
12817 5260
13857 1908
862 12389
12744 3031
100 6618
779 11400
2123 13826
1837 8916
8771 13962
11417 3455
822 13299
10523 1709
492 10447
4026 56
1612 5733
11888 10981
13939 5957
3473 11323
5659 4424
548 5627
4779 5028
6437 10928
3999 10924
14229 12237
12412 1895
14509 2387
12911 13851
10253 4572
2950 4002
13905 13165
1978 3106
8409 10257
11885 6583
5876 14920
3010 11481
4420 3968
8943 12618
855 1216
7997 13344
5962 6966
2248 13738
9086 4357
9660 10454
534 1088
9128 13443
4470 3389
14156 6247
9737 1374
1285 3275
11291 11190
13705 13528
8463 1043
6142 10261
14278 14564
1720 9459
7489 13634
13142 787
10681 11058
3181 3906
11971 6675
12291 12128
14515 298
12205 9705
9417 11953
7705 10590
547 11076
11303 13480
4365 13555
1088 224
4238 7980
14972 5364
23 13153
6994 9173
6356 3571
6608 6273
5804 2282
8258 14855
7388 12250
4843 9028
12975 4142
2986 8847
6375 14945
4169 14995
3495 9270
7559 9426
9335 11387
7202 1105
7529 12109
7231 3402
1494 12553
7148 11470
1076 1593
13491 12022
4440 4905
14188 3047
128 6403
10395 6891
5668 10155
2726 1771
11057 12639
10910 2237
9455 1513
1920 7596
9968 2341
3627 2202
12821 6527
2229 6332
9302 12185
12339 11170
2425 2563
12936 5494
3228 9143
10661 9211
6374 7932
4604 7853
5021 13616
10330 6596
8438 4085
4207 4902
2414 4353
5925 13277
3565 13432
3097 6266
8195 3462
11877 3732
651 12248
7829 1118
12822 4654
10849 14548
7801 14477
587 3438
10253 13887
563 7885
14163 3377
6722 982
1214 10801
2246 11192
2917 4781
967 2299
5496 9826
13267 673
14070 6337
9551 1807
5888 1640
1149 13199
3284 10022
4046 10892
6673 4803
9809 8451
1264 3272
3867 3210
8817 7624
13456 8800
5435 8804
11503 7646
9157 8898
5098 10063
4083 3273
10663 2500
6297 2785
12144 12628
12507 1905
6117 11816
2025 350
14059 10419
1304 12379
759 11568
3401 12723
7316 10384
14272 4355
7306 11337
9851 13932
13749 8731
1336 8146
3308 10155
9375 1766
12695 6519
2127 1540
500 11680
13331 3923
14100 9540
588 5518
5856 3544
6894 7473
9541 3350
1850 2511
8888 12971
1361 1457
13686 6773
12625 911
10276 4697
6329 10715
14965 3176
11176 14421
3338 5201
11748 11340
7819 12140
10285 4087
8798 6629
1795 1418
8243 14478
9223 11726
3194 10660
9620 6269
13185 2821
10955 3189
2483 2034
10510 9997
13848 13766
14566 132
1475 9131
3813 6699
8650 2537
11539 14837
2740 10219
5024 323
3735 8473
7362 12472
6639 11366
6968 9465
6872 11217
1043 13371
12762 2727
11561 9059
10913 11761
5261 7603
2342 7861
6494 3507
4043 12233
14502 851
9254 6267
13 4442
11302 2828
3778 9142
156 3054
14468 3458
9501 3455
9859 13213
8833 14525
3846 373
6112 5608
3616 5987
11597 4590
11973 1097
2408 7296
8796 10600
4214 2341
6623 1476
2634 12362
13259 10360
6841 2469
1768 6882
6853 5431
7316 6377
9356 5331
1091 8875
5657 5008
7358 9795
8815 8801
1407 11779
11398 7381
3905 6980
11371 1994
1629 5475
7055 5769
33 13310
10555 5264
2771 13176
352 11700
8982 901
11558 12865
593 11771
9236 7530
9613 12884
2015 6893
10727 11502
10989 12256
4513 9439
1108 185
4139 161
13516 10626
89 10247
2344 8532
11107 3227
13077 6495
13604 10423
2135 7356
12150 1694
6182 4471
5990 9449
11976 6947
13859 3029
11443 10103
7617 12731
2851 492
7600 14557
9841 10397
496 10282
12591 14039
7740 9849
594 11750
14049 13518
10290 14924
5352 6214
6979 14167
11248 7393
14374 7567
3754 14198
10122 1066
6967 12591
13843 5645
14682 9582
183 14228
3163 12457
10528 6256
6486 1910
5473 3442
7953 3847
2311 3058
2249 13818
7104 8041
12062 13286
6015 308
6414 7260
14408 832
14947 4986
11111 7439
5480 1818
13963 6364
11363 3700
10020 8387
11200 7252
10742 6167
11587 13956
10414 2972
14978 13694
11631 14153
8428 11659
7732 11720
14625 12798
12219 137
1749 8349
2067 9200
2003 10030
7133 1677
6011 13397
4322 9228
151 303
3496 13825
8988 9921
1561 5004
7406 7532
1111 7623
7076 302
11980 450
11329 12824
1723 13955
6941 6499
12530 11902
14172 10753
1240 7728
9705 11737
1959 7724
12983 11188
11733 5333
7102 6879
11508 14454
725 2946
6502 8254
5682 11185
8540 3240
8990 6093
12857 3164
12803 12776
8132 5217
2596 8563
10210 12504
3647 12336
10107 12671
7199 328
1851 13285
8130 325
1498 12856
710 7359
6950 776
178 3577
5032 9950
1313 7480
6086 6200
5094 43
12177 13133
13120 4042
5692 343
8949 12476
12225 13294
12239 9325
12426 3117
13356 1124
6952 10469
832 5523
11898 5518
14867 4286
13381 11272
1480 9322
14216 1372
3302 6022
13782 8351
2912 6511
10060 8013
1312 6415
2426 601
11246 8098
8142 6466
8447 11273
5732 3790
11861 2927
7663 1849
3330 9887
8363 8503
11333 13049
5685 4834
7222 3820
4155 3097
1773 72
5394 8253
7434 928
3901 3481
11264 12342
14325 8404
11755 725
9181 5109
13434 12049
9957 3436
301 573
12169 13027
3222 7177
3095 12779
9072 3406
4776 3198
11528 3337
6683 5906
2807 2756
7115 5436
1147 8510
1489 2908
14700 10007
2894 6874
2851 3162
12173 7537
240 13612
13841 4228
7925 10229
94 4748
14467 2781
12731 12039
14007 10929
9838 6915
2663 6002
568 7699
5502 13071
13508 7499
10838 4585
11806 6002
209 802
4812 11114
12216 7488
14600 1885
13299 6404
2669 2468
12122 850
9495 7490
13463 1267
4955 9362
11525 6542
3792 11933
12292 7193
13158 10768
9029 5510
4060 7813
6981 2213
2615 598
6336 4518
3763 8209
5871 1211
7349 14690
995 5429
80 11124
263 3968
2771 11692
4884 1857
13138 12215
12860 8652
10866 5709
5814 774
10158 9080
2438 7493
6272 14274
7399 4030
8842 14629
4226 8206
5977 11952
13038 5987
11079 1003
2411 235
493 5777
6282 2409
1106 3726
4023 9553
5153 14949
1640 2312
1806 5682
1019 1965
10598 12184
11847 12997
496 1019
10798 12036
10058 7692
11124 14516
12831 7084
3210 11101
9822 13569
9546 3320
1336 1855
5686 3056
13050 5522
1771 143
12889 869
11865 6172
2924 9765
14494 7535
8073 10883
12593 12119
6250 12577
14636 4734
10656 9917
13493 5341
2679 1139
11172 12879
13 11531
5519 11531
7432 6004
6943 7427
1844 8388
3124 14384
6025 12049
857 8304
14547 4413
4137 5741
12456 2194
10414 11752
14000 2980
14487 6079
6830 8955
2243 3306
10713 2523
3092 13456
8818 6765
13266 10218
2776 8362
10717 3604
6724 916
6547 13685
9156 1212
12874 5897
1825 12441
4768 6131
511 1072
7986 8322
11787 4826
7215 9116
10101 8064
6138 1303
3419 9103
3344 11877
13736 11073
14635 8007
2211 11476
3259 14474
11857 4898
12821 10480
9876 3031
12408 2484
4553 5615
4822 1472
10814 5899
14484 1956
2967 8049
4240 6091
14607 4247
11861 1475
446 3649
169 1763
12062 5529
8985 9659
6816 7634
10150 9652
3473 10566
2298 14673
10217 14927
3844 5228
406 9159
12811 790
3617 6628
11228 5916
1574 3159
11507 4267
3671 1408
115 6942
11744 11541
6537 2875
10843 13483
4532 4831
5124 13973
8808 8265
6539 6962
183 4562
5085 14225
3931 8842
11583 5346
2906 3806
8893 2992
11198 128
10946 3891
52 14484
9765 6562
4582 2010
11885 9206
8153 4251
4306 7293
8670 4551
9497 5018
14516 4237
11126 12072
7215 12801
10270 6776
7728 11279
8192 6475
12744 14116
150 748
6126 12679
2942 3012
6949 7140
3801 7675
11840 6693
10301 2172
8454 4127
5641 12953
13095 2497
7766 8184
13020 7905
2243 2030
8488 6677
10066 4431
8263 5317
10865 11818
6148 13693
5112 3386
9110 3716
10193 8640
11991 3895
13036 5629
11602 3366
4664 10835
7093 10411
13613 13472
5772 7756
125 780
1225 12790
14692 7343
11651 10371
1853 8496
1693 14053
3345 1096
13103 4096
10899 7723
11957 4639
642 12788
4104 9341
7348 8824
6844 4114
12278 10320
1860 3551
12 408
8065 233
11663 10160
14232 12804
8933 2618
12325 13769
14964 7880
5346 8899
1505 2784
12230 3030
11662 3174
13620 9165
610 12560
3524 11964
5002 11890
4787 5064
12956 14340
864 8706
11389 6641
13208 757
508 9077
1532 2972
5186 1141
14710 14600
12879 2683
3601 2121
3650 4718
2961 5939
2151 424
14706 5719
13832 14703
6135 2573
2107 8559
10538 2219
6602 5072
8486 10721
14498 5608
6393 458
4689 14873
11070 10376
11414 1085
11790 1435
10149 3728
14718 11175
14820 12086
7845 7605
589 12961
8942 11069
3285 14528
13112 9711
11246 118
4885 8876
4201 6002
7708 11762
13054 6000
11823 2856
1968 14808
8101 9827
11061 5868
14053 3341
3571 10602
4467 12433
5040 14651
13359 10237
13571 14012
7611 5287
4629 1538
2162 482
7026 3461
919 8624
2301 8519
10849 10221
10256 129
5675 3002
1517 9355
6367 6703
10715 5732
2240 7245
7603 4507
9508 13833
1863 8658
7693 5249
12525 6137
11872 14311
10790 12283
4262 8444
3141 4716
12977 11287
3796 1059
12582 801
1299 7141
6275 9229
2246 1424
9476 11525
5513 1907
11959 5945
2061 2354
1358 2593
9572 4373
4125 13643
8426 3022
14469 5544
250 625
1884 14216
11677 5225
4836 7382
11439 8399
12039 9193
1409 2482
9791 671
11181 6384
1088 1424
13541 9354
4487 10186
9997 2789
1769 13588
701 1264
10355 13618
6448 6083
10529 1363
7997 8232
14657 3155
10005 927
4374 1592
6098 3668
1255 2079
14160 6361
8212 9091
5272 4360
2980 4850
1316 10143
10962 3533
3784 5047
3612 9882
11424 12880
2700 5447
14342 9273
14956 7897
3964 6865
7228 4571
900 13365
466 11283
2041 391
8540 5955
12631 6815
6170 350
11399 7376
6948 1572
406 10847
11198 6683
1771 3565
117 5481
6460 9101
12751 13702
4037 8026
8492 12094
10172 521
489 10749
13101 5730
7424 6267
14773 1397
11241 14101
1826 1590
12000 7042
3477 10887
6507 2821
5576 2099
13057 12453
6557 7802
11246 7665
391 2723
7339 9174
7677 4040
1065 1645
7575 1248
6171 9515
7989 14109
5835 4348
118 6860
688 10708
7662 312
2913 11455
12590 5552
932 13712
9204 2553
5455 3658
8448 12180
10023 8107
1921 7655
11569 5822
10850 6644
11900 14611
9507 13358
11769 7193
11797 11081
4347 7502
14161 3722
8022 8639
5202 11965
11786 2102
7162 14792
970 11000
1937 11382
6660 9778
11060 6629
5861 9811
10364 4044
4688 14622
8149 3481
11574 1899
3517 2390
6217 5760
11662 14020
5799 3431
2195 14094
7107 7072
1084 1239
13391 719
11047 9475
10037 14980
14932 11531
12662 5236
5069 10139
5581 13821
4277 9124
6303 1902
6791 14811
14081 6065
1277 6812
5914 2663
746 12789
4286 7964
7184 12963
11928 14983
1206 2199
5620 12000
12367 10309
2869 13272
13979 11346
9548 1507
13214 12331
13049 12555
4829 11949
2333 5168
6081 3074
11832 13890
2377 6071
6601 1837
10411 2175
9683 432
9723 6056
9980 12984
7353 8528
12172 5719
14688 8320
13215 12785
4393 7152
5557 12903
1642 3868
9916 14568
7416 5216
14722 11032
13032 5687
8709 14686
2167 14293
11492 12593
8 2944
8624 12199
9193 317
13767 6431
8007 10568
2235 8752
9350 1017
3967 10410
12891 13656
4617 14432
5842 7621
13352 12468
13834 12970
2648 802
2729 4178
5175 7549
5707 4274
2861 14753
3068 7521
3595 2909
614 3174
4672 14195
2094 2046
8383 7856
8878 12822
6266 10458
3325 4373
10059 14177
2766 10369
8748 7636
553 7642
1048 6887
7203 10409
10734 5355
13118 8201
14800 3050
14889 4409
10725 1851
1745 5553
6660 12744
789 5453
4248 7693
12612 3708
9412 11000
3813 9340
12692 6503
10332 7332
1183 13426
11410 2900
10439 756
4322 5742
11948 8467
4570 41
8743 9745
9071 9381
12020 1229
11220 2587
705 7789
9571 14740
9236 5983
6330 671
7296 6174
11830 9106
14353 2014
11663 3047
4555 13409
13905 14890
9922 5545
14581 3271
12423 13883
1672 5687
10799 955
3489 1931
12768 7789
2380 1995
14307 14684
14931 12428
1611 8436
12325 14974
2998 8207
5946 14931
14137 12664
10510 1160
6562 3756
4928 1758
8312 346
3047 7940
5804 6902
12817 1459
11315 1
7486 5626
6079 2091
3823 5619
3901 12094
10289 4126
1310 1616
4301 13000
4198 11426
14812 14814
1386 9199
971 3547
287 14262
6148 5548
10729 12943
5216 11599
12049 10627
12706 4701
7869 1073
6945 5481
11114 11116
7314 812
3156 8238
12921 9664
2384 3456
10250 11476
4597 14709
9412 560
12547 12801
534 14144
2150 5866
782 12846
9485 11585
4536 2529
3864 13307
4317 3302
10049 4458
9051 13063
10668 2099
7435 14724
7708 9221
4076 6565
7200 10394
2636 7056
5387 10318
1737 3044
8851 6300
11686 3409
922 3179
604 13530
4255 1270
11306 1313
10811 13165
9698 13665
3449 10563
14951 12971
11684 4411
12710 9660
3160 11201
3335 3656
5429 8604
9854 3911
7877 13099
10265 6950
3033 7261
11024 2591
14212 9685
6430 7086
8399 10773
8123 13265
10398 10821
11880 14340
1630 3860
7611 3708
7852 4967
2972 5324
13038 12434
628 9903
3277 1478
6134 12689
3109 1598
5175 9501
5026 5385
14973 4098
11008 8063
12300 3013
13953 9032
5253 4280
3366 9845
1043 10913
5171 12638
10383 11349
10160 5032
13565 487
6008 7147
5042 392
1986 2168
9066 13893
1742 9946
5359 12734
4195 5752
11904 11324
9234 7165
7470 4958
4216 422
9584 9364
4795 12302
11428 9343
3346 13767
1895 10530
3510 8801
8616 10636
10579 14746
2357 8121
3265 9596
12315 10279
7812 6518
3359 5603
8660 2864
4264 5772
1258 6249
14300 10525
10137 13661
10342 14111
908 6853
4338 10875
8337 14329
6582 13234
8315 9282
6170 1587
936 5831
11281 11345
1966 1483
14467 10583
1101 10248
12403 3436
3033 14584
11146 8441
5872 2967
14874 11135
6967 7617
2052 7719
8671 3139
9548 1178
2657 522
1278 4122
1295 1097
8716 12277
2741 9177
10297 8023
10741 13290
5476 12641
8677 14576
832 12586
6861 5228
2538 2278
13960 3267
4596 12081
6823 5622
969 4443
1851 12041
9905 9792
7511 2537
325 11325
14599 10617
5446 14655
1801 14194
7770 14290
7394 10109
7009 10231
4051 4948
11692 9150
11551 10250
9019 7576
2279 6934
729 13228
11616 5248
426 10783
807 7005
1417 11571
6841 10398
3508 11302
1040 2381
9589 6833
3712 8943
5859 1378
5519 13002
11141 4119
7532 5382
9688 5888
661 11786
7833 3216
10949 12941
13521 9204
11217 6581
10356 11866
14802 5742
9968 5521
10992 1513
11367 2412
587 13947
14964 6749
3858 11973
13707 6226
14054 406
7041 7715
5358 14855
9837 5572
13056 7072
4781 8698
703 6523
787 11903
14154 1594
2201 734
7581 9039
12131 13401
10226 14659
12160 11879
964 5257
5759 2951
11558 13250
3155 7935
12586 8381
4481 8761
8687 7059
14692 1885
14030 2296
8400 4206
4081 4931
7044 5205
13065 1359
1443 12720
12912 8389
12644 3009
14244 1908
10168 4118
357 1847
11781 10677
11658 5688
6895 1485
6739 3097
521 10122
13640 6507
1169 11208
6039 12630
3975 11316
8463 5182
14437 2038
3676 7897
1001 13398
12308 9679
3104 12409
873 3462
1095 2986
1385 9024
3433 5781
6718 2329
9291 2033
3915 3649
10145 7858
7749 8761
4190 8846
8793 7189
8434 13985
13166 9106
7625 14715
1001 12739
2222 3240
4795 4724
14063 299
6663 1761
2806 1425
8472 6670
7191 13361
11553 4935
6849 13320
1293 3480
3439 5986
235 8850
1061 1034
7005 4118
4587 5546
10724 3478
14776 14798
9475 10186
12407 7416
11219 3149
13311 155
2264 3866
12600 14620
12188 5103
12193 6496
4141 4119
3321 6207
438 7203
10024 8884
14613 6457
14958 6177
12811 1069
7777 10339
14610 1528
6883 10772
9747 2534
3745 3602
12575 1130
2355 4803
7437 4893
6518 11593
7779 8971
738 780
4076 9682
8849 11804
6025 9042
423 1634
8118 4407
2662 11475
5153 5802
