3500
11582 11381
7501 10216
7767 2539
10188 11700
3246 14087
13299 9136
2005 8326
4858 8011
7409 4436
2180 10193
5073 1218
10840 11575
7628 8324
14492 13228
2125 5152
282 1802
5869 2619
10999 14995
304 2992
630 3884
6522 13258
13151 14113
2547 9096
9415 9979
5311 4430
2979 6561
9446 12142
10383 2561
11854 72
8855 8529
5668 13198
3166 1144
8646 9172
10428 12321
6802 13089
12938 13979
4775 14496
4518 4132
10288 8263
4379 7388
304 4564
11140 8095
11810 2222
3042 14393
13037 6092
10419 5733
11710 4855
9563 14310
10101 9821
6986 3560
13319 3706
7694 6595
13967 10169
2993 12133
8763 12870
10294 10981
6339 3916
3966 7203
1476 4407
4676 3806
6152 10155
14651 12738
5180 2983
317 508
12513 5843
12952 2348
11671 771
8098 8183
2754 3430
7935 10636
11466 13034
7079 3970
11801 9405
1193 646
9629 6942
13028 14037
267 7721
2235 5099
3911 7189
475 7182
7757 998
6886 4218
8105 11257
10809 12496
13335 12267
3162 10967
13268 14973
7783 321
995 288
3000 4789
5755 13039
4865 10908
7543 1995
9269 6479
2273 5319
8704 11713
11965 9678
14647 3141
11651 12730
12583 14790
14581 12057
7538 4470
11689 13807
13051 285
11869 524
11554 7377
573 5522
12059 10143
12711 11864
1317 12536
3639 8776
13240 7661
12910 5991
11627 12505
3301 12018
6551 10081
2406 9121
1457 10766
8178 7269
4993 248
3825 10428
1686 3160
6975 543
13532 5194
8387 587
9529 6804
14424 14819
9535 7657
1767 6473
11420 6927
13893 9964
4150 7326
884 13232
13519 9779
13759 11291
10772 6679
2750 8329
7300 2187
5639 7629
13432 5946
1719 3309
13924 7302
12854 13702
3654 3053
3906 12864
14503 11096
9905 12218
10890 2007
14128 13115
7700 14976
10183 8930
11701 2125
2140 14717
13148 11539
5949 5293
8411 11830
6786 2595
2759 2045
11759 13937
11458 10063
2984 5099
11186 12987
12393 8247
9861 11147
4134 7143
4265 1760
4634 14776
5503 12857
14204 8239
7326 967
12345 2452
9898 818
13350 14909
384 13049
613 6982
1241 2840
9501 12316
5643 12834
2149 10678
5690 11676
10924 1685
5164 7689
5614 14396
14171 441
14962 2758
14568 3945
7434 1082
10407 4191
7525 12260
3355 2689
418 13297
5694 1640
12544 2394
8855 9425
6307 12780
8998 9271
4 6178
14508 508
3263 1758
13058 14995
9687 8518
2185 12422
12024 10532
12402 14664
8396 7490
9998 12294
1235 3677
9877 6161
3975 13196
9560 7587
10640 1635
4260 1899
6278 10016
13512 4059
11928 4658
525 8700
13388 9140
11581 10224
1286 585
5287 7625
4314 3363
1395 2844
11032 8815
9113 12930
3461 7050
14131 6247
177 3305
900 11690
12584 13926
1882 5786
10191 1276
2665 12501
699 464
3379 12388
12163 2077
136 7949
2203 11498
1887 7046
14256 6070
3832 3836
7035 1473
7564 13007
2890 3622
1412 1483
14056 4538
10495 3890
6156 11508
12310 6587
6970 14471
14050 632
2769 1535
3539 9457
8963 245
3439 9109
9238 11340
2163 5354
11319 12160
7911 7320
12834 4760
12178 8649
13185 5297
680 2213
1838 154
2535 13625
4796 7853
1964 6963
11578 9228
4353 2395
12010 7894
12578 13149
14358 14041
249 14137
923 8646
8881 9214
2002 3137
8185 2905
12637 14712
14429 1671
10884 232
5506 2829
2850 322
4174 6365
5759 2071
6225 1351
13698 281
3462 14457
12198 336
10977 7279
3036 10754
9177 9121
286 12069
7327 11245
12561 9003
6817 134
7118 581
11742 8014
13790 13099
11840 7088
11554 9590
6808 5180
3717 13371
14661 11386
568 10123
3301 8745
11609 13983
4549 1177
8809 9333
13593 8730
2100 7285
14337 3797
8669 13730
4567 13124
9481 9312
1967 10777
2969 3826
2080 2933
14612 9686
8741 7385
6184 4561
10953 11483
4957 1022
6334 586
8834 8144
3378 197
2463 14033
14450 11089
7790 7403
7329 1250
8606 11854
2724 2091
5681 407
13261 9110
8584 8290
5945 9153
2572 13451
5969 8482
13940 1681
7725 393
150 13858
12145 10907
7177 3225
13280 13192
1592 2841
10870 5767
9511 9556
13755 4727
7708 4850
1784 3539
11542 4621
1111 13873
8931 2417
5682 1811
6254 10867
3380 3295
3348 6643
13004 12092
6426 9166
2242 3032
1151 1322
9187 12217
3861 3401
13472 8118
3228 6426
10848 1333
6450 10317
4060 9578
5545 4686
5833 6345
7741 7553
4636 14248
14844 2604
10045 5155
5762 8223
5087 2314
14094 12220
13428 4880
6628 14494
9676 338
2049 2888
2805 3878
4196 10330
9326 8085
9098 10136
429 4282
1885 4426
3372 5811
7479 4684
479 10300
832 11911
7122 2937
9855 7092
1945 12745
13218 1226
10357 3426
2334 10619
9130 7189
10927 8536
11296 3270
3076 14846
1175 9320
8643 13403
6627 1940
1966 5347
3987 10954
9680 12970
7203 9812
8652 4130
11414 6885
7119 5993
10666 5921
11299 8990
9090 2636
7836 14270
11038 14739
13838 547
5070 11401
12350 8695
8045 8515
14434 9576
490 3232
12105 1134
1103 12676
6363 11683
6562 13430
1376 11052
14350 9042
2537 11748
1358 2496
5854 7750
2070 2791
1286 439
2883 10187
1600 3187
6356 5830
3069 13907
3751 5890
506 3828
8905 153
778 8221
5848 5626
6097 9322
14575 2351
10042 2467
8089 3660
13538 7311
1032 9086
13667 11034
13716 7148
14628 1106
1263 6581
2300 9484
1229 13289
7100 4102
2611 4007
3402 10924
9512 14912
8054 529
12575 531
6839 5153
14253 1483
3467 2078
4167 14579
14414 6547
13942 11164
3653 3281
12056 9149
5030 5027
2125 14934
314 2993
7385 11096
14466 14203
8767 725
7141 13429
254 6670
10425 8529
13981 14159
5897 9984
14035 12587
11872 7936
2157 2566
6858 1504
12305 1604
11923 7233
14786 9662
6346 4189
13064 9786
11864 14201
11885 7298
14288 194
11394 1365
12159 13539
1923 13978
14763 7731
5529 14900
7647 11125
13565 1750
7980 8992
14227 14739
12977 14621
615 14839
7036 6175
2785 10468
4653 14726
8694 14706
11538 14684
10580 14088
14862 12615
7398 8522
1573 4404
832 3405
1128 8277
9517 1084
797 3864
48 7385
7760 13908
7030 14188
9588 10536
9431 11260
2989 3651
12222 1714
10290 14104
14769 11526
739 12414
13877 12770
4436 9700
4772 3032
10034 3806
6789 448
2772 9933
10186 2981
14536 6747
8750 26
9427 11712
7175 39
2219 6379
10628 8754
5484 6334
5863 14989
14104 8194
4255 1498
13919 414
10104 2470
12257 1076
8613 1632
6305 7167
6542 8302
7815 10992
450 3479
11329 10686
13331 6826
5541 6935
5663 14577
5093 8429
256 12562
5377 6890
10028 5582
14821 1378
7872 8883
10778 7531
9439 13570
10048 210
4964 10161
8973 14355
8488 9370
1476 11568
4600 12154
4262 12224
6761 80
13687 12678
2417 2173
185 2829
10608 5658
14478 5046
125 10336
4413 13577
3776 5010
14142 5486
8486 2724
12803 5522
10950 8638
5575 12426
12621 6052
1453 8427
9248 3139
1384 6908
9282 1039
11807 5283
9820 4127
12151 5899
9018 10506
12517 3563
8769 553
381 12765
2936 2934
10105 10716
410 13931
5958 11623
10926 10308
8872 7250
3542 13271
2533 4094
1842 11473
10208 9164
13062 12961
9219 7723
13287 9639
4329 304
5651 8264
10179 5137
3714 11427
8306 1406
6892 3735
3131 14094
2023 10335
10379 6651
376 2613
7515 2407
2835 9812
13359 6432
9354 13206
13986 3516
1937 11589
2943 2642
3007 9891
11378 7031
9193 563
10054 4241
64 12902
4990 5241
6724 1221
14779 1243
8001 12715
13416 10772
8941 5417
14703 11780
9364 2331
9041 5666
6102 10965
2539 7036
4688 8036
1294 9336
2825 10214
8291 14626
7818 14979
29 10891
6171 11607
8659 11346
2046 6924
7726 1882
2508 10934
14778 5052
13278 5589
4587 3861
5511 4237
950 2533
11096 4679
4129 6935
2540 5565
3757 13396
7318 11321
10315 5808
931 3121
12622 12976
3973 13133
6619 5825
5575 11452
7150 11446
1129 11859
11194 1668
3080 5490
5544 2147
8573 8766
9303 3850
3753 13492
11666 13682
11101 3067
14576 6947
515 1143
1389 9661
7205 14841
6345 3014
1890 3107
10304 268
1402 3072
11670 11902
307 14415
13646 13503
6320 8573
782 8362
7006 6220
7039 3399
1075 6950
11050 1516
13070 10953
7046 13811
4397 7208
13376 9608
12281 14910
28 8163
4994 7341
1710 10298
3576 6162
7263 2013
14170 1660
352 5039
9730 14307
8815 14270
5966 11248
11996 6276
7543 3722
6159 10904
9594 9285
9046 13934
3895 5377
2467 2689
4295 10680
2212 13615
4318 12498
3390 13252
189 8023
9712 6252
4790 6162
2640 4942
10897 12665
7003 10821
7013 10649
3433 1634
13822 6171
8841 11379
3317 2957
3408 12595
2518 6355
9506 13961
9281 13572
3587 3393
1160 11449
559 12168
4344 2748
14995 4625
8167 4399
14920 5783
3277 12323
12899 7510
11584 6415
12459 205
5238 1784
11944 7443
1718 1424
763 2252
3148 26
12228 13471
7462 13679
12750 9337
8730 8182
6786 2366
5330 9657
14610 7208
13638 3022
12033 1101
1147 6382
13892 1788
3259 7054
4415 3647
6894 3939
2992 11786
13794 871
2240 2169
7177 2417
13184 12107
13170 4223
8287 11740
7368 4681
9239 480
8954 3609
7313 6943
5589 8547
442 3567
1489 9076
13714 10779
4078 4974
12817 2058
13258 5838
5219 11227
12337 14135
1547 6867
9702 4873
108 1871
5208 13879
10135 13915
3781 11552
11309 551
6840 10766
12907 445
10231 5194
10948 14426
12557 1771
7183 3790
3034 10522
7245 6632
12785 10175
2990 1405
14989 10544
6330 13052
10027 5220
2604 9967
773 9440
14003 5640
12096 3226
3223 10393
6049 9814
11003 12276
14036 2921
5272 5922
13223 10555
14766 11628
7218 4924
14511 7844
14106 4583
8117 8255
11708 7378
13598 7133
7710 11503
1725 3108
12916 1165
7450 14341
14473 11339
7857 1658
2475 8434
14266 11334
953 14533
13509 7674
11885 1143
7353 7150
888 11844
13488 5769
11092 7710
4111 1501
6607 6603
12988 11760
3896 9953
12221 6369
11408 1905
6396 12415
2940 11782
196 1812
12883 3049
73 2098
80 10443
3378 10334
6636 8849
10769 11930
10913 13567
13820 10901
8026 6413
5720 12550
12331 2152
5903 8829
5591 10312
5873 8104
9813 10859
3650 3369
512 2971
7942 438
14395 14396
2693 3773
12944 12851
1947 9290
3229 7431
8509 6640
2993 5136
13885 10393
1582 3167
10400 6900
4719 12668
7101 5606
6307 3623
3371 3299
11089 5158
5204 13946
11481 10204
6680 473
5991 8045
12048 14460
8829 13590
7046 10297
9319 9401
3182 9623
12848 6202
3221 10825
8519 13084
10397 3842
4970 3999
9981 12531
7111 10567
2967 12173
1011 14202
7599 4607
5222 3757
14681 13597
10416 4906
12133 13064
13949 6895
7068 475
12728 1038
3149 14747
5338 14684
6072 9317
4943 6840
13076 11196
7598 7462
9581 239
10841 13034
10121 9139
3949 14372
10690 6824
2169 8001
6371 6451
13955 9169
13391 12396
12668 6818
3882 6662
13878 1338
7369 10296
10840 7111
9429 3214
1605 3326
4455 5142
4229 6973
3372 4029
12886 941
4436 8205
1917 14648
10530 3020
2342 11564
12424 39
7878 10512
11996 10636
4754 14545
6235 13579
14320 12771
830 9986
9609 9846
3138 13985
2055 10457
14042 1075
5218 6870
2715 956
7573 9627
9931 8415
2875 5859
14751 993
8888 11273
8207 7832
13798 14767
7366 10570
7275 4465
2537 13201
4642 10797
14164 1981
8470 7035
12707 3691
10991 10607
11818 14142
11079 6861
1667 7033
9889 2192
11126 13061
3240 5201
6236 13792
6121 4527
10459 3940
11287 9616
1843 13321
12969 8795
1445 10246
14738 7723
11931 6385
1629 14157
4401 9038
5400 4772
7605 8155
5616 12629
13484 13306
2160 5649
2274 12413
1543 6512
4148 13635
10825 11881
12823 3279
7450 3288
2173 13667
7192 1828
8811 14223
2142 8548
151 8796
13084 10438
13083 6040
489 5996
14578 5947
1094 9849
122 84
13639 14494
163 9653
1314 12243
14746 7109
2237 11884
13623 13996
10367 1334
6790 13156
1694 14703
12071 14494
6158 7984
8593 12468
5478 7228
5923 2773
11065 6826
10204 3137
460 10888
8168 2111
1686 5234
7413 10411
12532 6621
9816 9649
6514 6693
10671 3897
3432 358
14609 654
2476 12159
8398 12089
7138 4252
5120 7784
2677 1497
14781 10793
6294 1613
2944 842
802 12087
3512 5778
14930 696
5862 14383
14800 8019
4012 7903
6079 10995
6242 2893
4977 10397
11347 6466
80 1475
10954 5217
10700 7042
4857 14072
3147 4000
3038 9031
9400 10644
9463 4072
6582 11543
6042 1559
12690 570
6047 10098
9907 13798
6392 6173
10802 6838
14207 11966
2219 6602
7582 5036
137 6459
5706 11657
6311 2388
5285 11321
14417 9803
11190 939
10996 1753
6345 502
5419 1400
8009 960
5589 11966
12782 14132
9101 14783
5935 6703
13204 2659
6121 7199
10835 14428
11563 11640
12465 11549
76 6974
13679 10071
8008 14361
6310 14016
14566 1399
7086 4820
11401 2395
3231 14010
6201 5756
1997 4718
1683 1622
750 4679
3944 6044
5087 2543
4961 9993
6339 10740
8065 9419
2525 6234
11852 5593
11297 9397
3453 10899
1326 1263
6686 5139
10845 1060
9994 13531
13490 3197
8230 4564
12632 210
7224 4241
3059 1718
10394 9578
10303 8154
3930 9728
1588 7505
13121 12549
12786 9100
8865 9287
14238 6847
11515 14796
7760 8356
7524 430
3986 8744
4801 5000
13383 6543
6875 8542
9712 9596
3605 13426
3676 411
2644 5809
6915 2152
8824 4262
10026 11600
9960 12545
4882 9465
6776 7078
3977 9475
14166 11969
8866 7749
13924 13178
12708 6107
7571 435
4403 9983
13152 11475
5811 14458
934 6420
2457 2256
14556 7474
10052 10066
13285 4890
2309 4389
8314 4478
14491 8027
5433 11280
12834 10757
8583 8134
913 4222
12891 11262
6147 11610
13826 7799
6273 7782
12785 4192
7995 491
1644 208
7745 708
8291 5959
1669 11585
13729 12395
4527 93
12578 1614
14322 14597
9333 14274
13376 9560
2663 9225
14744 6414
7010 10389
4430 168
9514 9705
7136 7554
11030 5550
7693 14946
2067 10827
2471 1856
6635 3439
13023 14694
13127 6395
13582 4703
14752 5483
2035 13196
13648 8202
1331 10229
3780 3655
6318 11010
10974 7073
8536 5606
1544 4080
13402 2432
1926 1937
3691 13459
964 6992
14470 10774
13427 8111
8728 8458
6771 1314
13580 6973
492 8585
10923 13925
13869 8243
11063 183
479 2708
423 10563
14206 1277
5452 11296
3950 14277
9693 14816
1885 8471
4577 6360
9083 4809
10656 1812
4803 5447
7505 14735
6665 13047
3615 14112
10365 11007
6218 7260
7500 12933
80 4863
4497 4460
13914 13001
1438 2986
2853 3475
5821 7214
13366 10177
2818 3123
11878 737
13446 7539
11738 1445
7137 1166
5367 13545
4584 3577
4302 8336
13411 5739
9828 6661
2236 1637
3601 8642
131 6935
7247 8873
7245 3842
4465 13424
12707 9122
5980 11420
13078 10008
10290 12702
14589 10935
12007 7258
6752 9222
5358 4190
7998 13711
14466 6224
5330 3556
2757 8249
1130 9215
4922 9271
8887 1968
12830 10757
12747 10980
11759 8636
6239 5798
13208 8191
1120 13296
10054 1161
8308 14600
138 9569
14633 13388
14386 13505
148 9513
10827 10401
6472 6694
4684 3304
5997 2762
10226 7608
5628 2907
431 572
3315 1705
14168 14342
12220 182
7450 7735
7181 1109
3887 4601
2344 8443
3119 4320
8341 12198
3190 3010
12635 5449
10259 13011
3469 9412
7797 23
12573 5268
829 10887
5634 9380
11083 6443
12175 12018
9882 10616
2540 5052
1290 6723
9848 806
7458 3221
13540 506
8654 6152
3954 11502
2817 11644
10138 2571
13731 12676
10533 14647
14934 6210
14701 12839
9344 9149
4935 11092
12118 3898
12160 6709
11367 10568
10934 12542
8709 14513
2020 9862
2278 11552
10391 6246
7633 2759
2758 6693
5280 5475
4803 10391
7789 2403
10790 5654
12663 303
4608 6748
3419 5599
9544 13899
7146 12616
5571 4187
12917 7715
13894 14303
10766 5476
8213 13647
4211 8946
7352 12766
13205 5474
3240 4312
11034 1999
11576 10796
1676 5942
5752 3699
8278 11321
13468 337
11019 409
7732 3198
12432 6645
13235 8349
2964 6735
11301 10811
3601 10631
5273 352
5438 1058
1711 11760
7128 4514
13846 4520
1404 6414
6856 14333
3079 2605
3665 10185
13214 4711
638 9453
3223 6820
14300 1818
12086 2747
6838 7894
13 1649
2113 9266
12528 7551
14963 12792
8210 14753
5678 9307
13989 14992
5715 5073
6204 3200
592 1871
4022 10448
13351 4748
3350 607
3769 7791
951 8515
12868 750
6077 13018
9502 6206
4536 6588
12450 8048
2069 1355
11779 5269
11545 7720
2969 11019
11281 10242
11191 409
6073 8988
8225 376
4715 6795
1172 8236
11455 11429
14678 9537
11708 8998
10853 11058
12148 10807
8354 1564
1404 13427
7088 2736
12617 363
2506 4676
2786 8615
13228 3132
6403 11084
2196 1651
4452 9096
9865 11720
2778 8815
6739 3115
11109 1294
14449 4284
3200 6347
13738 12051
8567 3536
10583 3478
3423 3893
8811 7282
4782 7222
1588 14482
2145 9371
12151 13444
13584 7716
830 3606
12835 9438
2481 6988
6389 418
10084 5609
12692 12653
9211 6275
6686 6023
11539 8612
11705 13708
14813 221
12911 13940
13707 13781
4507 2851
2824 2997
7448 3019
308 7050
488 14636
7365 10635
2307 4104
13385 2495
455 2847
5243 8018
2212 7354
9233 13286
5343 9196
11005 11487
3710 2756
8250 11165
3896 13712
4702 12732
2123 11719
1956 9662
11183 11211
14905 12878
5145 787
585 3443
9311 7757
7967 9953
7102 228
9557 7947
4307 13778
6741 9594
9893 283
5545 2390
13298 12024
8159 8335
3673 13474
11044 4168
6280 2400
4993 2512
6440 8217
12488 7608
14732 3962
5453 10731
8374 3977
7920 11247
1115 9933
203 14892
3025 8265
11624 9886
5330 2623
4685 4367
9127 4021
13018 9655
406 8927
261 11529
12902 11484
4208 3281
3140 11266
2195 2867
5293 14105
3905 5834
9121 8581
3249 11591
9565 3457
4154 13935
1397 12915
6948 1940
4755 5266
12178 6152
13165 11919
11322 2442
7061 5195
8628 4566
12497 6835
13699 11422
8141 1638
7424 7559
12915 5708
12923 14962
7689 14092
9411 4636
9295 4935
7914 14963
2786 5633
10597 3998
10162 14021
5907 14774
4100 10931
14242 14550
10852 1964
7473 9643
7512 783
10276 2351
5684 9172
2828 3332
12300 5872
13212 8363
7531 920
11118 13149
8116 10929
14295 12997
4376 9199
10467 11971
2857 1844
6061 10459
13383 5863
1641 6292
10319 7604
9196 9359
6749 14180
11208 3473
10319 7433
9032 5890
663 5525
5409 12846
8296 11631
5019 4928
13074 8812
9125 7063
8264 11495
4409 3231
13171 11173
13098 7655
13813 7541
12948 409
9540 10142
2446 9452
13430 1777
10182 13636
10099 3329
12707 13972
14937 2839
14996 9969
12637 8762
11365 4128
13622 11030
11040 4245
4020 8023
5069 2637
14270 3696
13633 9715
4519 5349
11559 6511
8006 4218
10788 4851
13182 5376
689 11460
9283 10514
9587 450
2326 9637
9229 14341
2564 7601
13298 552
11205 9844
11202 10730
5653 13421
12647 11605
551 1695
6446 14368
10092 6940
4200 3335
11091 193
8193 3297
6338 10700
4638 3339
7987 14580
10890 8377
14532 6329
9455 8941
10354 8834
3722 12289
10995 110
7499 14594
6595 6015
12332 10497
9653 2693
1287 9671
4826 200
6219 3201
3466 8503
12408 10315
3686 10606
1349 6452
11528 11092
13548 14002
9834 2926
4070 14568
2129 7661
9451 3455
1829 9687
10471 9142
14970 5458
11548 6139
4211 11844
5614 14096
6467 2281
4557 3903
14678 13844
14312 13868
7289 10219
4820 3603
5632 12097
11673 9642
3042 1686
3905 5413
5464 8090
3335 7786
1998 4816
14687 12985
4623 7489
11254 3529
14723 12669
11582 5898
10924 5131
1030 4533
3486 13556
2419 13730
13479 4087
2997 4471
5700 8295
4569 10047
25 12075
13333 12746
1815 3464
6122 9727
5503 12622
3274 7320
6100 1093
306 12028
5368 2020
11487 4934
2527 252
13716 12124
465 2096
6831 2329
6850 7093
9991 10548
3349 7672
5122 5268
8668 7072
12691 3858
11441 10328
11632 7379
7747 13069
3308 5232
8455 5317
14253 10246
8545 9531
12974 11620
14418 9191
10154 14142
14837 2089
13933 6835
9731 13881
5226 5069
3940 10376
2891 10692
7149 6317
14179 14696
5504 6218
9716 10812
13041 11326
5671 4520
7142 12412
2052 10228
4277 4019
13535 1338
5843 9848
8616 7499
3554 2241
9782 7128
7362 1136
5074 2174
10490 12274
5525 5931
10004 13821
12181 4309
800 12841
11965 5871
2623 570
1179 12264
11652 8776
7119 1488
12729 14746
3826 14432
13668 6824
14931 10916
6265 12365
9153 2243
1515 4841
5874 8934
12732 1017
10107 956
12273 2354
12092 1945
12367 4130
342 939
9089 4156
5927 1625
4263 10372
1171 6377
6104 2136
13225 10026
7561 2781
419 12385
11400 264
9430 7014
160 12581
1728 13234
12064 8860
7766 6411
5989 3396
13369 7095
1376 301
7150 2689
3367 14116
14132 14269
3540 3580
5567 6874
8750 5228
2350 4349
3488 859
727 11148
8851 7494
721 6876
14755 14908
2880 6908
13263 427
12295 5382
84 5249
3731 4002
12341 8815
9619 14368
3862 6225
8038 4825
2875 3956
12538 4480
4882 3880
12827 2944
8942 371
9012 468
3895 9241
3840 12624
11749 11233
426 14824
13973 3036
13550 4664
8260 7787
2270 1395
13986 8756
2520 3079
4709 10400
6320 13875
9656 9740
4835 6952
12416 886
4408 4567
9396 7040
702 1756
4315 7053
5087 13249
10069 4886
8737 9727
4812 8219
3901 9728
13236 14006
9935 2370
6240 5676
9761 8124
8178 14358
11376 7642
3125 5140
11124 12405
303 11763
12390 14480
769 13976
5281 7445
7233 2241
9379 10244
6719 6484
2926 3215
11965 665
1919 2192
13182 12379
11868 5491
1651 3452
5472 1290
11544 1383
7082 4915
5554 11831
568 9061
14930 3587
984 10883
14406 4387
1825 12926
10363 9457
526 9554
13800 1430
3912 1873
7877 7499
3429 4112
6215 265
12526 7637
6095 13109
13470 6328
774 4922
7024 4281
674 6650
3266 6549
7516 7745
10982 7926
12163 10147
5712 12300
10746 9784
4168 5287
10439 12735
2661 2044
2063 14194
10353 14580
8460 10700
13135 14802
14747 11230
12134 4884
11637 14797
7299 8679
10176 8294
6943 11300
8077 1824
11135 5350
4666 9492
9702 14342
13727 6555
10915 1743
1320 2758
9013 12764
7144 5097
10766 13606
9402 14390
12263 9160
10003 14286
5565 7466
5406 14679
2100 6861
7156 1335
2292 13562
1131 10263
11476 6409
8959 9397
6415 12901
1431 14903
8526 11546
12241 9666
14357 9893
7363 10190
6926 9920
14332 11757
3496 8918
13266 9465
415 12775
9045 1704
13765 10971
6600 110
9250 5686
3220 1910
4085 184
12749 2699
5444 13731
11347 1214
832 1022
13878 14288
8624 45
8597 14291
10007 9539
387 837
10638 10595
3800 7660
6197 10358
3432 1083
11324 5487
385 1713
9839 7012
4403 9855
7462 9654
991 2486
4442 6657
10747 14955
2245 3536
1043 8671
6942 13464
12002 8062
1399 14669
9599 8547
11821 3555
5894 4695
5516 14268
13957 6734
11001 2813
13253 14722
5397 899
9670 14898
12559 13936
12768 7465
1532 6529
12658 12231
8686 8314
6065 12704
5724 1386
11841 8766
7590 2850
1027 8078
2022 5399
8935 8469
5386 11980
2471 13492
10919 13367
1857 13589
13206 12573
3175 1739
3510 6413
472 12102
6884 11726
6685 698
2808 9994
3753 5295
13757 1073
3361 13804
13795 10288
9581 12207
10689 4326
8578 8684
13769 13001
11249 12445
6164 3868
5626 9414
1649 6983
14225 4383
6123 6225
13609 3894
10731 14082
4025 5970
3656 13427
2875 7244
9865 13842
708 11667
6969 4754
8809 5265
6821 13686
3049 134
9710 11569
3407 5489
2963 13838
3820 3145
13332 8718
4309 2048
12846 14064
11870 14874
13429 6341
4775 6745
2706 9656
8768 8757
6290 241
8597 2086
11226 8788
1694 6656
2111 4602
4702 13798
5213 2530
11586 3982
9868 11293
6781 14748
5064 3599
10438 7873
14379 8098
13498 4728
7919 4267
10187 14134
3641 11656
10458 900
10312 2997
12138 880
5028 4932
3528 3455
5717 12288
13271 13678
6427 277
11445 11916
7339 3988
4243 4304
3348 3535
11232 3920
13107 8894
2398 11562
13782 3043
1553 14065
8657 4660
7379 4303
982 11714
3957 11506
8433 9810
4471 1197
8742 8593
9448 14743
14635 12032
4625 7581
5449 6294
13843 8087
9391 3369
2697 10613
8405 2462
1324 11313
12956 14744
12097 14806
11995 3072
14010 7087
13083 10049
11784 10526
4203 10683
9486 779
5821 89
2422 5557
12964 11582
2485 2948
689 4220
6910 12320
4871 6887
10423 3836
4273 13841
9403 9529
9461 8803
5756 8212
6195 12977
3781 12906
3720 6282
9417 13745
2450 11463
4365 6103
4340 12126
5160 3184
1083 4798
3170 14981
14058 10235
9870 9500
4899 6371
4295 12117
9719 9848
14199 11474
11470 1175
32 8776
7854 5120
220 7130
13138 1459
9482 1851
610 2764
3024 3702
3522 2743
2368 8595
5256 7846
586 14971
14029 8208
711 10332
14040 3525
10507 3573
8275 1183
1243 812
4769 2937
7966 1689
10517 1325
10190 11933
4825 11735
11721 13224
8839 121
6696 7149
562 14146
1896 13204
8890 11401
8371 9932
565 1638
13707 14924
8635 10929
5837 14338
13101 13524
9840 9168
6570 13436
12990 5852
9921 2704
11541 5342
14035 9339
11309 1127
13108 2210
46 4874
5323 14840
7046 9297
5901 1635
1895 1283
2757 6466
2698 6942
3916 4276
13379 682
6712 4524
2349 12768
13130 6333
10861 8869
9557 3957
13889 13818
7999 6854
8864 11945
6574 5621
5084 1837
2220 11840
3129 14774
5298 425
14253 2189
4475 7953
641 10302
14681 12614
2090 5586
6841 5131
13238 3744
14886 2334
8534 12428
4097 8832
9918 8516
13202 2031
5679 5256
13267 13786
12720 13358
8144 6880
10687 14395
4934 3316
12394 5920
10112 8272
9742 7703
739 2711
9207 7370
3263 14593
11848 7412
5441 5488
4114 5140
6856 10575
9260 3795
2436 3567
4562 887
5801 7526
1102 10642
13264 3083
5390 13843
11114 5037
8066 5449
11537 3757
10746 10775
4049 12399
11344 9301
1764 1295
11249 3530
3121 6504
11436 10986
14317 14304
1511 6372
1833 14816
1778 5783
12443 7837
1164 4301
14154 6419
10673 953
12084 8536
10180 4387
3927 8620
9428 7952
6259 12711
11622 530
7476 206
14588 14808
1999 9883
11177 11704
405 6725
4681 9450
5388 6118
5574 4788
10032 3405
12205 2649
12043 4353
12853 6848
13252 7115
8674 12448
4555 6102
7193 791
1793 13802
6586 13086
5853 6365
1599 14423
5099 2577
11488 1876
10429 1184
14125 1978
3527 507
12117 10896
4082 9387
6682 2978
10202 3726
4348 707
1748 12311
3980 5007
4254 2066
14458 4169
6315 7275
11490 8363
3868 2699
10037 6806
7984 11416
553 9128
91 12561
2911 6630
2581 6175
10890 7091
2316 13646
9390 13273
14623 13679
14521 10505
13291 7990
14569 1939
9724 8053
5760 14847
13502 194
1607 1791
7068 1754
7760 2663
11253 2357
1115 13734
11927 1363
9654 806
4388 2591
10328 9590
4253 10000
10048 6794
9406 10442
3018 3995
14175 6876
12198 9837
489 6739
7686 3159
1200 501
7902 9017
12293 9039
1260 1399
1700 2439
7842 2021
229 14404
13387 4391
9433 4869
8652 8242
9767 6904
3024 10444
9723 12059
13487 11734
1813 4705
9740 500
11413 9313
4424 1458
2227 830
3828 7255
2958 10503
3279 1624
6517 12147
5101 13933
11522 4223
11514 12709
2076 9386
1958 4398
8443 4252
6224 3226
8600 11370
4869 14252
1924 3430
9410 9319
13952 12726
12827 5509
356 4780
1487 8552
5529 7060
13530 13822
10041 9693
1090 11287
7121 8724
10961 12014
5899 11101
3477 8978
2488 13573
10884 6419
6741 1792
3007 14427
14387 11704
6706 8390
7029 861
12496 14071
12435 7041
10310 2826
12712 4959
2654 14525
8832 4781
6448 11842
2460 7697
7787 6869
6817 12963
4170 14479
14013 14296
5092 9680
3221 11406
14265 418
1503 8276
12363 9047
306 3735
8487 14546
6364 3843
5947 12478
13716 3398
9010 350
235 2622
8252 10356
12539 13864
11791 689
13040 11702
11809 1418
3267 65
1173 13323
2821 7179
11605 6458
9911 9988
12627 8783
13999 11441
2262 1890
8145 11355
3156 6145
11749 9653
11695 3763
13570 12060
2688 4971
10286 12426
641 55
11818 4180
1312 8396
1927 7651
14362 8266
4140 10374
6802 5674
6529 9144
4471 10348
7782 6838
2268 4709
5477 14405
12401 7222
1222 7739
12436 2611
4151 3219
8184 8802
194 11201
3216 14062
3876 10569
8051 6279
14066 1026
4758 12705
3328 10967
12630 11720
11880 9640
4335 8604
8023 3757
10827 11572
7889 5393
1301 9358
4740 10121
4390 2594
14219 12770
1243 457
14460 11104
7089 9208
13386 12044
9921 6626
2972 2921
7897 1756
11091 5937
12065 8926
6174 4854
11656 5330
12772 564
6887 2370
13521 10996
1438 6078
4646 8942
9301 5682
8973 8072
14318 14491
1884 9016
280 2176
389 4739
3396 415
14134 64
793 9145
8136 12190
1409 8507
9877 304
7368 3423
8850 1149
7916 11564
4988 13522
9640 3686
14094 7126
5776 7131
3245 4218
14482 12587
276 7159
10570 1446
4361 9463
4928 13437
14650 10588
8992 4626
5082 2953
9926 9142
11114 2709
5048 120
4414 4316
12359 1907
4734 9522
5984 12350
8106 940
11184 14068
9842 8485
11409 3705
9591 6310
12596 300
3011 1999
1346 11371
11525 5151
13020 490
4368 13263
7141 8125
10906 9624
6130 3177
826 2647
11527 2035
675 12291
11556 13301
14321 12516
9677 12740
1251 14610
7496 13106
2175 5124
5580 5274
9125 7729
72 7408
1399 8572
10659 3942
6806 3168
6751 4750
9917 10385
4371 13259
1673 3681
5389 3402
8281 3485
11462 852
5032 8377
12708 12537
9238 7273
1819 11188
5991 12954
7813 11588
11721 7709
9990 4033
7962 4779
10003 3833
12322 10778
9363 6556
8159 5597
5669 5441
4387 13832
2499 3535
9661 7185
5894 14680
11231 8735
10907 9025
7644 10498
3056 13475
14464 4129
13474 9181
8117 6740
20 6845
12323 8123
12528 13557
7821 13697
9540 14217
11132 8315
8949 13170
11584 8296
9301 9322
14218 6988
2371 1267
7554 11685
6931 7038
1312 218
1483 7188
708 14195
11060 10484
3910 3694
2318 930
69 9606
1262 2468
5774 1632
5542 1576
2884 13375
3715 14863
11464 5885
14014 11119
8624 8167
6742 14040
13733 396
2700 1440
12148 4269
14747 1252
8662 4972
3022 12105
337 8612
10173 2219
11882 14997
4768 5115
6654 174
2243 6276
12365 10284
6433 14665
872 2542
11537 2772
7856 640
3692 8679
11583 806
6639 10503
11085 2482
8068 2827
6897 4843
392 4644
276 3681
14091 6217
6984 1913
7656 14326
12251 14203
13451 13636
14347 7521
14960 6997
10670 11439
6631 3072
7052 13055
7141 4086
11294 14009
4579 10760
13248 11580
4670 10970
6781 7082
10513 11082
11328 35
12705 9262
8305 2251
9793 1656
465 9838
4930 10273
7311 3755
10011 1883
9605 11984
11807 4817
1455 8557
10916 11636
758 5660
13651 3308
7756 8835
8819 8647
2521 12106
6543 6638
4992 4028
247 9122
4973 205
8419 13126
13017 440
7899 9081
6617 12285
522 12668
3863 11009
6847 14559
6190 6591
9770 14046
13143 210
11953 4836
6615 7841
3218 14366
7681 6100
13149 13860
2033 11554
5178 12331
12533 13111
14410 3170
11328 6858
8109 9156
4656 12954
1520 9504
2302 14397
6670 13984
2604 7537
1602 14161
13949 12383
8607 7056
2318 1790
3861 6063
14916 11170
8058 1732
11041 1824
2004 2387
1829 14089
12740 569
8954 4877
5696 6302
14990 7172
2689 10506
12774 8950
7056 10787
4522 4232
8300 3089
1555 1620
8072 8489
12973 8681
13564 14996
278 7252
5119 7475
2600 7555
1235 11603
7004 14765
10387 6484
7536 11627
12702 9269
1129 11549
11492 2012
10008 7607
12020 12334
10608 2359
13735 11796
8087 13152
7836 4290
12844 9151
13207 6803
10894 9141
3423 11414
10284 13429
5337 5743
5614 4205
6429 1519
14763 11295
2728 221
7428 7425
3341 12809
14608 10267
7409 5920
148 4181
8422 13533
10989 5273
8143 3901
13430 7491
995 9582
679 1057
4098 14722
2226 7062
3020 30
6106 705
12226 6845
11752 11946
6633 1678
13615 2772
420 1807
9860 11547
5999 6054
13007 14247
4047 9032
574 8374
9623 7510
13311 8306
10378 10777
942 2915
7247 10819
204 1728
12763 5276
3631 5838
7860 6694
2065 1799
9088 2260
26 755
4528 2754
10849 2833
13379 14957
2433 5116
430 11098
1282 7408
9817 312
8890 14558
8639 14021
9476 6051
8767 1619
5180 1891
5930 6019
13846 12206
7542 7266
790 5272
1083 4377
3387 8438
10734 12716
500 1686
13175 9692
5230 4745
11096 9580
3690 12052
13879 9042
12583 11506
4375 12678
4471 7193
3843 4715
12342 6598
2501 399
610 4793
8613 3645
9686 12250
1648 7579
10973 2442
2053 9495
3013 9102
460 8410
1350 11391
9260 6933
7349 2023
2486 7236
5122 9386
370 13043
13374 7875
3213 10444
9184 7237
12433 2155
1893 12114
9485 7241
1977 12982
14945 12952
10501 7655
3211 10594
518 14286
7069 5364
1209 13337
5188 3545
1195 6512
235 8169
13413 4509
4089 8644
6906 8944
8481 10147
8042 7637
11952 11372
8219 8662
3877 14095
11638 8700
11446 2152
9783 8278
12170 9605
12250 7350
6944 7479
3639 13008
13247 12316
1090 8596
2424 5564
363 1976
4425 3180
9092 11921
1325 6457
13254 6383
9319 1733
14145 13951
423 12158
11759 1646
9094 10827
11531 4580
5984 9691
11 3292
10463 1652
6014 10576
6650 12065
8662 1405
298 14645
14985 1815
6419 3839
3323 1893
11537 9436
12887 14698
8970 12244
1036 11025
8717 8302
1821 7688
3028 3663
5951 8415
5872 12222
11579 8222
12483 9527
12259 13162
12578 9679
8 3487
12270 11691
44 9768
14251 802
331 14122
6615 1499
3804 5112
12592 1119
1666 3900
4539 1822
3498 3069
6103 12971
10859 13811
3237 9731
10452 4340
4637 8654
12124 5309
784 1119
102 12075
13745 5980
11220 14098
10284 4917
8849 12823
4742 12876
868 5017
10909 9869
4736 6447
8490 1444
7518 8500
7581 1833
5982 7521
8052 11566
2010 13650
185 9623
412 13769
1150 8779
2748 8519
7691 11202
12555 59
2397 3547
7182 1109
13605 8292
5284 3269
4716 10792
14223 11033
1212 12907
12636 13108
14591 9515
9307 4864
867 11808
13183 14547
2557 13489
13075 13611
2437 4473
9078 6189
12631 12975
4500 3261
12278 9320
10548 8874
9327 13694
758 12756
9748 4323
5755 4750
12674 4760
10100 1432
8225 13717
7320 474
9878 14554
13411 11306
7477 4607
7219 8663
6698 3978
672 12654
9358 9239
5039 3955
5324 3147
2922 3447
2723 13073
2869 1592
2074 9209
6717 131
5175 1513
3546 12811
13088 2019
10150 10920
13479 13580
14685 6434
5659 11643
3000 10552
3965 10470
8174 10222
3513 9608
2197 8644
2714 7449
13314 6925
337 14226
6662 8190
1160 10621
6485 1607
6741 328
12681 645
6518 10473
3213 4893
2826 4492
2582 1429
12409 12636
3213 10148
13843 6184
12400 7050
13185 11730
7737 14116
3524 5756
4693 4333
5575 9592
6249 9088
11270 3421
6234 1283
8986 14769
8797 13987
4132 10072
9503 4568
7227 1044
4940 12273
6769 14446
9465 11175
13349 10873
5182 10183
10295 6625
1605 2577
2908 12162
4685 422
4211 6436
4812 6169
5466 4857
11377 7741
13879 8191
2250 11293
10476 14160
7846 7265
8561 10458
14834 12732
993 14564
10008 3228
8109 7686
10812 3018
14571 12206
11795 6044
2673 10222
366 11410
6386 222
14691 12106
14973 207
11811 11824
10482 11338
1762 10208
14333 10303
7535 503
9951 2329
7450 9858
8008 6192
13034 1029
2808 7587
232 10043
9650 4773
4953 1479
6236 11804
1261 6290
13960 4365
10747 1789
13188 8799
1109 5936
9030 10226
10153 8842
997 4873
8868 5073
1948 6415
2543 13380
8801 6080
2008 13258
3614 9403
10435 9588
10132 2602
14860 210
576 12727
870 12730
3987 5028
14453 1059
3047 4856
12032 446
445 12493
9472 7936
1784 12338
6296 4287
6616 8824
3555 10225
8639 2112
14657 13165
7843 14941
10062 11947
1450 887
2131 10374
2963 14477
7735 9101
7318 6498
9087 10491
6423 6477
14259 12568
9640 11461
6707 10908
7020 8785
4816 14862
6 120
12713 8520
4269 13907
7068 10649
3645 2813
10792 14923
14013 11977
7561 7731
7049 4360
458 13616
3628 7874
13699 10305
10954 599
6297 3687
158 2331
6295 10748
9031 14595
5036 2606
4681 14776
1978 10083
1646 6006
13822 14246
616 13263
6018 8989
9958 6536
4252 2654
14404 2330
9124 12295
6251 13210
6282 12293
1810 1121
6407 14118
11925 13094
13601 6465
6855 2557
11613 12245
4727 9542
13231 9238
1543 13925
11079 10153
5488 2199
14974 1471
10007 11447
2667 14278
3719 2626
1812 12016
13095 4111
2525 12208
8897 4028
6447 13344
202 11520
11430 10905
7990 12169
6847 5411
13756 12692
72 7896
9097 7754
5443 14452
4852 2486
3014 13419
14386 9105
9273 12116
14435 2578
3064 14804
4927 6270
2250 130
12515 8064
8779 8202
9704 11818
9662 11886
11769 13767
12008 3765
4527 11059
13183 3302
10121 12802
5560 5121
14025 1044
8047 5071
12271 8490
1841 7439
11888 5538
9163 4945
1945 6047
6395 1341
5329 1460
528 1476
13293 11708
4849 245
261 12558
13325 10197
12627 12403
10719 10425
11178 1992
14163 5167
9633 2749
8193 8033
11828 6395
2592 4366
13885 6215
7106 1719
11668 1788
2569 1642
9304 14428
10809 6006
7637 2709
2783 1526
5075 7929
11284 2005
11848 10307
2375 5601
12027 14029
2412 12886
7049 14112
2204 12953
10366 10561
52 8093
731 6743
1271 1065
3873 979
12316 7195
7479 1512
12014 3450
7752 8835
3210 2385
5623 7763
4656 10197
4810 7978
5780 13911
321 13013
1818 14545
7309 1020
5244 1795
8810 12857
14549 6784
11977 9063
8998 2202
12493 586
1238 9901
13772 4139
4707 3979
9140 2194
11075 11605
14092 9596
8951 11295
11045 2625
1741 1478
11774 1425
3611 11783
10918 2897
7823 1637
14356 1886
13442 5888
12550 2386
1487 5689
5530 2478
1577 816
7974 2017
12514 13018
1390 9524
10852 11928
13460 7877
2301 13336
7758 11388
12096 13521
12610 9332
50 9758
2608 683
2730 963
12933 2223
10574 11146
1581 10441
4321 11495
3740 5710
13591 11294
13723 3484
4739 10614
4438 8216
4566 13061
13714 13152
10042 14004
691 5496
5653 12666
7534 13806
5627 3511
10693 236
5841 13660
2732 7110
13445 6662
13755 8680
14733 2261
1999 1261
9968 9710
8406 3897
2709 2188
10491 2919
11883 6239
2862 9835
7196 7728
12705 7682
10614 3734
14339 12753
8345 1186
5680 6874
3747 79
8267 9611
4643 12654
4616 3457
7217 69
8458 5822
5689 13765
2616 4947
12978 5202
7267 1474
2046 13183
8237 12292
2002 10122
7018 958
11679 3533
12058 6766
520 13503
2578 632
8030 6174
6842 3964
10632 9274
8272 3292
8017 14309
7778 5886
4933 3003
14265 5701
11472 5573
82 12926
13118 12923
9081 3005
5539 8089
9216 1764
3696 2190
2871 13579
6940 3977
7844 14764
14051 14960
2238 6168
3384 3173
8089 7339
10326 9804
14873 9610
1961 6939
7339 6790
11380 7829
11394 11356
6845 12362
9592 8074
6528 7372
5103 8013
12039 4153
9032 10299
1057 1058
14031 4915
8717 14860
2394 1144
6524 7797
12203 10478
2553 412
489 10723
12359 4966
1889 5841
14043 14484
3107 6208
2538 12543
7880 13678
12063 2221
13079 10935
8839 3401
4042 14244
6807 1761
12446 14455
11059 1811
12918 13591
6406 3681
5915 13980
5496 2830
12575 8023
10709 81
1557 4937
75 10030
8432 3109
14365 2460
8342 1664
14613 7792
1964 6476
1188 7494
11750 1439
903 5249
8113 2661
12423 8794
354 1940
5548 10176
8164 10326
4889 4902
14972 13471
175 260
13156 14239
1868 9993
14002 13148
11999 4787
8359 8018
3263 2541
12077 1969
979 4944
10884 3738
10655 14063
612 11940
3092 5661
12365 14543
12341 412
3099 9445
2614 12128
10657 9920
10004 1936
10898 4679
8831 9614
6313 12792
7409 1327
11 7140
3634 5105
12169 742
3397 8806
8313 10402
6190 5142
14830 13449
8253 2668
12511 14461
10363 10339
427 13750
12922 9911
6 2966
9677 1104
11715 10762
5908 10266
9361 10895
14665 7193
5673 13157
9042 7810
13866 14724
2526 11760
12504 283
12147 8616
5048 5280
7178 8150
11267 14802
627 8811
2082 206
2917 4215
11866 7635
9178 7707
10181 14221
14987 4064
10436 14028
904 7699
569 2387
1756 381
14348 2716
4810 6637
13734 14082
8056 10508
12200 13652
14009 8535
11072 2641
1355 3098
5573 9776
10664 7732
7230 1575
14969 10691
1393 5954
9602 13599
11357 9650
11800 6920
6307 11358
4576 4097
6561 6386
11709 14536
10152 14309
4203 12265
8761 4195
5702 1003
3419 6058
2205 7962
7826 11945
1541 10191
11539 6601
8156 3060
5699 13507
13256 12439
1085 9816
3355 14973
6713 9285
12434 3881
2996 10101
9401 13017
3707 3051
5164 3173
10519 5486
2952 4640
8910 2660
2477 2310
4954 2827
789 14963
2821 6499
14268 1264
11057 11693
2697 10482
10074 10923
11711 3932
5515 13918
9861 7292
14301 8564
6243 10474
5952 13897
5872 2177
4121 4379
34 3864
14033 6553
9615 12278
7250 10702
6860 11159
14064 727
12980 8903
3119 2390
7648 11852
8268 6764
7308 3783
10973 9126
341 10151
11626 1357
4284 13916
7816 10711
9430 6686
3158 9187
11774 3570
12709 13231
11031 10939
12123 6070
