4000
9288 14054
12726 452
14801 13639
2475 10981
1512 2910
11783 2699
9335 8884
6914 10030
10686 489
14511 10490
5813 4273
8575 4494
14097 5513
9407 9035
7345 1488
557 5322
6789 12067
11500 7261
11385 7986
3036 4264
10980 1041
12184 573
14392 1040
49 6220
315 10477
7392 6980
3835 7465
2405 3682
12942 11516
13981 14396
155 12502
10774 6132
4354 1346
2264 11850
1664 8420
2785 13751
743 4971
6215 6873
7255 6316
5865 6148
9622 11934
7329 13587
9510 1955
10218 12310
2997 6428
10022 11266
13359 11736
1971 11092
11052 5680
8219 11350
4821 7102
6860 5953
178 3995
8973 3606
1685 7547
6043 8770
6565 6800
32 8664
13334 12876
7563 4210
9 1600
9818 6102
11936 6355
8809 8217
7320 4622
3303 12728
1895 3596
13989 3021
12335 11261
7655 8800
12519 5452
11886 155
2912 2384
10881 6034
950 11038
2775 7328
1462 5150
1300 2292
10803 6047
7647 6768
4652 4717
9532 10387
4882 5334
2819 11667
1758 4441
4717 3963
9756 6936
13910 7197
3135 12447
14318 12412
10545 7900
4045 10444
8603 12994
3609 5474
10003 11842
1270 3610
3838 7043
8973 11083
6032 2234
9617 1878
1055 14622
2220 755
9228 6078
13426 14254
6474 2590
9728 8570
11822 2923
11594 11831
6309 8049
9668 2890
9815 6274
6739 12994
7801 3471
14377 2842
673 4117
4118 12446
2531 1235
5598 3929
11038 9322
14893 12782
2870 12255
860 1260
11553 5622
4110 11995
13118 6355
8111 3869
3122 6156
6368 9110
6960 8025
13349 2227
4925 10719
9868 11889
11811 12872
12289 13583
14817 13280
2443 6286
5586 9148
3697 9764
4975 2140
14622 6133
12748 7190
12605 3112
12697 7357
12783 14538
3524 11392
9603 10946
3537 484
13211 12699
13575 9171
6114 3065
5614 13553
1559 4102
7302 8292
12985 8111
14184 12979
919 2391
1801 10197
10739 1067
10997 7062
3759 538
8362 5793
13702 3122
5953 12189
2290 12808
205 10373
13481 9737
12348 13460
12963 10412
13676 7396
5547 8459
5937 5208
162 6889
9709 14824
2170 3221
2203 10938
2454 4256
14220 8851
1954 1364
3045 10786
1505 1227
1464 11224
1567 5010
11794 9910
14664 5768
14004 63
11577 6871
7931 4722
6442 13895
6496 12968
4237 7962
11812 11850
11608 11525
14385 2908
5877 4185
10919 5740
10085 2783
2619 7410
393 3538
10161 3987
9990 12085
8379 13583
8912 4224
8399 595
1622 9051
12147 88
4354 833
2530 11974
384 7912
9403 13871
9997 12051
75 11441
3866 1794
2595 10516
12004 11580
13552 13529
12164 11384
9032 203
5175 5085
2548 3436
10455 4983
11349 6762
14677 3955
13244 10487
7817 14636
10639 5153
5674 14621
5830 2830
523 2658
11260 4695
9005 7796
71 374
5013 4935
7750 9348
5731 6704
1136 14814
2911 11255
2883 13354
203 11011
14004 4297
2920 8836
8803 3597
10745 9899
10964 8856
2053 3060
11873 3943
7848 2495
7655 14360
5351 1767
7416 10344
6027 10526
2727 14528
282 6542
9963 6368
10029 12815
9396 11910
10935 8207
4249 7647
4649 13506
10151 12763
10174 11958
8919 4523
663 11342
4638 12721
5969 826
9838 9234
6311 9684
3547 10242
12458 4972
12103 1847
14857 11993
560 14266
934 13857
2001 9009
889 1764
9814 5653
7439 5011
11235 2694
7809 6872
11759 13070
2526 3028
4696 9756
4076 4860
12104 3928
6930 6216
1965 7661
3953 4208
637 8559
10494 4856
1319 5286
7311 2752
9336 7104
13342 14058
6207 14567
4872 10619
10913 3828
13759 744
11087 8204
3737 8022
5295 2761
14842 11276
10146 12373
6361 291
11193 7403
8956 9549
3612 12851
9708 3897
13546 11054
9135 10953
6344 7031
1976 12283
4951 11102
3733 8233
9366 12353
2849 12039
12862 3513
6532 13811
5651 14555
12525 552
2610 7337
8816 9936
9583 14367
4707 6135
9379 12623
4916 10380
890 1235
5141 3529
8061 6731
6179 13130
827 9919
13050 11265
998 3493
13084 255
3994 14802
12881 1814
14374 9963
9523 5452
9290 12737
7818 5733
14570 5053
5671 1478
12948 1277
6581 4142
5852 11962
1104 371
14101 13166
2086 11023
10223 40
2756 13540
940 10771
1722 14248
3660 5914
11242 992
907 12274
4159 8809
5450 9101
13318 13762
242 13049
14415 55
10884 12118
12341 12989
1456 1504
12509 7826
2475 5498
1293 1931
2674 9478
9396 10210
455 6602
1736 9163
11511 2061
11018 5289
341 1305
12108 14716
11475 13221
7569 1382
5866 5173
4463 10104
5643 4494
5730 13268
7217 3787
4224 13636
4375 11604
1691 14297
11534 12160
5301 12205
11033 11812
14556 12450
3084 4240
789 10513
12551 9595
12006 10837
13757 10148
14472 12426
14779 10932
11876 7786
9766 7062
9596 267
3024 9631
4639 5256
10566 4827
9761 10301
7217 1147
8927 8660
10272 13409
14200 4550
12094 13987
12359 6471
7349 1001
9840 3273
2199 9511
10536 14122
12731 221
14301 3248
7417 3125
8603 13182
12195 154
4056 2673
14107 8619
4874 14530
4508 9468
9897 13225
14129 8014
9650 8904
11458 13078
7289 4082
10775 13174
13840 1742
11559 4799
9639 2730
1078 3192
10933 11320
3521 6174
4719 9558
679 11714
9078 2555
2718 5784
8697 3861
12354 5952
13584 8871
10175 2994
10539 9628
6530 11052
10871 7514
6996 2041
638 14825
1016 13887
6361 7661
5892 14800
753 13642
14035 11107
13774 2007
14106 2971
14943 11504
2142 2737
10564 3357
153 8384
5279 14975
8161 3024
6950 551
12725 12724
4798 12482
8359 2268
550 4285
11874 9912
13337 5269
9896 7351
3127 7742
14690 14856
4683 1654
14409 10703
3440 376
7232 9808
1282 2513
5976 3131
1280 4611
3448 14663
726 2389
6516 7231
6087 8196
12744 11164
9072 9240
5920 5496
2083 4104
12955 12617
14377 12486
14309 10182
7638 6109
6012 6978
1950 4072
2118 8412
4039 13637
7004 9526
7410 2910
3367 2151
6386 1991
904 5058
1279 2169
6885 4550
5160 13146
10887 14426
9548 2388
1003 10586
14226 8955
3768 13894
2999 3027
5208 12645
9245 10163
2563 13330
13629 3217
4664 4444
6428 11089
4162 1643
13056 5526
14988 6309
5342 11185
13751 12035
7888 13288
4196 9313
8385 1010
4814 9061
2719 10995
13188 4774
3572 6508
3569 701
2957 1062
13728 7493
7939 12791
472 6797
3242 2645
14776 12082
2210 12601
9251 8530
5696 1681
14855 9944
12975 5628
6798 13816
13602 9164
2331 14984
2949 6411
6455 11900
8115 5188
12176 1915
11295 10983
3498 14385
2451 1094
4322 14444
6334 10121
12247 2739
12505 7983
4530 4605
1503 6579
179 8814
11250 7984
103 13099
11849 11818
4442 5313
10878 7106
6794 5394
2825 14222
13162 939
6073 2981
5335 7602
8875 6776
4283 2277
7222 10998
8367 5603
7128 744
8954 1130
2302 10363
9182 10770
8853 7850
81 12949
6326 417
1098 6598
12046 12010
5363 10815
1314 9059
9326 8984
8917 10581
8836 9251
4217 4017
3254 341
777 1272
5732 11304
1305 4205
10327 1844
4653 12776
9097 4430
5848 8446
6857 12600
9167 4363
12884 14616
9368 2733
13201 12708
2857 9778
12076 5791
13730 3532
9400 9105
11790 10271
6712 8223
12223 4532
5507 13697
10274 9195
14372 1855
11245 7634
11071 4829
7998 11124
4868 300
5606 14989
10740 9592
14761 10254
8604 14814
3913 4157
691 1172
7786 8919
6513 11549
3143 582
13246 2606
5806 14617
2919 6066
7291 4927
2520 10003
4145 12196
10459 4827
1372 13013
2039 6856
1268 1403
4767 6621
1401 4795
343 2920
9516 4972
5997 3871
12407 780
352 14510
2668 7377
3648 14148
7423 4982
2123 238
825 9544
13093 2691
13089 12032
12587 12261
11713 4640
8986 1136
12108 8546
5746 10421
3172 2076
12922 7305
6373 3237
9886 496
3864 1632
1404 4821
8324 10004
11051 13254
4338 9418
5891 4112
1690 8822
7230 157
453 13666
8538 7866
8136 11335
5677 3882
5933 10819
13146 11717
14103 4039
13927 3569
10973 9853
12407 11327
14835 1342
8940 7114
3627 3145
9601 284
11359 8622
3705 2123
1803 14975
11149 14561
6896 5289
8457 3580
4961 7103
2490 2525
14033 9349
12043 7256
7163 4491
12819 14165
12309 4129
11867 11607
7366 1900
2787 8197
6872 10538
775 205
13361 1424
5945 1847
8814 8179
7762 4617
14143 6383
8912 11313
5741 2916
12150 4587
13471 391
7827 11810
2532 1257
3012 7732
1542 6741
2220 4885
10462 5832
8669 11170
6788 14228
718 5103
2311 5122
9018 10742
6064 14341
12 4767
4219 2696
2434 11392
9618 8966
9207 7186
2584 11623
8232 13350
669 12460
755 8904
4802 10267
2960 5859
3392 1527
1950 4516
3032 10426
95 2211
2118 10800
995 11319
7684 3327
8448 10487
14966 14812
3735 1412
12412 653
6453 10594
10481 5802
2734 8969
10185 13056
6876 9180
12451 13571
335 13184
10780 5746
1040 3819
7334 3962
3692 5272
10756 12214
5344 1554
10049 2322
5914 11723
5139 9016
3006 13272
4137 10663
5410 486
546 762
13236 1183
5751 14003
1149 4278
10316 6808
14157 4138
86 3300
8190 11296
10358 13551
1988 4146
6491 10038
24 5638
11457 12426
4510 6332
5367 1336
12800 2096
4045 5771
4435 7444
12341 1194
219 3616
11727 4660
6934 3111
1786 8482
14358 12465
10179 13358
8765 10076
5959 10025
8563 8995
28 1366
1869 14931
4698 5690
12551 1413
78 3386
10911 4414
6985 9275
3628 6783
13327 14528
5751 11388
1756 11071
9373 9353
10964 1622
8719 10120
13532 327
13947 6539
1161 6169
11168 10269
976 13987
5478 6194
1249 7335
502 9649
7691 1818
13078 14538
12358 6011
9516 12026
5174 14466
694 854
5437 14406
10310 2023
1897 10411
681 13971
10684 12179
14643 3222
13803 5387
6666 14341
6647 14863
2487 13621
12599 1264
9975 11880
12545 12570
3389 5253
1069 4288
5763 4298
10354 4665
6650 9490
5421 14241
632 8437
3239 3131
8137 11190
6030 13113
10878 9451
10904 13539
15 4749
2840 10019
9891 8129
10531 6903
12586 12148
14416 6236
6328 4653
2498 11462
7451 7929
7310 14233
3198 14770
6346 7827
11921 7299
3343 9910
5474 8284
5713 12545
10884 4623
69 14720
6284 8097
5769 4595
1395 12392
10186 12125
177 6426
5492 8084
7014 14252
6706 6960
9460 12999
89 2163
3534 7263
3835 5734
6893 8179
10847 3981
12532 11943
1163 1548
13619 9459
7230 14696
3880 4105
5252 1383
11307 8867
12604 12500
5439 13128
8727 5729
13291 10405
7246 3409
14508 10632
6491 8354
2126 10406
5033 770
2910 1124
2700 2879
12219 13690
5053 12867
556 6571
571 12331
1937 4370
747 3021
2866 6058
14408 12144
3078 3705
3885 992
14226 1046
5127 11296
2220 9744
8868 7446
2787 787
5173 3056
5366 2595
14436 2419
12204 5377
8182 9290
5160 7257
14559 9013
6076 4871
9460 11621
6518 11463
2941 13149
2678 486
14257 6108
8056 11111
1415 10293
4629 154
14030 14348
7124 6307
11536 14051
12791 10381
5914 10632
5577 12630
5994 7338
13413 14416
8968 10552
2085 8027
5013 7840
9672 3762
10772 14898
2813 13246
8444 2848
5397 14248
9356 7652
6241 14605
2960 3205
7091 164
6538 11
10404 3845
3141 14851
12038 10148
2490 4118
5401 1297
13363 3377
10943 8284
4191 800
10455 14888
831 10516
3024 8493
3790 1153
8632 3247
13637 2107
3302 5903
8440 1147
12797 12218
9498 8282
9311 1675
2992 10749
1586 1165
14673 1879
10341 938
13436 963
4503 3878
3533 12608
11143 14472
9694 6952
1720 5657
8627 3377
10197 10161
1023 8484
9038 10426
6873 13469
4580 11442
1485 5822
11746 3200
8778 14753
6065 8143
11561 2904
7569 5109
7553 5821
5272 3731
8753 585
46 11175
14713 13201
3959 13781
6887 4875
7396 2399
4963 1547
9617 280
12658 6785
2168 6497
13856 13935
1282 1531
12705 6408
6994 10985
13609 4968
2984 14550
3438 6490
1919 9049
1915 13998
9092 4868
2784 1339
724 12865
7238 5876
1949 14629
575 8169
7668 14547
1888 1331
1677 5644
10241 6531
11926 10181
5953 4691
14381 11466
13267 8070
4613 6253
6566 2733
5755 814
7658 13395
10413 3040
13876 9153
10723 13425
7767 8755
900 8560
12027 6834
10562 8045
8740 8059
8422 1323
1754 2157
5819 5272
3055 3697
5825 10402
11632 13152
14253 6532
2019 401
13400 5660
10597 14102
8445 13192
13636 5255
12496 11944
772 3542
14237 9350
3949 3018
1323 11179
1199 13754
5002 11361
11523 6873
1820 5540
13556 5209
14908 11563
6767 5598
8781 14081
6255 14203
5296 8168
839 297
10327 3224
5532 14357
14304 905
11610 13569
2445 5344
9578 6884
4966 14232
12220 13452
7739 2529
14847 8719
5382 9921
4973 5760
7401 3782
1929 10587
7198 14156
11801 3428
134 5179
1086 3469
14999 3756
8983 3048
6701 10835
652 2978
1857 14994
96 2995
1119 11414
10022 9274
4929 10320
6839 3459
14579 13089
4364 7832
10957 14252
10258 11857
6568 7561
3353 14261
7530 1826
3068 14833
3475 13090
9092 10094
10803 14062
4772 12952
5994 4002
10903 14302
3544 11532
11027 14754
4371 9493
4584 6751
827 12545
3581 8643
2413 3726
7684 1697
10053 1964
206 10158
5971 13554
4363 14258
2506 282
10217 9629
736 5631
2685 2633
3982 1219
3488 3698
11383 813
6302 941
14846 8731
9000 9879
6203 5288
1058 7265
12858 13513
5509 895
7888 13199
13479 11404
3803 1499
7235 1627
5578 3955
7832 11082
9357 9038
9066 9045
6744 170
14644 3910
1844 9109
9396 11208
6488 9085
14030 8734
4614 6453
9651 13325
2974 574
1486 10110
642 11392
14422 10595
2619 2123
2268 9775
2124 10356
4277 7484
2271 1394
10560 14361
1814 10556
13868 14461
10157 6765
14908 11324
4574 8574
11188 10078
2302 11872
9711 6230
14890 5097
6395 925
5953 13008
6185 2749
8923 8552
11259 13078
666 3139
4094 8228
12603 10159
4833 4309
10008 14099
1798 7404
4669 2128
12255 4284
10934 7542
14190 3523
10208 9735
3672 665
5072 11705
12891 7263
6375 6453
9567 3610
1303 1955
8026 1847
7642 261
6267 8971
554 7897
12193 12423
3209 992
6815 1007
11636 8998
12322 11325
1543 10444
10303 12171
6542 14115
3111 2013
8374 14093
8326 571
2536 7008
10697 8352
1003 7131
621 12841
4263 2184
12865 591
330 13871
7011 2054
7254 1107
14465 10873
4606 9430
1414 11356
14413 2116
7414 10307
13544 683
12596 1762
9586 1711
7821 4698
13382 14782
2397 2269
14866 6916
13486 12916
12945 13787
603 7038
5604 2014
1190 7512
12103 10430
8860 8074
6125 7011
3068 3182
3104 13252
3245 12719
9130 4402
994 59
665 6443
14867 14660
1950 10989
1760 3635
8433 14135
3474 226
13332 11695
10311 6355
3823 277
13114 7165
8451 10059
9484 6119
10650 3384
6446 7965
9758 13315
10974 5291
9850 14600
13062 2154
14668 9451
599 13438
14815 14462
10771 2643
6383 4086
14175 46
7798 14448
12353 6250
1210 5996
1918 1690
13473 12266
3654 6509
11146 2639
3075 8931
2746 4542
2464 10805
10953 8391
12391 7252
13183 2101
3305 10503
13703 3313
4988 8845
3891 5114
12275 13155
9948 10790
7998 9556
7033 11373
14084 3330
6248 6157
3386 14734
1687 12755
561 14194
11916 386
9571 6862
2613 1598
5581 5560
2834 3903
1512 10752
2713 605
10281 4842
5226 4220
5786 9828
1158 1669
5096 3931
10146 13194
14915 4755
8628 9716
11814 7672
6804 8209
14832 7566
14240 3818
1851 8787
10834 4178
8864 8308
14828 8487
12694 4321
9537 3324
1475 6403
6968 4425
2899 13663
14605 8483
372 10285
14465 4725
13208 7608
3363 14549
899 11923
10125 14726
1798 8329
2758 5155
1263 9265
11674 6885
1008 133
25 7260
5393 8585
6596 7896
3947 6160
1751 12777
2290 10411
6923 13055
14974 10458
9970 10820
10333 12228
3170 7549
2650 2810
8172 7653
14643 4710
13065 8571
1859 12204
4571 14247
11119 2226
4458 4016
8006 7643
11883 12399
9275 516
8601 13756
13534 7313
6795 96
1601 1474
14238 4552
14134 9200
11335 11237
1040 3241
6745 10782
12685 3936
10470 2862
7453 9580
9309 2241
2643 7643
3114 10910
11408 1035
4718 2679
9584 11180
7112 10809
14769 10235
7751 10860
2541 8673
8016 838
13739 4716
10310 11637
458 8657
4608 13234
8980 9849
10492 449
14216 6281
14003 7450
8508 1273
6468 4407
7526 8800
12814 4453
5979 8491
12491 8321
14725 12762
388 2587
9557 817
867 14525
2927 6922
14242 12879
11308 9739
7166 5846
4675 1183
2776 11022
2893 12908
11697 11044
12729 5644
5011 3144
7629 384
6050 9462
13053 4487
13465 8831
1336 977
9324 8218
11152 3219
4805 6477
14192 13280
9427 4192
7165 7139
10279 10576
7355 5277
7462 13592
14415 5164
7854 176
1508 13957
7310 1870
392 10177
4700 5950
2686 7807
9152 6322
9656 1145
13 13264
6179 57
1290 14754
528 822
855 9354
11317 3487
13058 7320
13939 3085
3158 8769
1703 5014
7887 8460
14832 2463
12877 8620
13089 14040
14115 13915
6352 6718
8492 7027
6972 2907
13934 13455
6405 11459
6160 5156
14875 12903
5501 5625
7378 9440
6960 4836
6181 672
811 4984
1390 14692
5395 7172
8945 1670
6853 12789
1585 2893
13520 13335
11554 6402
2753 521
13050 1781
125 14420
458 14067
12017 14956
3861 11159
13511 6930
6554 10718
3342 9933
11072 1254
12907 5495
1679 7330
10466 3962
759 2678
1851 5904
14738 12850
2302 7668
13644 10737
11010 11686
11793 873
9446 11891
7591 4858
2062 1980
6138 2589
4873 10334
2395 13911
13103 6621
6217 14187
6081 6516
14479 4810
12464 5858
2270 5361
3046 13360
8555 7049
9775 8460
394 8046
2341 1989
2820 14605
2099 3257
14623 7678
2947 3364
7628 11467
5769 5745
8010 2871
435 10611
7039 8012
10886 1759
5674 7264
7697 4241
3518 6160
14659 13166
2972 9392
13139 8982
8668 3091
10893 10949
8077 5982
14231 7893
508 3585
1927 8457
12682 11784
318 2901
4818 10086
8243 10606
7026 13710
1849 3336
1253 1392
6504 2379
9961 2943
14908 6256
3230 10507
3414 2126
8395 10026
11978 2211
6217 5098
8643 13769
4784 12207
9630 13885
1022 5988
2462 5897
11328 3183
11458 14277
7285 8384
4531 12101
179 8669
10335 12192
11096 3798
12128 12207
9857 5054
2898 9357
6560 5200
2935 14232
4646 9735
5039 14177
4165 7698
9082 9965
8953 6483
5527 2886
5506 10158
1405 1189
9724 5982
10303 6546
9416 11817
6718 616
14273 6779
7173 13932
7684 11204
10870 2091
2455 12821
1316 8794
2309 10442
2440 8751
10098 4611
2560 2139
8360 10784
5446 7005
5972 10556
9986 1172
738 6535
8537 5770
8376 3528
14484 4084
9188 5229
6023 9641
10439 472
7576 13041
386 4202
7969 8614
10956 3750
11396 10527
2460 5942
12373 3209
13550 1082
1760 3180
4980 10576
703 12974
182 13517
14984 7347
12973 6923
4430 10584
2995 8976
5110 12487
11910 9861
6560 2804
4627 6601
8933 3373
2469 9023
12832 8218
7987 637
8242 3827
9231 7025
773 5506
10916 4869
14188 14724
11095 2112
1145 2356
9621 2971
10654 4713
4108 6105
11286 10696
4512 11761
4055 4108
2436 14507
664 2934
5191 14004
6889 13436
2646 8095
7366 10753
14221 11632
11352 974
2010 10176
6011 9930
3738 13749
6133 675
12924 1886
466 12829
4976 5332
803 14603
2439 8989
10984 7117
10764 13154
673 5925
5491 12441
14507 10779
11220 9068
7946 1310
8572 2601
12210 13303
9196 9073
1043 11830
135 2422
544 5981
2931 13371
1402 163
5085 3247
11906 3425
14768 1860
14141 6533
10775 14328
2145 8607
1789 10548
5360 8685
7501 11373
5510 9083
3575 5891
3946 8763
11997 136
12869 2008
5969 4399
14449 3287
9078 3058
5192 4951
609 13159
1164 8257
14423 6502
10793 5710
6736 3628
12328 5969
11091 9032
14252 504
8204 7643
2636 7332
7103 191
735 9784
8370 1603
2755 6962
3933 2689
1737 700
937 3461
11094 9012
7877 35
6306 9193
11538 4548
4128 9120
13161 4539
9301 9016
11530 956
6154 5541
3449 14391
4461 2774
11499 7439
643 9860
1663 1918
1837 8322
14405 1379
11317 1082
14536 14710
5445 9980
8052 5258
6736 11560
14642 5597
9315 5174
12519 12981
5415 7504
2846 237
1286 6178
7187 10955
8749 7245
3808 14980
257 10719
7999 4553
4859 6944
6261 11914
921 12841
5351 8759
7596 5060
10261 399
4647 7425
11412 2050
4715 5628
10701 6950
912 10158
1015 4664
13733 11606
173 5335
1817 7193
2227 8768
6862 134
1709 8318
8527 4101
4107 6750
10683 10069
12547 10795
10053 6579
9983 10790
6267 7103
4836 14773
7655 297
7037 1984
3175 2921
11115 4034
9217 13346
13526 11710
13777 56
2418 150
14264 6011
14869 1340
13372 2069
10703 8287
7523 6735
1788 2614
11010 3988
6201 6930
11727 7278
14136 5541
4517 14037
3186 1261
5171 10840
14124 14985
824 4115
6153 7843
9197 1338
11718 10441
14538 13583
13030 7230
4888 5933
3678 9684
140 14754
9803 14156
14527 5935
14909 10498
976 3562
14213 10212
8565 6943
2544 14277
9793 14284
395 6964
13171 14748
12519 1063
14950 12870
261 8906
4768 8213
13587 1273
3642 10220
6879 9682
998 14157
2529 7397
12160 7807
10789 8846
11311 2829
5868 12547
389 13744
10683 7247
11988 11520
165 7788
14907 9846
9718 11517
10907 12926
12369 5958
8273 3093
9828 8714
4176 6376
4404 3568
7889 13130
521 9520
540 1825
265 333
13551 6268
13664 276
11924 3294
9329 2457
7756 11749
14986 484
2569 5973
12434 14772
3922 9080
3414 11332
11699 5845
5963 2784
7771 4857
9158 10935
14759 6320
13374 2998
14239 5343
3931 6780
11437 4007
4233 297
7949 7280
2005 621
2878 13207
5853 14228
12140 6337
14661 9793
9217 11372
6315 4336
13935 8086
6326 7715
1911 10490
5137 10228
7161 371
1711 11818
4579 5224
11258 8103
11807 9700
10238 2501
4052 3185
7980 5676
8633 2851
9030 8934
14682 14397
11604 9652
10529 3061
8602 5521
7462 7822
1080 8860
10211 11161
10371 6031
3552 8518
14418 13694
9789 7692
7579 10224
4047 914
1345 4425
12444 10848
109 7787
5035 14821
3297 3289
6798 8633
4871 2332
2311 14212
13420 353
13497 1627
5040 3041
2365 2302
10573 1383
707 12416
5690 1155
2386 8767
7653 948
4241 14523
11180 9246
13119 5060
26 7574
6754 14787
746 10074
8383 4080
1966 12707
14127 10008
13802 7730
6087 14967
4840 11363
5598 99
891 967
999 2252
7514 7273
14607 6979
872 8736
9595 13768
7252 10583
13959 5448
12091 3995
12311 1874
13638 7496
10115 11947
1057 13833
13085 4216
11722 8100
2000 4521
795 14991
6210 11979
8985 10664
8756 9052
11987 7639
3260 14444
8095 5975
8599 3429
519 924
740 11122
4476 14101
4888 4274
8217 146
2736 8895
12529 1817
11387 13506
12303 7142
14920 10134
12629 8480
8166 8843
5301 5881
2770 5550
8786 12239
9981 2429
9167 2983
4134 11546
12330 10610
13486 4764
9890 320
14437 3563
2774 13634
10887 10823
1368 2171
7619 8896
13230 4678
13076 2657
12386 8095
13426 10550
9222 11038
13815 14733
10423 1333
3501 2989
5852 312
4562 9181
13133 1748
3265 3992
10848 3955
11418 13848
13127 777
14826 3836
10756 9814
5597 10326
11520 1577
7116 4472
6469 1584
14587 9051
1241 717
1195 12037
2382 10006
12200 3896
4397 6433
10663 11607
11323 9727
6084 5051
5498 1926
8484 1352
4565 13968
7095 6241
13839 6662
11263 822
4348 5116
13670 5837
3541 7710
7651 2771
136 4131
1724 12899
7213 13773
10468 4572
3556 4976
6426 3834
5869 12397
7026 8551
1420 1800
13471 10238
14186 1342
6710 6535
12879 8125
5925 535
10402 740
10258 9420
12758 8144
6948 13391
3838 9207
14439 2073
10277 2685
7036 5394
2964 9298
14318 9894
8720 14928
2329 12497
14737 964
14301 14541
9228 10966
3367 8560
2336 2844
14668 442
10455 8093
9627 12292
14837 12343
5775 1467
636 2118
3924 14632
4302 619
8113 12052
4643 10489
1526 6346
10259 620
10398 3906
3141 2654
6815 8563
10610 8964
446 13604
7505 5835
3224 11503
6984 7780
10891 14475
3154 12404
6561 3296
9875 2586
6782 4986
10139 5487
11493 2946
7690 13009
4830 2796
3889 12564
6864 6219
13471 11624
10679 12189
14832 4875
4736 4294
1263 609
12943 11153
3245 3207
6338 13499
13282 13815
4735 13006
14109 4341
13139 11104
7160 10955
14636 1145
11069 13426
6138 8374
3955 5397
12998 12782
9987 7211
9661 11648
9187 5666
3820 2131
5359 4267
13034 3747
9312 14605
13660 4841
10520 8033
1416 14347
5010 9221
6763 1036
13633 8103
4454 11225
4984 360
7584 1949
8523 8847
3827 556
11316 7973
5287 7927
11154 4871
13404 11193
8638 14664
9903 11691
3816 2334
14808 12511
11838 6592
14653 5389
13796 10584
3369 13646
13543 11170
4055 8951
13862 7861
14067 7409
2262 7750
8539 1589
3465 12939
7289 8967
11537 2795
7021 2359
6222 9305
13250 2750
6319 4690
2473 6281
6681 2758
14953 8894
13703 14046
12225 14137
6654 8517
7015 12426
5288 6332
304 13339
8360 3892
3539 219
11913 4390
14101 12005
4608 985
4418 185
13506 13515
12698 11879
7024 557
502 2898
1695 9650
8778 14890
4702 5144
14421 3138
6231 3065
11217 2336
8410 5762
3600 13982
8272 7275
7546 11201
12648 4472
13828 2610
14725 2081
2427 11002
2350 8448
9471 4966
4183 12043
9026 4860
1074 7138
6629 10421
8959 5532
14698 2259
2933 2922
9360 3219
13734 20
8484 13570
12834 11768
3694 2021
9461 1708
4866 11150
12357 6127
6769 5774
12412 12173
5248 13082
6808 13215
8048 1634
12765 12213
8694 7188
6363 10822
2772 10364
4098 10439
14254 1429
5806 5458
13682 1214
7068 14906
7777 9605
1945 14838
13503 735
10272 8851
989 2506
6997 13862
5876 10924
8706 5000
8796 3310
8742 1810
3143 7358
4463 12138
9675 13002
14273 11850
14610 9920
5433 7735
11810 7782
11518 4785
7843 2073
13775 1632
8605 7296
269 352
2667 13200
4524 991
6825 13349
13166 5407
6041 10931
2938 8017
80 12883
4374 644
5833 8883
596 2084
1807 2430
4298 4266
7885 7314
6077 10322
716 7331
2610 10882
200 11622
1044 2309
3536 1312
4468 5394
4193 2839
12665 2103
4275 11399
3832 13685
12679 8256
3933 10142
13878 11704
9249 4122
12144 4380
51 13580
3286 865
5899 9588
14092 2842
112 12946
1066 12244
12512 12705
5370 4121
2932 5582
945 5635
10885 12748
4335 8634
4571 12907
2813 13620
1308 1683
2139 11846
6673 3279
11543 13282
6370 13265
14272 7269
1857 3297
837 9752
7810 12643
635 6214
12832 3764
10656 9429
2280 9630
1326 5760
6491 1676
472 3483
7535 7369
9056 1053
11886 5313
464 6949
14046 11618
5052 2273
3887 11066
6779 9036
405 5954
6347 11694
13404 447
10619 1761
1978 4810
5201 949
386 6930
14417 8570
5221 10599
1992 12206
5844 12264
12745 9531
3078 6065
12303 5992
6108 6760
5550 9443
3925 4223
2045 7985
1744 7804
5189 12523
6690 3754
12193 593
3495 10305
5112 596
4294 35
6240 13560
6054 3373
12449 4974
6025 3112
11416 4795
975 9400
5433 3495
5735 9864
13159 10234
3261 6520
484 3010
9467 40
6739 9707
12364 4269
11247 1426
1334 14826
9947 5922
8903 4974
9638 9744
2407 9775
13129 12692
11160 4298
663 12489
2647 2620
3023 6332
5928 8585
10508 13177
9701 915
10635 11805
2994 13855
11602 14134
1339 3375
7673 11038
5026 1852
14196 2940
3975 9258
4965 7980
14655 5853
10435 1733
10845 4770
3953 8357
6556 8849
6861 9511
3246 9745
5864 2954
982 12664
4458 12434
12213 3665
10370 14192
908 2624
14153 13899
3243 11130
8435 10669
8484 5172
9749 6886
5227 6069
4217 14944
13040 11252
1539 3413
10898 14961
6965 417
1208 9686
476 13504
12391 9830
2197 13443
10017 11032
11722 8978
1772 4183
844 13094
6190 13132
1629 6595
7264 118
12032 13729
1159 12569
6713 10586
4829 9232
13727 7217
5164 12081
11774 2877
2081 11991
14371 4753
4031 9897
12269 2451
3318 2925
1826 5963
4357 13839
1312 11044
3211 1012
4412 1047
4679 4255
8445 4890
11193 12748
7724 14823
1274 7393
7806 13425
8808 4031
7552 2990
10973 14632
9059 608
10225 3829
11748 10246
4388 13413
5484 1265
1213 8168
11016 5972
9834 8172
12612 6307
302 8676
8779 10950
7932 6281
8573 10944
75 10209
293 5185
513 866
6372 7886
10772 898
9526 4576
7540 4644
7210 10273
11233 7949
5892 8945
10091 1043
3680 13647
13210 7191
268 1288
11835 12559
5461 9740
7154 11728
10546 1954
731 5340
3263 8558
14276 2933
12825 12546
11902 7090
14423 9839
6316 870
1621 6257
11002 4551
452 1506
14388 11372
14180 10532
1684 8799
6896 7518
11723 6782
6130 6495
10989 12768
11742 6125
12258 12011
6951 4437
3352 6777
10434 9232
5553 2543
2177 14474
3270 14506
8443 11276
1057 12209
9805 9653
1614 14021
10673 10052
8232 943
9480 8059
2888 12041
8470 3650
8902 7954
514 3513
9371 9851
10272 13397
7413 6762
2855 346
4903 2517
2079 1707
5931 4701
2648 5662
12701 11347
14267 2991
2443 7881
9559 9151
12180 10533
5920 1099
9526 11952
13434 14244
13591 5926
9122 10519
9421 8159
12460 10621
160 5494
3649 10173
465 3520
2175 3126
14406 8551
5118 13011
3373 9388
14230 14757
9892 10810
8420 12610
4666 9621
4974 6862
6729 13889
9604 13716
10554 5957
8523 13117
11566 7420
12949 2385
14753 7108
7563 5598
4813 788
13465 3677
2239 3472
1360 3942
14230 11732
2455 12009
7888 13746
265 2516
1629 10379
10539 4838
14206 14070
9721 615
11963 11280
506 7393
1502 11556
3611 8544
9358 1974
10135 5082
3266 1310
6934 688
8203 13061
596 13125
1772 8351
609 6151
4232 6170
11297 91
1493 10449
11858 7482
12326 12751
435 5039
5642 5380
5550 10058
2718 2246
185 717
14323 11652
4445 8944
1890 2437
2474 5397
12328 11558
3990 1513
525 5602
13990 2642
1992 6778
13615 1894
13453 11619
7848 2172
3725 13490
12432 12065
14410 926
11821 6660
5135 13244
12146 11289
11756 1657
4723 11093
9532 11473
7661 5231
6181 3815
13386 3179
4338 4214
11384 2793
3295 12531
13668 634
3099 471
6978 5137
5054 7630
8232 3832
7991 1110
7156 1865
14440 9476
11317 12885
7540 14831
634 1250
13989 2574
5415 5952
10738 3002
451 7669
1331 6553
10584 307
3902 8060
11265 4099
12038 4639
5501 12837
8014 10347
13975 8872
5206 337
8158 9034
8926 6095
10363 4023
3826 10047
13566 4117
13941 14009
9404 7004
301 2252
2840 9614
7982 3205
7974 9425
2395 2596
13162 3736
4914 2540
4803 1585
8207 529
9809 1391
13374 4673
12164 12017
3840 9880
13601 1514
13378 3258
6338 892
2301 4317
11507 1521
9044 8581
3798 1818
6830 4384
10117 3002
2572 5445
2524 11541
5578 9958
10421 8546
973 14840
650 4266
14797 6046
4461 4191
795 5318
10957 12896
1672 5210
4060 11212
12673 3808
14489 7553
5277 14550
8033 9926
1954 5598
10041 4428
14874 14895
11911 14939
8856 8927
7445 9965
9636 14994
354 12494
9224 6399
10319 6042
3013 11069
2295 9810
13557 2735
10336 14249
10158 3337
2934 9389
9638 6047
8178 5479
772 9146
1111 11845
13003 8509
8992 11256
5326 10702
14513 11853
14767 10251
3332 12780
6156 13843
1294 6968
2035 1779
1390 11801
8149 1642
10676 2022
9342 14922
5214 7233
10770 6933
7122 3824
1047 13434
10468 12975
11640 4884
14949 1595
6742 14517
7766 10993
3697 250
1430 10577
6394 11070
9908 1965
13589 12752
966 3364
10954 6665
9114 13364
1213 14628
9739 9210
10912 11319
4403 11717
8075 13017
1168 7798
7919 11367
9801 12694
11568 13879
12890 8956
10256 8706
12520 11816
7464 10010
11545 8062
8624 12863
2653 11425
8526 12728
10379 12818
3100 477
5332 8312
13993 12224
9339 13863
8223 9100
11028 7445
8843 5198
11807 9539
11847 3804
5170 7290
5545 2880
6787 1563
6767 13810
11234 14509
8146 461
6217 5610
7621 9542
8666 13814
13415 14919
12741 10946
3327 5962
4858 9340
11630 3808
1236 3778
10926 14625
541 3783
4748 4171
12583 9552
13463 10759
2225 7557
13094 7371
10996 1238
2459 9265
14405 5985
7736 6907
9895 8874
2739 1019
10222 3699
7073 14489
2071 758
9726 334
13117 12832
8129 736
2237 1359
4120 1982
1740 10431
12716 11908
5468 11644
11199 10867
8859 13239
7476 6795
4348 6606
13214 5446
6985 7240
3223 9038
5132 5539
14548 13079
1525 13133
4479 5430
8363 5103
3023 3348
5376 12849
10000 7002
14115 2389
5961 320
1999 7745
12866 12005
2769 9541
13914 3919
9742 1756
5587 9215
10003 11274
9131 2732
6526 6753
8432 10162
2249 8942
6833 10535
10603 37
11990 13616
3981 13635
14666 13542
4696 5939
2298 10429
145 8916
6563 12094
123 5449
8402 233
283 316
9915 1407
8828 12911
347 12060
12049 11852
1322 4221
14345 13959
4323 2718
11065 7360
4453 13030
4397 5545
4101 12762
11789 9277
3640 11238
13418 4342
9754 14884
14231 3875
10150 7880
1691 4512
6685 1123
2124 12405
11497 8929
13339 11428
7305 14805
3196 12662
9110 4509
8188 1527
2184 10530
8157 5945
7848 11156
3630 13349
3779 469
6781 4210
1198 3275
905 3342
5050 13208
3007 13105
12714 13282
11375 14050
4982 5154
3007 9889
5273 13576
2140 3912
14286 1967
1153 7508
14546 3955
1054 9841
2927 10465
8692 7624
7249 5808
14881 7009
11259 8038
14663 2596
14327 14941
8129 12819
3748 6551
6765 13456
3767 2792
8689 6598
4767 4808
1946 191
12577 10911
7962 10823
871 8513
8039 4635
6159 6046
11217 3135
9389 5052
5390 419
3849 14503
6439 243
2487 7573
11671 1886
2425 6480
9906 7304
12575 14937
7325 14906
3101 1787
9241 7383
2174 9345
8350 5015
14862 10680
12719 10346
9927 11207
9183 14558
538 6083
6193 1206
4045 2281
14662 6709
7891 443
7224 10594
6713 3604
14920 13721
12574 4063
3000 14843
10144 2535
11973 12984
9168 12745
4913 9687
14950 2517
43 4018
1714 502
10773 3166
456 9082
2863 8706
13910 726
7896 8354
10695 10416
11264 397
12707 13897
6080 14216
7490 6616
879 3949
264 7688
9580 8746
7308 8419
7832 1764
7715 3181
13221 1310
4857 11221
12029 9977
6220 10434
9863 8420
12 2559
7966 6316
3730 1221
11213 4529
4768 1373
6759 3652
9826 4429
10848 14681
2194 6312
12084 6259
14422 12308
11776 13423
822 12770
11945 5695
7088 9348
7003 7574
13942 1067
4600 9926
3276 13068
9432 7072
12436 11278
26 5756
2614 631
11209 9786
7083 9413
2539 4506
12438 6781
7919 2665
6781 11045
3198 2782
2317 1892
2232 9326
678 733
4795 4127
6650 3293
1320 7226
7712 11837
14126 7301
11575 13168
11529 4514
957 14173
3936 7126
6579 1021
13131 2595
2715 8079
4860 11528
5406 12744
10540 7419
8301 5695
3317 12626
13624 10630
2727 2681
6015 3064
9070 5839
6012 9393
745 5043
431 8743
8782 4869
12681 9947
1687 4219
3842 2002
8323 5803
1751 14683
11077 11331
11411 10062
12211 7244
8914 1404
6044 10288
3287 10384
3710 7625
2588 10889
9626 13102
5193 8316
4573 906
14731 8548
13353 9777
11641 14870
7511 2559
12499 4221
14039 10793
10133 12917
12054 1005
9777 8635
4300 11352
14063 9697
13587 12927
6622 1112
3836 3689
6973 10094
9209 3571
9844 11294
5768 10897
9046 1920
4472 173
10966 3204
4400 8590
12977 10595
9620 7168
3638 1639
12862 3475
4512 3376
11194 2813
10623 2603
9420 12502
7262 12570
11742 216
8818 6652
14459 9569
923 12549
11098 2736
6851 888
13738 5093
9808 5454
8218 9317
3854 10148
5272 2838
10686 13703
3805 12484
5981 5679
13177 861
1702 11662
11888 12397
4504 13188
11700 4315
12964 14286
1881 9098
12599 9005
595 9067
1755 9225
10897 5977
13715 4623
13502 7320
219 14340
9651 6364
9267 2916
10293 10087
13368 14237
9679 9133
10817 1435
3357 14702
622 1862
9760 9419
5851 12850
10139 4045
681 188
561 4086
12425 12297
730 12714
14769 7448
4384 6091
8893 6034
7325 6465
12484 5745
13957 4536
303 10313
6563 14904
3587 10643
10863 13771
10219 14555
1868 1937
10913 14747
10340 1652
9418 9386
12641 9812
7216 1568
14436 1943
3753 4443
14930 12446
8470 3542
2773 1691
5378 441
6067 4902
11391 12356
238 9053
1403 7194
12678 149
11679 8370
9325 12196
13759 1816
10846 7816
1383 828
288 902
10111 7312
9247 785
13323 1326
1698 9953
8906 10071
10652 6102
11379 3348
8649 9145
11241 12027
6938 8121
8367 8702
10284 7617
10755 2294
13617 14835
2267 13698
9256 3585
9189 12239
12484 5292
10692 5814
12242 5877
9743 1123
677 4278
3438 2945
12108 11671
11267 9999
12600 7352
1683 10846
12424 9936
10281 3089
13508 9786
5767 3921
14509 4088
10935 6133
7024 6491
3170 848
9302 10699
11150 263
8398 13665
5605 8315
2892 10705
11913 5411
9481 12482
11356 8721
13392 1376
13530 9777
9522 4397
931 3783
11675 3595
14509 7807
9478 6265
1530 5540
7461 197
8572 1872
4867 9262
14845 11870
5510 10775
7023 14742
9272 14424
8479 4980
4992 1336
7625 7691
12046 9121
13690 9591
10556 10833
13203 9710
10324 6110
6507 3954
908 1810
1040 10536
13647 10207
1160 5382
6896 7038
11616 4983
1270 417
4329 12090
8809 6832
8150 809
12733 6844
4858 14473
2703 5643
11494 10748
10649 10504
13332 6542
7109 7857
5340 10789
213 13585
12911 10152
3957 327
14534 5106
7293 4456
8346 4561
1945 13758
1020 12508
599 5909
14200 10863
10073 6975
9490 6769
465 11212
417 876
5422 2223
7038 1738
9719 12542
2297 11570
13772 5443
13036 10158
12351 4923
12464 9039
1186 5858
9158 3636
5179 14385
7969 14391
3695 3312
1276 10122
12798 9378
7531 3745
1268 12887
12723 5262
7601 10097
4294 10199
9804 5808
1919 11584
8401 12890
3509 4227
2931 8478
8043 7273
2615 8243
14651 11004
1172 10358
14469 8758
13800 5382
11748 6147
7056 1715
7260 11777
8262 12750
530 12370
7234 11797
12722 14572
11699 10081
7727 6436
1152 8433
8439 11597
6190 8506
551 13379
3206 4806
6385 12629
6623 341
14104 11471
9347 4156
6623 14458
14831 1271
9693 12665
11767 2673
3387 2317
6435 10759
4126 1458
11697 2524
3130 10090
2562 10907
489 13915
3701 10488
4525 6718
51 13343
3598 4069
4601 2718
7164 304
7896 13540
743 5808
9245 762
14811 224
10780 12124
7530 3833
3068 3685
3222 13802
6917 1749
991 6524
7548 2141
4661 3802
5162 12600
9339 14199
12838 14353
11707 13065
848 12026
8203 2248
6189 8169
10587 7337
14589 2128
8439 1930
13148 10806
8450 10040
10833 3529
2151 9758
5575 1862
12122 11511
971 1798
4284 7616
9757 7146
7376 8148
7105 1662
7876 13884
8350 1930
3045 2910
8826 6721
1321 8140
6902 4302
12879 10854
13181 1339
9256 6864
4592 12357
4337 3465
6148 4606
12739 5225
8586 10433
7913 6295
1276 2083
9199 8324
7934 4726
13039 10736
4766 14257
11121 12902
825 1134
14933 14688
13274 503
8154 13993
10773 10697
10900 4394
1074 6213
10024 8791
11446 9253
12695 6113
3944 7389
807 6289
6384 12208
4277 10875
12682 10760
9154 9380
4288 4242
5285 12654
11884 7633
4420 11599
3288 9341
6133 4029
10875 14319
5678 7656
273 10904
1649 7182
2708 5108
2710 13140
5792 7538
7429 10834
3921 4556
6392 13061
424 7094
401 14275
8628 14535
14817 3101
7217 1979
7766 14894
2948 8251
5139 2358
9390 278
3258 2021
3880 5057
9135 4633
6711 1840
2509 5
5788 12802
5509 405
4954 1010
7935 6095
1078 14339
647 11770
13629 10796
2773 3131
13454 7562
6659 2200
3022 5401
11842 8730
14033 8773
805 4948
6718 2930
13972 3748
6224 3737
6478 14515
45 2640
2659 9005
6811 2856
13512 3849
14782 4289
2887 3383
1165 5384
6981 2470
3801 6794
13368 12076
10084 7035
8448 12054
6554 7043
8482 2793
12153 6980
193 7712
9655 2546
8058 13968
6222 31
4492 7805
6303 3900
3348 13545
9993 10269
13275 11712
13395 4367
7031 11561
10851 2805
9165 1935
9391 2374
6447 8484
2318 10057
10091 7511
11572 9754
11440 806
4677 13731
5066 5848
12050 4927
5799 12063
11772 4563
3142 2200
128 12959
10950 13372
5745 6070
2871 12268
8350 489
2703 1904
4413 12294
5406 12302
7330 11978
8251 11301
14055 1498
2564 13528
6036 10596
5272 12802
8711 4937
10280 4197
5458 8070
11629 13535
5794 6399
5901 8639
3757 13450
14964 1737
13192 3114
4476 13269
13657 10776
12905 12496
10023 11336
14501 3019
1222 5289
6435 13306
9811 6214
7107 8691
7838 6526
5564 4395
9373 5251
8299 6579
5287 11734
3956 13658
12222 9102
7799 12570
144 5814
2656 13811
14482 4864
8399 69
7945 9582
11091 10556
8546 11205
2393 5923
13709 1531
10380 2749
4712 9597
9203 824
11258 8980
14134 11048
12086 1012
9112 297
9482 4596
13354 12027
7839 199
12622 8746
8774 5910
8513 2570
4615 10646
4075 8222
6120 8430
4220 333
4263 14328
12700 878
12860 9046
13010 2735
1209 12868
13484 7377
1621 1132
5982 11667
12493 6103
10453 2169
7849 7034
13020 8219
8396 8214
69 13396
3582 722
4470 11099
1957 11060
8318 2493
3239 1316
6638 10142
353 11909
2031 6657
3353 1350
14719 11554
6624 12825
3898 11684
12505 2119
12163 2530
4795 7105
11183 9839
4295 252
12974 11347
4588 12671
1284 9940
12435 6202
10646 8189
566 10012
8748 2788
13226 3035
7757 13284
7648 1444
449 2569
11051 10081
10396 10200
9096 7949
12526 9089
2096 5738
11331 6961
14983 12830
12086 13852
1865 3477
2049 13292
14337 12077
5182 14658
6210 4513
13679 1557
8591 2789
9178 2048
41 3507
3591 4848
2666 4520
7365 10191
14965 7577
6019 505
10646 1862
9445 3939
2665 4906
1165 9222
1298 1895
4773 1863
12270 13905
12544 8322
3318 624
1198 5753
10220 9900
4895 3377
11978 6933
3922 11071
13206 1702
3772 8185
7095 3130
6580 6848
14962 6574
13052 4813
1758 77
6432 8123
11942 13227
2184 817
12433 12873
13074 13328
1366 14483
3641 3956
5280 13487
9771 7292
11656 4209
7393 1280
3732 9445
8728 4907
5834 11541
282 4508
14470 1392
14415 12251
8914 841
12649 3307
5169 8855
10181 10052
8469 8980
9801 5965
4924 3468
11037 444
5767 11514
14415 6024
14718 616
2055 9034
3315 3038
5609 11422
199 13598
12047 4103
2952 1380
11457 5295
14016 14735
1865 10728
4039 4443
2002 797
13364 12184
2705 12038
844 3044
2392 11233
3172 8769
13638 7263
1092 13104
219 10227
9052 12156
2174 14118
8311 13691
11042 9580
1068 8051
4675 4213
13823 3671
3186 8500
8878 3263
5963 2568
6090 4990
12721 9166
7441 9198
2855 11163
8329 4620
11284 10542
11196 9543
14947 8043
8103 9812
11087 12046
13464 6434
11294 280
2984 7671
14225 701
283 6436
4174 11038
2885 2155
2242 14571
157 9039
10286 13608
1161 1185
6605 8081
1829 8255
11090 7871
7313 14420
12681 11341
3826 9101
5305 3428
4725 12762
3412 1357
14925 9743
133 10196
9191 2611
3835 13534
7737 13645
12478 5346
1817 11930
11494 10259
11290 2614
7552 6354
14738 14017
14036 14363
572 3511
1986 1033
2958 4786
9159 13859
1220 6550
3215 2437
5322 1633
8831 3564
2767 7465
1378 5533
3554 14704
8561 3771
1456 14013
2476 1022
14710 7096
14497 4288
11172 12781
13295 9804
1909 7871
14774 9688
9943 5614
13949 3482
979 11827
11163 3254
14751 4252
2100 11744
6323 9360
10981 2755
1671 5420
11804 12395
11576 99
14723 11107
4411 3819
8188 7508
5429 9910
9056 3886
3543 6090
6465 11786
8221 9381
2565 1115
2940 9067
7808 3498
595 7032
13244 8550
7037 161
5411 13177
8373 9401
9327 3299
13893 7308
10086 8543
6985 5076
9148 9080
8592 13339
285 2211
7510 100
11800 10018
759 8755
11614 9433
6759 636
10855 7861
12551 9300
5062 10694
192 1737
1129 3369
4228 5898
7349 5891
5364 2470
2393 5231
10283 14810
843 4901
10085 2100
2095 7259
10527 6735
13797 3078
10806 7267
12852 2569
2124 1838
2585 1385
2965 4597
8813 4866
7278 5484
2871 10678
1815 6848
13962 3415
2434 10640
2601 13552
11206 452
5469 3018
3981 11702
3663 2208
12447 11585
1774 11944
8998 5264
2833 2361
2313 11989
3564 4249
5442 11846
6397 5828
6146 6968
1450 1136
12991 12368
14897 2050
12567 1795
4149 14583
3122 6903
6117 9382
13633 13663
2887 13992
8666 3608
7485 6332
13634 4337
4819 11999
8461 10807
12149 10248
9676 13281
5472 5365
8235 6754
1385 1921
5158 10630
2865 13748
1016 9894
3642 2295
10385 3503
5016 5913
5085 11792
9885 13979
3287 4382
4364 10085
5731 7520
12320 3057
1040 7049
10994 10421
2188 2734
5665 9433
6168 9849
1156 6721
501 300
13527 13189
14454 1916
5385 3110
4368 157
12914 13380
6382 9265
184 11285
11602 4314
7714 12307
3428 7742
12830 10717
10084 7025
1574 5245
4271 3645
4657 7863
14469 9038
10913 10642
11676 10438
2726 10240
13417 11675
8784 1860
10040 394
1109 1202
1181 9111
7362 1831
12764 12469
1079 2379
2470 893
7008 115
4839 6844
10468 14485
9425 10136
7528 14476
11384 8953
2074 8379
3445 14978
13728 9464
1923 12613
5944 4180
12114 556
10923 3070
11264 10103
5584 8621
8928 267
5530 14363
9217 4441
6770 2571
9437 10212
8992 4510
9251 3094
8609 802
2229 2388
14983 13655
14644 10061
10986 8815
42 7899
7041 4507
9365 6037
8020 536
1742 13561
9362 14156
9123 2592
5643 12589
13235 9058
2660 6968
4796 13444
8850 5906
13777 672
8318 1485
13519 5061
6961 10282
4822 12765
11804 10961
11444 2617
14029 664
13803 8497
14539 2702
2057 2406
11874 13850
12497 14860
6148 4622
14549 3441
5962 8740
10511 13714
1506 12208
9173 2550
11092 13209
3062 1058
1231 10821
14101 7491
5692 4586
3037 9907
6941 11710
1520 8528
12925 885
10516 370
7397 3276
4408 14354
5662 8633
11518 2972
121 7031
2594 13009
6841 7778
9640 3789
13952 10949
1863 6030
1656 2432
10676 14701
2041 13766
12018 13829
12795 407
13693 8260
11501 7281
11011 5791
12180 1841
12070 10096
13100 11581
11919 11270
14702 10888
10117 11448
2531 7260
8620 3021
3347 6364
5274 931
10739 12691
13082 2045
5004 1912
2172 8121
4423 4433
2339 1654
2191 14117
12475 7321
4293 2931
4901 5065
5818 8366
4316 6773
2532 2690
1178 3175
10819 11095
950 10015
6801 11216
8281 4465
3977 14018
5287 10714
14206 6759
1823 9910
12959 3233
13216 12292
14481 6005
8298 229
121 9612
3341 378
6161 13265
6373 6466
12369 12889
13559 9081
5159 4072
10191 6576
3284 6467
4181 4190
6564 1268
14503 4075
6547 4614
9545 8945
8985 6334
2449 6529
3942 13702
5648 4725
11832 13607
5221 3255
10929 5435
1902 9653
12909 11561
12375 972
12311 11133
3120 6819
14246 7038
654 10336
6475 50
11563 8380
6627 2968
12937 5480
5041 7215
3147 1754
6269 8346
12507 4441
5551 1703
11385 9508
861 620
1209 8737
10113 5961
8775 102
9886 9092
6624 9933
517 5206
4520 11771
5740 4495
4470 109
13808 14942
2016 2476
5302 14488
12454 11965
5821 10030
5745 9914
1344 4335
932 14598
11416 14168
3702 918
12922 5605
7651 9286
3174 13060
2987 12911
9090 2538
14782 8891
6100 14098
9323 1822
8314 12559
2253 5578
12454 7066
