4500
2400 2277
9043 10793
9644 10391
7468 2161
2056 8156
3251 8050
13773 7722
7056 11674
4583 8870
8207 11337
1704 11343
8671 8349
5438 4895
7379 4374
8463 1195
9941 14003
5914 11424
4821 2847
12700 3059
6591 10425
3669 13927
14466 14272
4421 10820
1075 9310
8505 11005
7708 4312
3191 11084
8223 13758
4912 14794
9216 7411
14439 5636
6170 733
10011 11592
9810 9574
2700 6644
2411 5491
1464 13380
3249 7729
5445 508
379 12689
12942 8106
11758 5018
12309 5800
10133 10779
8606 3784
6143 1309
11214 7827
10629 9966
9946 5084
2487 11649
9778 6252
13480 6290
1980 7084
8466 4755
3361 6129
14728 664
3203 11660
8936 7326
4685 1335
11234 4173
9698 2712
256 13479
4216 3817
10280 4983
3548 9677
935 9616
6866 5371
12552 14220
5911 11036
7615 9809
8768 3856
12249 258
3423 5108
12115 10275
10737 7896
9965 12602
7873 7649
6284 559
8883 5117
10810 3263
9275 278
14721 5528
4864 2846
12086 5930
8353 12524
11770 8556
10388 8142
8080 1035
13288 11020
3134 279
13316 7324
9333 13061
12975 9161
9543 9492
11621 4457
6692 11382
2592 10051
4689 9809
6740 13752
4559 661
10351 5060
9607 14584
9821 13921
12056 3328
2291 8704
7947 5610
5290 8934
1659 10221
6682 12978
12795 6609
3188 12234
4268 12961
11933 4058
6408 7931
13458 10652
6638 7636
6195 958
6654 5778
6396 14426
13786 611
8627 8965
2624 11865
12516 9242
9788 8066
7687 5264
6210 1800
738 10802
2456 8641
14370 7610
5494 1404
3538 7841
2194 5043
7844 11829
5545 11578
3411 13927
5077 14676
8251 9417
4042 8983
13478 11075
8427 13921
12699 11798
10941 13763
12368 1305
10402 1209
10926 3627
8819 9026
8061 12885
14204 2753
14582 379
9757 12458
9854 13173
9457 7085
7768 8496
9710 12732
14188 5272
1099 3416
7112 6937
1505 6770
929 12939
13933 347
8669 9280
8924 13983
11808 6876
4857 12097
8243 12303
7711 2705
12230 9034
2189 11675
5864 14378
145 8287
5917 2794
6918 1110
7900 4779
11274 13022
14807 238
12938 8674
9632 3787
5078 9607
7398 6242
8455 11732
7938 8436
6657 741
14887 7358
2132 571
13323 6036
1019 10361
13881 8698
11375 671
1353 10267
12638 1454
7833 11558
5816 8933
6595 8695
14330 11320
14590 3834
6928 9503
312 12360
9945 13609
6776 13864
7231 4830
12257 3625
3922 7719
1208 6232
8582 5975
5009 5690
13791 2751
1439 3562
3974 2403
14637 5323
14008 326
11386 8389
11190 11072
14096 7139
1268 14022
14282 10361
2932 12644
8967 2703
9555 1670
13608 5710
4719 10343
5398 590
9447 7394
9476 7953
12000 11062
3654 10617
5567 12634
3623 2064
12797 5336
9207 8004
8749 6903
6274 2486
4727 11756
7735 7068
7331 4589
10327 11479
13027 4980
10614 7579
1258 14278
2947 13759
1311 7932
9022 1372
6467 12679
6291 10652
520 14962
9810 1291
9499 3657
1680 5831
11134 4140
9158 662
10891 4200
4893 12396
2439 10839
8776 3011
3218 13291
11834 14469
4770 8961
6606 2014
3843 3876
614 7792
8553 2521
4235 13807
4564 5396
13350 9203
13723 12969
13767 4504
7574 2445
1698 4954
11561 218
5651 12067
9710 13613
6775 9070
10222 14535
4243 2512
3612 1566
10694 14635
5963 5238
6088 1891
3131 3740
1787 880
5531 9925
9347 11697
6245 6967
8266 2596
2801 2353
14386 8298
4407 8014
14203 6470
13923 6462
3058 5359
5992 3397
6268 13065
12197 1686
5942 1170
3016 9429
1202 17
10912 3812
1256 12337
2159 4366
14191 7863
3487 13853
8601 13566
13324 9935
2847 6987
5658 13946
10702 2755
14731 11896
6587 1864
11796 2330
10559 2310
5005 2061
8554 14845
8527 3017
8377 14500
14198 9229
14101 14043
14461 9794
12757 13894
6072 11888
3865 10004
11890 223
12325 1749
547 5522
984 14249
824 134
2393 14292
898 2596
8199 1632
8018 843
12825 14740
14274 9025
13310 13549
3827 7507
503 3121
13796 3099
5066 2124
6314 7899
4182 5538
7503 12129
4879 5319
691 2945
14246 2950
3446 4464
13260 6045
10670 227
3951 966
1499 5229
893 1468
14119 3121
11464 7028
4880 14560
14081 334
2543 14669
6772 11082
4026 14717
14682 8872
9901 14331
3895 10377
1868 9026
14466 8706
4463 5317
5526 8931
8686 14186
11359 4114
11249 14673
7506 2554
13714 2113
168 7354
11887 14402
2236 8268
3435 7617
514 6256
7013 1852
2270 14333
7228 14188
14696 7684
9218 13730
11334 13646
14253 1816
10416 8613
4564 1631
14437 4822
9838 85
10607 5648
2320 12846
8413 13831
11800 9896
2804 12421
11988 6426
10087 6085
10832 11950
697 12135
3041 5752
4904 10051
6299 3201
1912 13415
11730 1338
703 8002
1712 9582
10549 11545
14632 7273
2262 5151
9096 14719
14739 6095
12848 3035
11406 2046
5609 4534
14699 3465
967 3600
11226 2264
6067 8351
2839 14811
13125 1429
5952 13553
4251 7073
9787 12360
11071 11367
11608 10469
5819 14155
11397 11754
2906 927
14657 6838
8593 14140
13314 11626
13050 7859
2323 5708
4291 11092
14701 8613
8933 12246
303 14856
8897 4196
5630 12311
10882 32
14114 4162
3085 4230
10850 5498
13717 7021
9805 13551
14142 13138
14357 8520
13813 11547
531 9798
3756 3618
5745 14024
364 2806
12603 8127
7787 3756
875 14880
11112 14482
4984 8171
6373 8056
10584 11039
14734 5523
8418 6253
13570 9569
4942 11163
3422 13427
4530 7691
2337 2388
2818 14463
13913 429
10569 10995
4934 10564
14752 11791
2488 681
14491 4663
1315 14305
1549 5484
12143 12195
833 5263
10281 1526
382 7108
9008 14406
3967 13089
3764 668
7624 11892
7498 1681
6914 8654
6274 3699
831 5503
9359 4090
2931 8229
4709 14643
9806 2717
12041 2077
7972 13778
4764 1586
10801 14936
3405 7000
13548 1794
13618 11232
9781 12409
13783 13145
7987 3591
4361 1836
343 12890
2210 14211
11460 2217
10659 12384
65 11440
12331 14329
13018 10986
1849 11726
4149 3020
8824 3227
12783 10980
11849 5655
6753 2290
727 5801
7114 5050
11952 145
14480 10066
14037 7666
9260 4096
8032 2448
14909 3677
4896 10492
6201 4709
2822 8782
2285 11633
11588 1930
9929 14540
10641 4743
5016 4520
7157 6159
10040 295
14394 8870
945 10831
14519 8325
11850 5956
8710 10949
13992 13299
7283 13516
4954 653
9103 13560
351 4186
9259 8880
10605 7290
9230 4157
5520 7522
7091 2622
3720 13447
10598 8769
8454 4347
8423 7416
12200 6779
5888 12536
1150 2738
8999 8874
11070 3676
2404 4812
9355 2870
8950 1011
4586 9657
10748 3070
1661 10444
9099 12163
7244 12733
10567 7211
4507 7916
14089 13459
6798 8257
5116 14160
2277 2703
1577 6266
13308 6291
4727 11412
9710 14782
745 11622
8008 8436
6690 1081
2811 13873
15000 9305
2330 14550
3493 3891
9152 6089
6285 953
1584 9553
12382 11457
2197 5035
11241 1247
432 5298
6197 2358
4850 13714
7228 4818
14211 475
12678 1045
10774 3778
4405 2933
9538 1467
4587 11408
7178 1346
5098 12841
1765 4321
10689 10242
6614 3819
4151 7901
6771 9004
13488 12972
3952 10192
14393 9138
3809 9899
891 12825
9158 8975
6563 8254
1383 14336
427 12719
6419 9336
7791 1337
2345 12530
4078 6182
11705 3322
14651 12726
8044 7
12039 7317
4160 13536
4718 4336
8858 11368
14603 5058
12411 3241
1182 1827
140 13322
506 3190
1674 10580
2797 103
1586 907
529 5383
14371 7509
10454 13645
3503 6591
15 4399
2139 6657
12890 5354
13875 6915
10721 14629
9674 14600
7029 11381
4796 8679
4376 13792
3995 8873
8193 12943
5929 5120
7564 1958
6951 7380
6483 11406
1405 10578
212 8502
4231 10563
3846 7711
1995 9901
9871 13455
12893 8250
5819 13081
3563 10146
14263 7690
5932 6009
14340 9199
5362 940
12435 1768
8526 13812
4593 6163
3023 14756
14691 1477
5030 10389
1894 2623
288 12655
6763 734
3247 11871
6891 1076
10825 6322
3575 14500
10368 12527
11246 1597
2873 1870
1263 12999
7717 2143
12339 9197
1557 10420
2329 3645
9122 2852
13827 3844
12662 7490
9188 1882
5204 8419
8038 8736
2052 7264
6916 11214
3166 11949
6146 3343
2670 3913
14628 6205
3146 7480
3822 5393
10723 3231
10483 3463
5721 1491
5305 10103
11961 4492
4908 14582
14424 10666
10642 9323
7200 9625
1202 4785
945 4683
2995 10943
5383 9803
1313 11054
6703 10379
9164 3079
10024 11344
353 4167
2086 14046
7260 1341
23 14737
14223 11995
14921 10646
9874 12344
13462 5324
14339 5333
10899 11944
10017 5981
13933 9364
6137 1412
8925 4339
5776 11154
9367 75
5623 4874
9759 12108
12606 12548
5026 8432
10658 12828
1003 13498
12916 10352
7278 9045
1669 5320
11637 2624
4029 1925
983 12958
12906 7258
14716 12993
7670 3129
14212 11394
12466 11197
9872 933
7331 2256
14828 8319
7467 11432
11147 10256
543 14069
3799 12919
9019 2132
14644 7031
13600 8390
10739 7632
3188 7899
4325 8975
8243 3199
12588 5510
11440 6781
8317 3994
14300 2529
6199 2150
11634 5864
8418 7526
14219 10781
3467 14411
6332 4150
13940 10859
12966 7938
13165 5939
11788 8164
3365 12541
14103 8334
9036 14676
12745 290
112 1272
4523 12631
5592 12730
7285 8278
8138 7914
10430 4187
13992 14345
14655 14720
3753 7535
5438 11527
6249 13246
3462 13811
10864 14370
4006 4641
7843 7563
6349 6319
13251 4842
14623 8755
7192 6152
8546 14818
7052 6663
10597 9679
12101 3921
11358 5793
9738 11655
5071 9210
3825 2973
11031 10976
14685 6491
1212 14633
6708 5380
1862 3949
10132 2135
7051 556
5044 13753
14992 473
3922 11428
8856 9387
198 1722
11672 13267
7564 2812
9667 9473
10239 6631
10228 9618
3540 11880
10314 5999
5474 5603
11995 7371
3553 9592
9172 2311
14207 4999
8447 4607
10974 3575
14914 2420
3321 5377
14824 5952
6663 3533
3587 3180
3785 10092
13796 14149
2762 12824
6174 13144
4359 2599
11792 8995
14864 1488
11712 5833
12855 5430
2046 6815
14025 13186
8241 5969
11137 14859
12432 9601
8251 14251
9918 14078
7053 4938
7759 7694
12911 13427
6149 7570
11754 1891
1760 5278
10047 13894
7893 4090
5297 4118
7430 4784
10835 9285
12363 13571
13284 3904
2860 3703
14845 9508
6889 1462
3053 2373
12779 14411
4491 14040
2832 1777
11357 7947
2260 11475
4741 14524
6782 3412
3169 12702
3278 2054
4523 3462
11017 3506
13764 11454
5122 1922
4106 8766
10099 1356
4545 2052
13324 4000
8590 1051
5936 12126
4049 6672
13585 4764
3013 12360
7267 10543
10890 3503
12535 7930
13592 11907
5053 1412
10622 8565
10985 7567
10235 8167
10968 14910
2592 362
5408 11515
11799 12823
3046 12791
13050 9223
8361 3670
1867 10574
11107 5274
4716 2634
4441 8660
12005 3094
14720 4729
4221 7335
14588 3468
4246 10526
6520 13161
518 7052
12760 12773
3289 4076
10831 3427
4703 8352
160 10765
10530 4756
3794 12490
1027 12525
13850 10223
12316 12563
13176 5328
732 4830
3876 3555
5934 10385
7650 14616
4346 14327
7978 4074
4910 5259
2489 3106
13563 8497
6324 12622
7793 9747
13298 12990
7406 14661
10238 2870
8025 9080
11494 9114
3360 13910
9548 3715
8985 4650
12614 11238
3808 3212
7741 2453
4868 6230
6341 7952
4482 13246
8721 947
13308 12122
9189 9127
10496 974
4612 14941
5408 1865
8330 3626
10539 2053
10772 11016
5814 782
3355 14281
8336 2023
6945 7414
9043 12250
11866 9647
14356 14536
3583 4765
3922 5828
9638 168
5752 2675
2593 3715
11798 13428
6346 1783
1515 9025
2244 1623
1527 3090
11801 6407
2043 9143
1608 1608
13149 6160
4467 2867
9483 7829
3026 3971
5578 13962
13860 8021
6004 14442
13348 4662
11258 6309
11914 13322
7185 13479
8615 3853
10502 8586
8322 10993
1024 14137
10343 9827
5427 4796
9615 7160
11515 1746
9741 2247
13174 6469
7515 993
8850 13366
7991 12194
4057 2337
5931 227
10670 3767
5859 14814
7136 14967
6602 14201
2547 7365
4851 12511
11737 838
4562 5991
13258 4253
13673 678
14538 13162
2960 14475
12111 4846
11229 11933
4471 12376
1771 14802
12241 7032
5651 7042
7134 3927
5545 2263
3029 3677
10022 10788
7248 8889
8244 13280
1800 11276
437 8205
6090 11930
924 290
14297 13766
14481 4306
10766 2578
3134 14762
6118 3424
8727 13535
10951 13648
658 3293
7201 9874
10061 10041
1970 12302
8062 7006
14985 6627
10950 11457
12819 4569
12718 1031
6429 9899
11540 849
9118 14128
10956 12001
14102 1640
9139 12279
9139 6580
3169 13913
14900 4900
1189 12871
736 14115
5195 259
8146 8603
11428 4045
521 1936
8755 1376
11129 1937
9875 4721
13930 12383
7021 4434
3736 9774
4706 7441
3225 10523
12531 8454
1330 10641
11416 2548
9629 8322
5802 8405
1699 631
13658 2921
5718 13579
13906 11791
8747 2903
5889 1716
13546 13243
7552 14662
13209 11419
3045 826
5345 11160
11284 14426
8344 446
10596 8124
5633 12331
10586 7777
2818 3193
8465 6861
11615 3871
3330 7724
552 6513
116 7451
5866 8990
1751 254
9254 14732
5601 1268
11556 12767
2716 13036
7890 474
4809 12385
2879 3760
8215 3848
11546 8403
6052 6651
10226 7378
11975 5737
7101 12777
14572 5635
10815 10872
14222 14082
5801 9692
4136 1229
4015 13095
2539 1068
10919 6719
2352 6177
13484 13487
3160 12767
13145 9679
13371 10766
1047 11142
1233 4551
11704 9381
81 10792
8365 13027
2655 11445
2130 12590
233 5948
3383 7353
11929 8464
8961 13406
5029 3460
1804 4412
11686 8576
12295 8196
615 12823
4236 2002
4711 11513
238 11898
13902 6498
14492 963
13278 11725
2244 9656
11751 8280
10024 843
7400 3825
10086 14646
10193 5709
12762 11824
4795 13658
13654 10435
12095 13015
1420 3125
6651 3323
4313 13824
9178 6713
10802 10897
4472 14168
7040 5117
10711 13455
6629 11375
13688 6151
6270 12963
2304 213
3534 215
9087 9407
12003 2282
13040 535
9174 8329
12769 2176
5101 8337
4312 2732
13432 7268
14524 13831
374 13262
2845 1965
512 7816
7464 4406
11110 1907
9180 13208
1409 1426
10184 8544
13107 8473
12109 9669
10617 3240
10161 10663
881 4451
3181 6901
7090 528
8570 1486
5526 13923
8119 12733
10117 14852
14989 4610
11633 12644
825 2314
13209 12947
10896 10439
6679 2489
13240 4824
5533 6330
1683 3444
7606 13038
6685 8423
10429 8508
13540 4662
834 542
12677 12639
162 2596
10495 6098
5796 14258
10030 4801
7466 105
6322 1880
7884 5613
11201 6457
308 2275
2112 11071
1464 7247
3892 4970
4498 6206
11172 7315
7877 10926
10910 5244
9022 9114
9364 6012
1248 9281
6220 8288
8170 10981
12997 504
5773 2611
13454 13902
9714 9914
4458 4974
8104 14202
14332 14418
2639 4831
9513 3677
2960 10234
9605 11605
3935 5941
10695 9416
1464 11874
5827 920
5267 5028
106 842
613 12166
7503 7803
2546 4049
561 14954
14654 816
14807 3750
12174 13876
12514 10812
109 1855
1370 10205
5364 6770
11402 5783
4300 6052
4068 8497
9826 2351
4224 6928
10919 5781
2170 11741
6175 8484
2863 9525
8540 12721
13588 2251
11365 7036
11100 112
7199 3334
8540 11118
13874 729
11784 153
3803 8612
14951 4966
6662 1803
13743 13960
11461 1387
8017 1656
14150 13989
5392 4812
14262 11041
7358 2050
11784 4313
11590 11122
2213 718
11094 1821
7471 10207
14080 13192
13092 10181
5278 11418
9545 4672
3653 7242
13266 4821
13398 10446
1192 1745
7505 3885
5870 2044
11300 7570
7043 3700
9473 2453
9856 11954
10683 8563
1867 12572
2260 6872
14908 4504
14471 4065
13312 5516
8814 9053
12274 13168
608 332
14884 6189
8920 861
1364 4873
8765 5753
13964 2668
13090 4927
12336 11364
8685 11043
2918 12290
3402 378
5023 922
6082 3367
7047 7788
434 5584
10258 2972
10590 13602
9588 13678
2916 11877
13654 3291
9182 9826
5247 4777
10815 6932
14870 13393
3133 9494
10011 8589
12567 13601
5753 11545
2512 4285
7071 11614
10298 9946
5923 11464
1526 7267
6086 3558
1105 9052
14087 8304
2553 12767
6825 6116
7960 1761
3063 7826
14412 12468
14567 8095
11689 11199
7331 13019
14895 6264
694 3676
13812 5810
4242 12909
712 2777
1287 13060
4312 5179
2319 8018
3173 10653
2392 7956
10057 7039
12100 232
11623 1988
4314 7360
10350 1308
11481 9050
6081 2053
3859 5836
766 573
8139 4591
11703 8106
10383 4768
2329 2855
3128 12358
14239 7819
4123 9739
13692 10653
14975 13348
3467 11624
2284 2511
12017 1875
9439 8182
14523 6455
3096 14771
12217 3859
7854 9470
233 1230
14041 7829
2897 13789
8794 2791
6065 10192
5579 6414
9466 11682
7236 12234
6551 11775
10687 3188
1571 2828
590 9909
2665 14645
10829 3023
4740 8033
8723 7995
8110 2414
10811 2696
12276 12681
1029 3810
7317 14839
156 2745
4542 6799
38 14986
1243 5014
14007 10216
9796 2692
14717 11204
10845 8421
14694 3006
14499 3104
2818 12041
6806 3895
12285 4830
6767 14628
9633 3752
7202 2423
13974 5207
9175 5222
14067 5148
2134 12365
5889 2464
3994 7109
3779 3631
14789 5037
10263 1968
14464 4355
3568 3624
6273 5802
6385 13320
2393 12567
2765 3675
3007 13561
7677 10924
3273 14040
10011 2426
4480 497
9424 646
8009 14951
4599 8324
3164 3137
7199 11187
10661 1910
10842 13983
6857 11802
6619 1291
1099 14255
1607 13391
8017 14333
14810 8212
13216 11247
9515 6771
10444 6434
4388 3919
8668 14322
13374 12381
13577 12589
4166 7109
3535 14106
977 125
4807 14426
8741 12230
5478 9544
6017 8927
831 7356
7773 14601
14834 10398
11415 10974
12839 1104
10220 887
211 1134
659 8750
8905 11248
11795 12802
11549 7968
9501 11456
14742 8825
14279 386
8344 12432
11810 11050
4092 4574
7385 8431
2706 6213
13795 14081
14254 4443
2067 12779
11760 11086
11557 13465
12562 2363
14313 7620
2022 9632
6901 5803
5725 14757
2979 9316
8256 9446
7375 9955
11939 6344
1685 4012
1585 6683
4989 5414
11887 7164
10137 7667
10653 6728
10235 9538
1845 7291
13950 13512
3013 7144
6652 12164
5972 3042
9294 11197
5467 6508
11433 10266
2846 12884
10061 4832
4168 8032
13270 7577
1720 10163
7624 5408
11827 4640
7919 10790
4827 891
10189 6947
746 6065
416 3541
12352 1190
4499 2612
8040 13103
10069 1923
8841 10439
14862 3043
8362 4164
12381 13046
1200 12127
13795 5072
14590 11008
4257 8836
13264 3340
4579 168
8915 4649
11116 12272
6580 1085
2331 3340
13980 4013
11385 4524
5591 3532
5735 13541
3943 3169
4923 10191
885 11517
1978 6133
1377 9540
660 7622
4994 9877
491 2873
8406 13232
6093 13560
58 3011
6587 6771
46 4138
14210 11864
6169 13830
11316 6529
2117 8951
12288 3826
12840 1744
5410 4860
14767 10652
7908 8336
7168 1674
2171 10849
5853 7258
10786 6114
12721 14136
3305 12449
3311 6098
14056 9470
4963 6742
6791 8717
9976 148
9790 115
3725 11801
12113 14288
12234 11094
1964 9902
11984 4342
2059 2254
12556 13111
9690 1591
6608 9672
4345 3544
1761 14315
5536 6576
11993 387
14681 1821
8699 1753
9741 6478
9984 5584
7459 2911
1157 14684
586 623
4252 5773
9503 8230
1792 14586
575 1738
10944 8630
305 3823
4798 1339
11435 4818
11498 10308
12784 10122
442 9830
3488 1173
12162 6141
2865 13286
10156 3372
1253 10977
4726 10418
1338 11633
3761 7278
7940 6989
5100 14287
3212 659
14474 11560
13896 1396
2978 9093
6345 14106
5176 6817
14459 5715
838 13077
921 3388
13893 7331
9610 4063
710 13649
1057 6240
8181 14875
11714 13707
665 7427
12307 2219
11577 11068
14821 5863
14276 8660
3389 7993
3514 4660
7443 3022
11234 6839
12293 10746
8859 9831
6659 2417
6246 5651
12190 595
1887 6286
13853 10364
14018 8131
11648 3190
4275 11174
1081 8133
4858 6847
1100 8941
8773 13187
12285 9058
10133 1333
10777 3411
7968 3984
3183 13871
8760 7237
139 3655
6553 8468
11592 7900
1867 10137
13417 12693
12905 2208
4905 5412
6356 9398
2681 4411
9590 1919
12244 12606
12707 6596
14990 6088
3953 6965
7740 2782
10541 7677
3323 8441
1447 9029
11599 10731
11336 12959
5234 8273
9362 3503
9895 11972
8156 8266
12057 3489
7017 1232
7071 575
1223 5172
8248 6519
14578 6337
11114 12293
956 7534
13850 970
1045 5646
1847 7381
8027 10958
6785 1806
9535 13454
11348 6028
11869 7918
5440 9620
8177 3386
11123 1899
3325 12161
9342 3399
1654 4902
14710 13910
9310 4835
8091 4706
11581 13673
10104 7680
13525 11086
12951 11889
4123 1623
89 5393
1251 1291
10200 9331
1846 355
2559 13404
13556 9041
13423 11398
12352 1718
14717 11275
13564 11659
8514 2643
4162 3609
14191 14563
11159 2264
14876 14581
126 5942
6230 7965
14946 12021
8439 8040
3724 12287
2 8673
14124 3032
14564 12802
5983 5642
4796 8223
3313 8598
13111 14515
4268 2873
11269 11628
8607 6101
4582 14664
5543 1763
7419 8024
3943 9926
11306 9146
2413 4924
9948 8642
6552 12962
4210 4738
3215 6684
346 7458
11767 6665
2312 14044
14501 3819
14252 6648
666 3636
3099 11074
10206 4438
14753 5934
14577 5404
6516 11699
11312 14879
9062 2014
13890 13693
9464 14169
1152 174
542 13096
1162 7372
12461 5795
5877 3721
4448 7902
9330 13580
11867 12012
6944 10880
14155 4685
3488 2451
9287 13906
1873 13045
7898 4854
12422 14896
613 14626
4922 7723
10174 1987
11601 5223
13825 2812
7641 2938
13419 452
7208 10213
14766 9054
11767 1637
4680 9670
8631 11466
2065 14017
9659 6194
3151 101
7724 12232
10229 11107
973 10604
6959 13154
3967 4689
4350 13382
12669 8807
9502 8073
4979 211
190 7870
4835 4884
4714 799
14824 5995
3280 9506
7222 12713
14571 14167
9264 11349
7657 5994
12242 4617
3226 12266
12462 11977
7015 8133
2949 3249
914 1934
8275 194
843 14165
9796 1894
3278 9369
3302 7584
4673 9971
5437 11007
4601 6823
12754 8328
3616 4919
4374 9698
14550 8534
2569 2309
8951 6469
6036 5419
1880 1354
1290 14805
6650 1805
12092 1569
8665 12513
7219 2746
8808 12249
13391 789
13191 3303
14390 6663
8521 185
11222 5427
8178 12838
10840 2459
2869 2239
10087 12168
97 8336
7500 12653
12554 7368
13175 11343
5885 6440
11385 341
1259 12962
13508 8126
1364 724
7669 6683
3838 12721
7141 297
5012 10682
7237 10436
13322 7553
8322 13706
7006 13062
9844 7122
1126 6240
387 14327
12229 847
8992 13297
9946 11478
7573 13049
13653 3264
11827 13554
8553 6328
7629 7504
13529 8618
854 3285
8249 4043
6573 11698
429 10466
13311 2719
1354 7006
8068 8038
11491 5703
13452 1982
3727 2215
8818 2549
5478 13897
3658 2132
11401 5986
13186 9598
3715 1220
8745 6470
7600 3925
3639 11784
1645 1758
8408 4304
1055 1288
6365 5902
8118 11745
3612 8729
10835 14710
2788 4338
468 13366
2734 7479
4090 890
7899 3336
14427 5864
11732 13293
980 5678
11506 5827
12332 6439
9340 3764
8736 12777
14737 7638
12261 6065
7754 12592
5935 9456
5592 8559
11564 3302
10679 10110
7812 979
3286 9198
10505 5178
5081 7590
10347 3370
907 3176
7615 12752
9492 10421
10330 14689
11624 13294
12072 4242
7873 4217
9970 13852
5865 11522
12231 6867
4617 13197
13914 13564
13708 4770
8248 2222
627 7495
9092 2865
61 7157
14536 12448
4462 9056
14510 8116
3225 2588
7175 10821
1513 595
8734 13758
5995 4718
8402 2769
8801 763
4831 7127
5660 12196
7592 10880
13099 8730
7698 1646
7466 13693
11385 1430
5874 5942
6271 6216
273 8096
6239 13220
1519 5017
13039 5000
8685 319
5763 11043
1554 8957
3329 3180
10330 4861
14952 14143
7943 11
11676 6178
5792 13208
5639 199
6344 4766
2310 6927
11948 11771
6030 8302
8543 9413
7067 10745
4633 4348
9890 3627
8621 3434
4338 7877
7776 539
1394 7960
6705 12779
9489 8933
8911 9881
10248 1003
4157 7718
12171 257
5162 4705
3478 6119
10052 4620
5007 812
5286 11951
10 5895
10472 2434
9876 5399
48 11562
8095 9622
12065 7104
7095 435
13852 12140
13556 666
13183 8377
976 2641
4989 14170
3298 3462
10695 9383
13341 12984
3948 1708
12645 13489
5484 10440
11729 9719
10000 3274
13371 14170
9994 12731
4615 3704
1674 1896
11727 1635
1140 12094
2030 5461
11519 435
1896 11279
13012 5147
13903 3418
14555 11775
12334 4595
5673 5579
923 9461
10551 13959
7253 987
9543 4038
2944 14493
9927 12262
3961 6892
4386 13459
9596 7068
12149 8268
10998 7001
6724 6443
9986 8139
3831 13092
4749 8808
8758 10629
6875 149
11646 9050
5511 12905
14907 11134
9972 3837
10885 6193
3236 5519
4389 11837
12164 10001
10948 12517
1365 10390
6172 618
13351 12986
3483 8858
11601 9284
7312 8040
756 7623
9696 8526
5316 8
5276 8683
8026 8722
7144 11126
1240 10181
5782 6829
6560 6697
2401 8706
5211 7009
1830 960
4079 14866
7891 5531
8911 1284
14764 8747
14071 12987
1978 8918
5555 2845
11681 5916
11177 8014
6630 5876
618 5680
13137 1540
7461 7210
2993 8248
9402 3028
12879 2313
127 13494
6648 2372
5344 4900
5327 5304
7508 11663
4884 14538
6855 11765
2631 7923
11007 14109
2235 1429
9132 14470
3269 1709
9507 375
2393 395
7945 13095
5189 13197
9854 10496
8172 6658
7008 5633
10168 2371
12054 2668
6816 14752
132 12724
6208 1746
12362 2266
4969 1999
4699 2541
7194 10752
13555 5729
14855 851
12416 8102
9093 1120
8417 1347
5386 9198
11920 5381
3230 7469
7545 14511
11885 7474
6331 2461
14704 5407
2520 12930
8281 6007
2026 4361
3632 6490
1909 5209
8506 1133
9183 1226
4630 9836
1661 13965
7077 6870
987 11043
1869 6564
3050 13984
4385 1102
798 9324
4747 2416
3260 7417
8247 12504
4094 3026
10568 9172
8961 11811
404 7772
11170 5031
3663 13522
5304 9185
9103 7806
4742 2591
10456 8729
6222 7731
1565 6731
2870 145
3383 12290
4747 12003
2944 10966
5349 7470
1199 6019
4995 11678
8685 3483
5359 5414
6208 9667
14044 12858
3071 6698
9032 1475
3772 9476
10390 12181
549 10147
8113 2872
6186 1269
11861 13528
4647 7756
2272 8307
6532 164
391 11868
4374 5162
3361 3884
11888 11447
9577 10541
14808 12566
5129 14365
11010 12092
8281 13812
532 1696
7014 6037
3742 14131
3837 12078
2350 5012
14919 717
11778 6047
9348 9955
10636 4285
5310 14727
3196 1360
10948 823
10535 6719
14130 271
2620 3009
14776 1155
6242 12960
1527 889
3038 8223
10724 10101
12592 1602
11352 9833
3938 6874
14052 7507
7833 8720
8101 11461
3216 13127
12656 7706
13336 4310
5072 8150
7000 12847
1496 13935
2079 5975
3408 4369
13859 7851
4376 3020
3006 2727
6739 12965
1007 14836
4114 2054
14070 1433
5927 10099
3361 762
10858 3748
3258 1259
2010 14116
9449 554
4117 1825
5127 6198
1003 6862
13389 2534
8181 7051
11170 13764
2997 10629
4185 6515
2644 8827
12593 1760
11864 2222
13999 1706
14132 113
13204 11908
8655 11309
5036 9430
7745 12182
5291 8642
3418 8881
5626 5097
13161 1283
6398 13748
9894 4350
13066 12933
2336 10798
7160 447
5478 11813
3266 2395
9055 1881
6035 12857
4773 10115
10320 2399
5270 2823
4170 607
5396 13981
4751 14568
1509 13245
13073 11095
1096 9232
13611 12729
5490 5338
11969 5347
3754 9347
14539 660
14270 116
4603 6738
12972 3745
5098 11401
1728 8095
2162 7322
11236 7944
14309 4851
10386 12056
7705 3373
2421 12245
3694 2987
7071 7833
9377 1053
4930 1301
8803 6506
9913 8029
9110 1537
9518 13721
9154 768
610 1828
5550 7195
10623 8723
10581 6915
10445 2727
2577 11961
8109 8385
14880 12320
14341 6842
12585 10077
3553 6099
4229 10185
11679 9359
265 1218
573 6976
8579 245
582 509
4237 14357
3567 6730
6258 5421
6097 4363
8584 6695
12291 6536
106 9125
10972 2975
12072 14927
10655 425
5382 8367
6766 608
5651 13029
11776 8983
9000 4700
484 14728
7255 3564
2259 3544
294 10381
2448 9380
13729 9176
8733 10898
13922 10584
11749 5531
7466 9444
6243 14738
1436 8799
8250 12546
4483 11301
13780 11628
2714 10227
10790 9678
7704 332
379 7388
6430 2052
2451 1130
10761 3389
13625 6831
6821 5843
5191 6995
11323 2017
4135 808
4598 7477
5061 4777
10428 13667
2076 6940
7166 11045
9316 1467
9734 6301
563 1892
7390 3096
5606 10681
8197 14022
5756 14061
7312 10529
4748 12955
7823 6797
13382 2704
13691 8495
14798 1724
5062 13367
2007 11137
180 7121
8103 41
7117 13074
6646 10480
4430 13401
2394 7218
12854 2311
9862 9371
3729 2732
829 174
12357 4499
9929 12370
5027 2005
13504 6892
9021 6745
6830 11744
4859 3437
14455 12628
1213 192
13006 4880
3282 12923
9018 784
2167 1646
2466 8937
14054 14324
14767 8929
2915 2437
2517 14753
6426 7994
3316 4905
7061 1654
3178 747
4728 5511
2172 11974
10692 7922
7814 13627
8794 2461
12021 8930
11723 7763
2588 10956
6777 7768
12703 6353
732 4807
14583 12932
4280 5963
9047 160
7051 30
818 14728
10091 11827
639 9106
4968 9707
14749 1641
5132 2494
9013 14117
3362 7294
13464 329
6216 9817
10973 1212
10560 600
14093 2573
9002 3745
7962 218
5819 13561
2495 4623
12613 14929
10399 14239
14413 3106
8391 13752
11887 464
1583 10227
9593 534
14682 12937
10821 1617
587 8539
12440 1154
6977 11133
6639 14190
7521 7565
14934 10342
1925 12093
7852 14546
6432 7038
519 160
2098 4450
6131 11702
6449 3821
1127 1019
13633 3690
278 1804
13688 3542
7500 7865
13827 3925
9685 6458
14826 3703
8411 7019
1135 13242
12143 3145
11237 8651
5934 3830
12604 1077
12009 8709
14454 7926
6556 13061
5750 8325
5850 14258
2700 547
5860 2160
1933 7054
11456 1887
8406 4492
2080 1096
13199 7130
13304 9099
4767 762
10773 3626
10792 3808
6681 8959
218 5106
2139 9032
8821 9085
14126 950
2355 14900
8922 1932
4730 11830
11952 12769
10669 6152
10909 3063
8674 12280
6690 6767
13501 5106
4400 6539
11954 14778
13708 11023
1420 1761
12718 3775
5858 14439
655 8812
10229 10516
13638 14364
7831 9621
14035 3780
3541 13133
10737 3885
13192 13876
6409 7571
5210 2159
6634 988
9982 408
1359 6428
5531 7760
500 966
6026 5922
14126 12338
9214 14591
5462 4850
207 5161
13565 196
4615 3358
7930 6217
13684 14006
925 13084
12273 985
9009 1957
10145 339
2756 5548
4838 11702
14776 11293
13069 13044
11686 5727
7707 10263
4468 9978
9909 5039
6031 13924
7402 4035
7907 12474
10836 20
3386 14749
5072 13141
2060 4665
10675 9400
14312 8835
13480 882
8796 1273
1880 6841
11310 78
11009 11195
7762 10217
4221 13953
10007 3526
6026 9413
13817 9748
4422 9444
14561 9681
4754 3537
9074 6581
3555 10360
14793 11482
12998 6912
13505 12389
11564 8569
986 2036
6106 4046
13950 14492
11543 10850
10595 12721
6285 10924
9570 12128
5079 6846
8609 3660
6574 1550
1685 604
14213 6816
11976 8525
14762 3473
1321 8029
13510 11538
8621 5651
5855 14008
7159 11655
683 2619
3163 4651
7741 13357
774 7426
2824 11282
5493 4507
2876 7568
3117 12696
6759 2301
14584 926
12312 6589
1709 6582
12666 12977
6262 963
7366 8314
10125 4671
1679 3667
12643 9185
10728 5789
399 90
14411 3056
9709 3218
11204 2904
9885 12048
11381 13820
10934 1000
9718 12138
7665 8198
6 3609
13191 11338
9335 12786
11021 14558
7050 5826
8524 8053
10053 7143
7489 13601
12058 1628
1074 8201
6580 14245
14508 14410
13712 9082
14789 8018
2706 1318
11637 9749
444 128
13316 7517
10651 3615
8101 1476
6399 4561
14050 10153
13890 7104
1241 9625
10758 10460
13037 7630
11435 11264
10438 13116
5137 9829
11097 10447
2174 5265
6885 4826
1024 13004
14128 5503
9840 11792
11088 12631
13419 8195
860 9539
5051 1294
10271 14926
4329 2729
14945 4244
9282 2356
5519 3069
9123 14166
7911 3176
1783 6121
7091 7200
10799 4523
13204 3523
14278 1076
3664 9924
2130 11944
11637 13894
9699 11159
12800 8922
14414 13881
6613 3779
12809 3738
11539 13170
13270 13588
7369 1967
406 8465
8690 738
2467 7950
4592 4344
10952 13297
10012 5474
2187 11880
5708 5073
3363 8244
4060 344
13745 5926
9845 8081
5098 3155
5856 5032
852 11398
13443 6881
2864 14091
399 2860
11231 8435
7788 10104
7037 12401
67 7463
6492 2070
5028 14625
3429 9821
6124 10332
6923 6643
8653 11443
8997 8166
162 2319
1863 12635
14180 14755
2176 7669
12207 9777
3448 8296
8760 3294
8335 6790
9688 14197
13885 11814
12514 13898
6388 13874
14390 6228
578 5543
536 14327
1245 1394
523 12469
1867 4230
10414 8673
10078 12205
11336 14961
14962 4203
11885 13749
8880 1684
639 793
5345 14677
1166 8300
5569 2292
116 12283
3528 11399
10236 11262
12584 5886
8934 55
12721 9963
8333 12800
7763 1207
7369 5718
12721 10490
14660 5933
989 311
6420 2856
7553 223
14220 605
691 4037
1000 12356
7072 2249
6958 11288
4650 12828
10192 8698
778 14316
2745 13432
2037 13224
13584 6313
64 12009
9963 2984
10839 114
7342 2848
5685 2229
12573 13994
5262 2687
6042 4672
14169 7126
13470 12899
12064 10099
2751 3839
12245 9847
11646 14627
3139 4499
14807 6534
10201 4105
10265 9149
6729 9983
1517 2173
135 2298
5917 14260
10106 3099
1608 2893
10606 7737
1632 13983
3582 14586
2915 10826
12116 6956
13300 14952
4822 9283
2701 10571
7198 3562
849 9454
1197 9699
4611 9743
8293 12700
9604 8692
8151 2389
6879 4496
8032 13954
13923 11177
11840 5765
9158 2770
3579 13843
5711 6004
8566 3154
6989 2356
3465 10048
13814 10844
1052 5477
2962 1331
4371 1686
9392 290
12188 7092
13913 10538
6245 13846
13666 14752
14242 4675
14516 4821
6957 2162
7184 8321
7774 5451
2755 11150
4944 12977
12711 14595
13680 14720
106 5996
13357 1340
13535 3944
1844 2379
841 12558
5325 4278
14246 5879
7195 9641
6058 4160
5477 545
1972 3062
14448 10185
9338 10420
11097 2207
46 9715
595 13142
7879 12038
4915 14577
5942 2707
12227 6796
12389 2246
4730 10795
6979 8762
12773 4400
11608 12548
9476 6171
9325 10241
3619 2960
11850 10683
10833 7614
6500 10977
10441 10325
8703 11416
7727 14366
5790 6555
379 1933
10939 2153
13443 7484
12644 6682
3387 13981
11327 11574
12042 3392
10837 11734
12135 10998
2523 13810
14077 6231
338 13199
12502 13182
12960 14672
3063 4225
6316 6002
11654 5465
3314 11584
957 1667
7843 14302
10425 10606
2560 1050
2766 13893
7877 4495
6454 7543
5463 6999
6540 6394
2943 9638
9342 4117
3554 7167
168 7749
13188 14132
4019 14973
8587 2519
8009 14726
13229 8414
11984 8115
650 4519
12377 537
12399 6262
13813 1299
13032 5422
8015 9810
9681 7101
1715 6723
13105 12602
1668 14881
5029 5120
7447 809
12803 4331
9327 3067
6198 1490
13710 3140
12899 6145
14219 7113
5958 14648
14029 624
12221 10589
1150 8974
278 4167
2810 3392
11366 8582
1134 5037
2633 293
7458 2955
1675 523
5704 8258
9953 11800
13158 5012
10276 7936
8378 11883
12728 5143
5408 5241
10642 9293
5957 2239
11430 11381
7493 4327
9116 9887
2292 8421
9023 847
14284 5554
13192 12608
5123 10695
11255 1688
14185 8237
10313 7724
11249 13034
1363 11203
11143 4787
6844 613
11333 5338
6278 1551
14462 11602
13442 12714
2 11599
7215 455
64 13678
11614 13433
6452 10301
3809 2907
11284 14723
7780 3432
13126 7481
5151 13660
9618 12361
12967 12694
9387 1131
4059 14453
12325 3308
7411 11480
5141 5279
8592 3788
7129 14292
12820 7142
2134 13366
6962 6089
6993 190
13657 1897
11273 9868
4315 11843
12774 14071
8571 5218
7693 1932
11859 2879
190 2428
5575 13377
1140 1902
14989 3513
13861 11665
5200 13726
5969 6468
58 12384
1493 12190
3396 1390
8601 6051
1078 5966
1635 11947
11232 13001
3896 12054
2486 10906
4791 526
6979 11528
7869 8311
6294 2111
4613 8909
1456 11833
2212 2190
13095 9169
13147 14752
12158 5851
146 8876
9109 5443
11199 5032
11393 9845
572 1624
11034 914
5679 9073
4223 7415
6285 14154
4740 12236
11862 647
11811 8679
1357 10582
3777 6123
186 12499
319 13294
13151 242
889 11778
6181 1260
11455 10085
7739 11452
2944 11401
10541 2569
1970 12328
3997 2028
4370 2163
9552 13495
1116 523
7757 1680
8747 10163
7505 4609
5337 3284
5727 2881
10247 14381
5536 3619
12913 14219
12644 6396
8230 3797
1035 2088
4895 9022
1487 9492
2966 6965
9920 2511
1265 11786
7499 8285
8540 14186
6224 2036
13986 1449
11316 732
3704 1118
9715 545
8210 13844
11420 5321
14224 1823
1450 1896
4555 3711
12897 7255
7936 2749
4781 13128
667 6553
6313 14027
6548 449
2013 2431
3896 8967
6214 1958
13600 10739
11045 4182
6562 11248
4383 11753
5351 13724
826 10407
1855 7942
13869 8393
1663 11776
12918 13475
7238 714
13021 14767
3456 1236
10983 873
10678 6301
2822 5987
10626 3975
4459 3809
5430 9343
5722 9009
7166 10975
14213 261
11109 3192
3531 5817
1236 1659
1668 4773
9444 13043
6601 11421
6801 8981
4502 11134
10956 5893
9640 1136
8018 11010
12481 4693
8561 985
12231 4412
10173 1194
1674 41
4976 14189
4075 1033
3512 12730
5973 14030
9433 4059
1443 6035
7679 5711
767 5304
5125 5968
6110 4692
366 14429
14929 573
12166 5376
10924 985
7790 10151
1956 4842
5566 14024
5110 4087
3894 12185
8712 7181
456 1897
8289 1252
10848 10866
8774 695
11073 6682
12018 5587
14729 14783
1474 8950
846 13263
4473 13573
4396 7791
5285 456
1114 14187
1743 10294
13070 10496
14474 11533
14163 7079
11286 2591
5465 7847
2394 2159
6581 2636
6518 1604
1482 5005
10522 4458
8085 5821
8398 1034
4571 14073
10261 9471
7750 13780
14847 8346
938 14562
491 12811
11502 14722
1449 13740
13582 2362
3449 2139
11523 5508
2901 3123
3182 14094
2752 7585
1318 11861
4127 10449
7022 12363
1269 448
769 8344
6333 4765
2082 6738
8864 460
5183 1195
7742 9616
12586 6068
5282 5918
10949 13520
3769 5691
7618 3347
3652 1909
1055 6993
12194 12992
12770 763
341 1098
8818 9950
14135 8183
12322 5049
1090 8627
4558 8223
7642 2988
12473 8318
14100 8997
3432 12148
864 11808
1026 1304
2831 14640
2225 9782
9011 10516
7782 1216
7469 9163
7591 3198
3728 4368
11979 8517
12838 11882
10644 7460
2956 11878
13485 3069
11180 3682
9633 3749
7753 3687
2258 12165
5675 218
5769 13799
12261 7295
6092 14357
1106 14228
9532 6163
3089 3851
8410 6314
8817 1029
7343 2252
13180 10889
13513 2007
9918 14249
11758 10615
10596 5361
9466 8340
14287 13605
4220 8193
1081 4030
2235 9847
12695 5048
10776 4207
767 5607
14310 5059
13460 13610
630 8541
9684 11166
14732 9626
7639 11647
10032 11123
13888 9951
10695 6147
2073 12881
3562 11254
10877 3160
7770 2782
3947 3111
10048 14177
12278 4632
5190 11550
10482 13585
12536 890
8104 11386
12916 8970
2972 5397
13914 257
2297 12305
3273 9669
1812 8976
11464 10084
4192 3745
14471 11675
7787 165
14925 3343
11586 4974
6621 11802
11174 907
9687 383
11873 14767
3706 9280
2467 2067
8377 12589
1249 1739
1287 3131
11310 6873
9200 9501
5703 607
9233 10775
14577 10264
3003 14308
1777 5064
4051 7131
12564 4549
14885 2778
8907 2697
5138 11569
14564 2861
8333 4507
1218 5194
3038 717
13262 11559
4448 4900
13729 12546
5985 7150
4841 4828
11839 8256
10232 6034
3672 14773
7886 5193
10750 1599
7974 5076
14834 14032
9336 10462
4026 6714
9349 13285
4408 5621
6573 601
9474 9068
13660 83
1585 3838
780 1764
14652 7639
13248 6551
1855 13007
2371 4864
5419 11537
8217 2827
3829 7874
9274 7212
4924 3649
4142 1070
691 14598
6438 13864
2720 901
13651 8285
2132 9205
14585 1837
12273 2996
12176 9365
1387 8975
13603 3772
12536 3678
2568 10946
13319 6890
6045 3354
13319 3736
2525 10982
10366 905
9531 13733
7791 14684
2441 1130
226 14238
5104 2237
2881 14365
2813 11787
7515 13406
12370 9534
2311 4034
9447 844
10414 3680
11981 7331
10628 4337
662 5051
9627 1599
11848 10853
4667 12965
1832 6994
8402 6464
11866 4709
4065 13087
7734 2178
7923 13793
4538 14698
4376 5808
12525 2535
7377 14049
11078 9905
5577 1108
7484 14387
13540 11412
3877 12048
10313 9139
7249 7957
1085 10564
13821 14151
12282 9139
4216 6852
998 661
238 4005
1779 9051
7010 9082
12696 5636
4457 10529
1898 8617
1798 10651
5479 8675
552 13647
14627 14248
14536 4535
13268 2189
11590 1416
13359 2096
8341 6241
2739 6320
10840 6036
13048 4834
5580 8845
1173 12690
9046 3116
14669 11724
1170 3997
3121 13606
6803 13361
3301 7547
13281 7737
1747 556
2409 3428
2548 3254
14524 5408
8639 2009
2690 6918
1543 11007
12505 14856
10277 258
8649 2832
328 13056
1404 6599
1948 2084
11898 3847
7493 2913
101 5367
14977 5836
13384 11377
10373 7640
9524 9169
4905 4579
5187 6589
5980 10729
3979 6064
5015 3769
14710 13793
12260 3209
3173 14252
8820 13269
298 5974
13918 14881
3020 1739
6706 12214
10491 1853
10981 7965
2291 7972
14492 10320
4095 291
5690 11495
3086 14011
223 13492
7867 3860
11761 14
1936 2255
11630 7361
5121 10860
7596 919
12242 6297
4345 13502
4916 14393
890 10565
2102 12475
4874 4222
1743 12120
4857 1445
13417 7146
4292 14508
11157 11884
619 562
12494 13264
9475 14466
8682 2961
8879 8354
5073 3794
8261 13605
14392 8427
14634 1394
7378 1122
7241 3062
5490 299
1791 14977
6665 14581
7028 6190
14408 4627
56 7601
14291 1531
7362 10665
12630 5527
2185 11158
13517 13489
3239 7077
7856 12946
11466 5911
700 8561
2785 11641
9357 8276
9427 5229
5153 11193
6003 6294
13074 14573
7251 1678
12618 6500
1889 11586
4057 12194
13716 13425
9030 12688
3111 8267
1082 5154
9628 4974
3282 11673
14453 10585
2821 4652
2691 7760
2366 7978
14160 657
13029 13889
9962 14566
9663 9577
7097 2637
7459 1939
4420 11873
6942 10716
5558 11956
5952 12450
2306 10672
2350 796
291 2987
12968 1092
7530 1558
1154 11940
9551 3095
5746 9248
7656 776
12126 7133
275 10225
5984 9673
3357 7210
6784 62
13914 11755
1899 10153
1593 10417
13650 1856
5392 8757
9376 13351
6513 12825
405 11523
6234 5328
6166 13915
5291 4514
13994 9408
2080 9993
8714 1677
3752 6044
12725 10313
1063 7883
12982 7349
14035 5530
11888 6857
55 11803
4931 6797
12941 3822
7089 726
14646 4683
3411 12628
4235 9487
8891 14636
11683 2469
1928 839
11541 12321
1332 6114
1441 3822
10067 6789
2411 13976
6267 6958
10361 5895
4511 8282
7751 4363
1712 13531
159 2604
4192 7848
12805 5178
12439 858
11899 3028
6145 11854
3357 11191
1540 13972
10780 13222
5328 13046
8762 6751
4931 9480
3513 11587
9589 5958
4028 10615
2360 8819
1306 8881
3739 9286
3283 8673
4800 6111
14562 518
4583 2878
4704 1847
7811 11262
4623 8049
14515 12010
10168 6321
8753 4224
8405 2903
9368 2285
13826 9582
439 9899
4385 11113
2350 11907
8074 14332
1479 3480
6143 440
6020 12863
1154 5430
9525 3719
5951 6381
4980 3913
821 13915
14166 3072
10160 2751
14411 5196
4884 7656
4349 13385
7803 9260
5458 5970
947 5925
6420 4948
2623 1034
4852 14451
12941 14156
3249 3126
6182 4537
8615 573
14201 2011
7081 7604
10287 7622
14816 1379
2401 11218
10679 3674
1119 11089
6845 6016
6319 12245
2111 6231
9801 2673
12691 13717
14186 8024
183 9362
2341 11712
6501 6405
9195 11806
2993 1296
14390 12039
4563 3691
9442 9766
2896 2516
13124 10260
9540 3649
812 8477
2562 10081
3537 2315
14356 977
2412 3187
9804 13269
10476 9259
13191 1278
11182 9100
11892 4116
8325 1862
7144 6474
6995 8899
18 2313
4531 4920
13512 6707
8379 12757
6686 547
784 9943
11203 12953
2974 3798
11305 14352
12325 14433
4942 13922
7837 13025
14824 11558
4348 14557
14600 2666
4350 11569
14578 633
9414 10245
9796 11757
6318 9793
1457 3299
164 820
14242 9768
154 14376
6146 9065
6707 5426
9018 3395
1379 8970
9425 10218
5498 3336
13550 12127
4386 10767
9692 11567
6508 9904
3472 13118
6361 12677
4198 3189
5008 12913
3937 2247
10501 13533
10690 7835
8870 7653
14032 7016
11997 14804
6979 6412
8312 3853
981 6661
3557 1950
921 3006
6362 13623
6956 14021
5452 13795
3205 5106
13952 1746
1290 12890
4176 11260
341 13350
9987 10965
6457 6324
12294 5174
9151 529
9691 10715
12061 8672
2767 13699
8741 8203
14434 13899
5633 14852
5816 9282
9370 7075
9429 10932
12230 728
13604 2001
599 14694
12315 3683
8540 23
9645 313
11736 6080
32 1903
385 536
2220 1886
12632 10902
4146 13046
5212 3255
12883 11037
9306 14745
8520 5656
13831 4851
11890 5372
1037 10430
5004 14767
10990 9039
6659 78
11499 7489
9687 10141
5659 13711
8971 14111
4071 749
11809 14532
8780 12103
5838 12572
5873 14992
1936 5704
10554 8250
11008 440
5073 11931
9740 6651
2625 1097
4608 10806
7787 7889
5475 3749
12937 13503
12935 9853
11533 12192
2917 4155
12437 2784
2880 4773
1863 8543
6249 4553
11187 8198
13218 7503
7104 6339
6012 12469
6873 9033
1839 4150
10135 6945
4173 3945
11541 6479
4373 13582
10458 1575
4686 13944
7114 319
2770 2596
1321 10542
4638 10242
13003 3285
11503 8572
9028 5688
2659 4556
5532 3172
10330 6454
11922 9501
8667 12923
11799 4942
612 9080
11365 8009
5165 7250
12892 2377
968 6301
7806 11754
12343 8655
1257 3947
5874 1942
8375 12825
14932 14156
620 536
12477 10770
13159 1607
3391 4831
10677 11506
8532 8785
5887 3969
214 12112
13662 12911
5443 9227
4342 10522
11901 9378
7185 41
9284 9751
13763 8795
7942 8544
12237 1268
9515 11159
2107 6191
11679 5964
14561 8700
10986 11879
11048 14325
11387 9797
4951 10369
12486 2541
13214 13135
1743 5253
2193 9499
9582 856
7163 6730
13556 1376
2625 6233
7528 2991
12361 8090
9364 758
13325 4400
13007 9666
12910 13652
6644 7798
10532 5384
9368 12644
11600 6712
10645 9497
8027 14679
7303 2793
11968 12928
8686 9247
6723 6150
4629 6725
7353 12692
5825 7300
7434 14004
9762 4909
12603 13973
10867 6234
1231 12556
6790 4651
14574 3700
5371 12927
4608 4604
7678 14572
14975 11605
13244 199
13133 3404
7964 6647
1044 11330
10604 10593
2482 5422
1478 3836
3548 6216
4175 11907
7291 2999
9630 8516
13292 899
1299 7709
11078 14546
14113 12499
12638 2946
3685 6684
6713 5386
12767 11824
3517 4557
5597 13202
9173 5035
5590 6115
5888 654
3976 14923
21 2855
6280 6399
13931 12385
4198 12376
12898 8967
4833 3595
5410 6614
3770 12829
10623 13180
13948 789
169 14623
904 4484
14233 4847
750 10526
8415 12780
12943 5363
13121 14999
327 5606
4350 14320
4646 10964
6944 2423
7639 10444
1810 11726
640 5797
7943 2904
1771 5286
3668 1525
6876 5632
2848 11367
13934 5870
4516 14480
6874 3575
13932 12869
1782 1578
11442 13208
9025 12638
3392 11018
13077 11035
4028 4364
625 3658
8499 2993
6390 5707
6368 4781
6505 8093
1267 6766
6149 3073
1570 9632
14975 2337
885 702
3297 7100
7865 3694
7541 6165
184 8377
8290 11492
5412 201
6282 7180
8827 786
7756 79
8598 3234
3241 12619
12216 13474
14451 12476
3565 3165
11364 6469
5915 4794
11037 6794
6690 7489
3211 3317
13469 3594
12275 2994
5094 4427
9697 14263
11655 2888
5837 12615
13748 7567
13686 13383
10826 5105
8655 10699
3189 8516
2376 11241
8403 14882
2806 7013
10033 12095
7501 2345
6996 2069
1289 3598
7180 6502
568 10153
12394 307
4892 2490
8957 7553
1261 3560
5799 5234
11315 2647
4726 7965
783 9326
4597 5973
6240 1713
7025 6054
5022 6367
5688 9989
6064 3071
4598 8160
8343 10472
5418 9581
11086 2106
3727 2217
5601 8199
6419 4807
4740 5102
9026 946
9676 5281
1115 11456
13885 790
12329 3980
12184 3403
6773 6410
4559 8809
1713 2616
2351 3855
7431 6559
12779 13364
1176 1174
2742 1366
14426 6500
3677 8061
14935 3091
7740 12929
10493 2163
9200 512
13391 6985
14274 7001
14567 3089
4254 10278
4248 5719
13614 6214
13037 11946
14077 10568
10643 1995
11704 12237
8572 6903
742 159
9932 14981
6647 13845
10921 9128
3271 7340
9233 5259
1008 6915
13889 9415
1948 14146
4392 7293
2101 4730
6606 11420
13870 7354
8084 6117
2262 6188
8216 4197
8402 11707
373 3722
7721 13814
10503 14567
14170 10991
2764 12477
11258 4962
8065 11315
10419 14228
4080 5659
6582 5845
1809 7102
1631 10195
2443 6110
4231 4755
82 1364
3809 4293
2614 7311
10410 4473
13972 14723
3501 4771
10133 6855
4815 3970
9232 10759
11844 11981
2626 13328
8392 8169
12863 12289
2240 7789
816 5271
13197 12618
6309 2886
7826 8556
109 1779
13173 6553
3626 3317
2419 12077
3432 14994
11318 5030
7857 13556
12445 11516
9918 6048
11540 3645
9339 2405
8169 8666
9122 14196
2900 621
3289 351
9507 14939
7048 2693
3359 8293
1871 14753
11963 633
9883 4402
10317 3757
8215 10244
9333 1454
9659 83
13903 8323
4561 6962
1943 7728
10384 7253
3164 680
9083 2887
9730 6708
2391 12649
2175 7469
9678 1590
1035 11177
12093 10631
7994 10486
4358 11639
3211 9374
12662 5913
273 6075
10276 3935
6119 12525
6971 11576
1886 2680
2529 10543
9205 2338
7799 7155
8355 7556
1202 8028
14066 13762
3748 7307
12129 4166
12217 14495
9004 153
5684 14725
11410 14101
11727 8438
1088 4089
12624 882
7132 11379
11149 10893
2769 10726
8787 8921
13900 6043
7184 2808
6123 7579
9143 9413
10527 802
8820 8608
14935 10712
625 731
2156 1189
2489 14338
14507 1121
8833 1216
14795 10117
1857 13610
14449 10155
1162 4616
515 3034
3033 8131
11194 7848
12598 4886
5968 12370
14457 1439
14420 10214
11997 6790
11028 2785
8663 11322
12676 12460
4417 9422
7287 718
8928 12100
6971 10085
1668 9504
10838 11660
8486 13455
8836 9155
8973 267
10185 2290
3157 6438
5526 5838
8451 10134
7138 4642
5038 2063
2753 6182
11373 728
2962 6143
9218 2372
13105 6700
12935 5748
12722 5434
12396 5240
4400 11100
14689 6340
5186 10766
6053 8160
13256 2061
9967 7422
10196 7095
7 8988
2836 9142
2705 14283
9805 8513
13147 6180
13979 1561
13881 7155
1913 8921
8387 4926
9656 14151
10000 3605
13814 11780
13551 4084
12049 12602
7019 9419
3492 9247
218 8948
6349 7906
4952 5442
12953 2477
3985 12859
14365 212
12894 13932
2008 8456
3369 8659
3517 10320
2767 9407
9997 787
5625 7907
7183 10865
13462 4604
5793 13073
6901 1771
1800 1382
2061 10415
11520 7285
2675 2951
12764 10511
8434 6008
13705 2028
7766 13998
12778 11115
6156 11054
11170 11338
7755 3796
9667 10199
846 12201
778 6382
4821 1413
6214 13781
8822 5653
9228 9006
11587 426
2391 6884
6627 8910
12574 4640
12377 5110
9554 11866
14679 8680
5719 9792
9720 3833
10578 7803
4356 4017
11290 1962
568 3002
7098 11501
2580 14213
8408 4278
3998 11151
6004 12868
1128 8563
3416 12864
6719 7071
9340 2297
4599 5029
5658 13712
2228 14085
740 2970
10182 1161
14488 4278
10647 13339
8432 10864
7756 1479
8701 9972
3500 13795
7154 10781
10743 3815
5274 46
14728 10498
12727 6773
4752 4606
6514 13905
2617 578
3050 267
8315 2610
194 10472
8777 12597
6530 14069
13561 796
1408 2582
12252 12545
7966 3447
9032 12533
6295 1047
7371 11476
12527 9465
11454 10093
6288 10921
12956 9601
5166 8086
11159 8530
13204 9950
6654 3729
13128 3160
7798 4681
6044 9328
7375 8345
2770 3850
5345 11763
2020 7045
10942 3191
55 13924
12508 3514
42 12897
4372 10674
2860 8132
11933 9167
7509 12946
11640 6308
9727 12318
9556 2538
2597 3936
10186 11968
6370 223
5924 5998
3757 14159
1629 1684
1998 6327
5485 4137
12979 5532
7822 7026
10616 9417
5424 6445
11966 654
3468 1831
13346 12352
5698 4342
6769 5184
11324 1351
5871 819
2434 5512
14015 10196
2700 6375
5405 9831
1016 3232
9150 846
7500 3738
11666 8864
9238 12646
324 7288
9232 3863
2161 8901
4175 13230
13444 8229
1342 8266
4446 10416
7471 9737
7628 14211
2565 3826
14085 9344
1806 3824
13404 3685
4100 7476
10801 14474
8630 9292
6691 10021
9444 2959
4430 4814
3115 13908
6118 846
5629 12988
469 8400
8187 5738
13473 9506
9404 14011
6800 5240
11240 11820
13385 14651
8920 5627
3475 303
8480 13976
13866 9854
901 4340
9400 13201
1334 658
9321 245
10304 6858
1275 9044
49 11051
5827 13471
8932 1480
6091 14551
14640 9929
9038 14368
5233 3015
3386 6414
4643 13104
7435 13771
14615 1422
349 4695
8480 8914
10805 10243
6749 11356
6486 566
10017 33
10552 595
1762 8797
3594 3807
3279 1361
9581 11184
11580 9736
11639 420
