500
14077 1173
13274 7680
449 8132
4689 3460
4828 4843
9598 13053
3724 5753
13154 700
720 2018
8791 12475
3860 11423
216 14990
11319 13698
9661 6762
3255 5430
11086 4131
9539 958
2239 8988
10958 10228
11046 10564
10467 12172
12320 12182
5668 2451
1180 2521
14624 2288
14148 10246
11991 4383
7786 12055
14743 7229
220 12480
12251 540
13116 13411
834 5414
1088 12872
10111 9605
6428 12158
4526 12554
12670 1184
1471 6798
1401 12893
8563 4435
10393 7260
11856 14188
3478 6856
11284 844
695 3744
2114 11210
1427 8367
12099 3140
13022 5279
8302 1841
4879 79
5075 2871
10546 4444
2205 2874
6347 227
11325 470
5840 1196
10396 7214
1032 9528
7443 554
6210 10679
7402 8600
3665 7569
1473 13260
13940 5180
12605 14527
13213 9532
9325 11515
6085 5999
8155 4660
8855 10879
10952 2621
2335 824
7365 1923
204 5931
1962 4622
8781 2709
9530 14753
14594 441
12937 4287
1644 10769
13455 4730
7039 12552
2365 9680
9740 1472
1490 14766
5856 2869
14844 10467
9058 3530
5565 9846
13954 1633
3497 9171
14197 14915
13372 9910
14926 7378
12208 29
1807 11348
9146 13284
8810 731
3500 324
11805 8322
14288 5902
5717 1002
2101 631
6925 1079
11809 11179
2815 13723
4235 436
6199 1912
6004 13493
5990 1345
7311 13198
3839 9718
293 2156
3975 11947
8798 1041
13484 1234
4907 10105
11110 14352
4422 3112
7751 3683
12232 4498
14625 11341
316 12275
1184 1186
3758 4827
5797 10016
1043 13659
7235 3557
7484 9067
1782 13330
6573 11922
1773 4948
13205 1735
8157 5734
13288 10431
6751 4137
9630 8243
1148 3354
10329 5069
2516 5692
4912 9695
1042 7731
176 11656
4351 10208
12518 1645
12540 12559
11100 11814
6841 11006
5577 12642
10521 5821
11842 2831
13431 851
47 13631
4773 13136
8305 11320
251 8879
8177 9988
6432 7358
9610 13154
4854 4428
11889 5993
4168 6428
13772 463
1300 1469
32 13730
3710 13941
1675 141
13366 6807
9509 4993
5922 1048
10480 14466
13245 14167
11201 3346
12035 14136
7656 12491
12434 7020
6804 6457
7279 11173
11408 2800
1310 218
211 4517
6383 14522
7107 555
4332 2944
13724 4733
1545 10796
6916 11386
6774 14070
8955 14026
6025 4420
11886 347
129 11409
2420 6039
10337 13752
8529 14487
1695 13037
8320 2437
5547 11078
12039 2505
4411 7102
9456 3992
7929 7598
11537 7221
13427 592
7630 3851
5612 12671
4466 3658
3802 13464
2062 14998
3477 14580
8260 9631
1303 14575
5235 8678
6478 2804
11019 6084
8788 442
423 2477
14431 3178
2199 13582
1684 7496
2147 10284
7573 10772
10824 10950
3981 729
10889 2506
7617 12700
6382 12853
4740 1898
6294 2835
4191 8546
1223 6108
9060 2635
1490 13508
4021 8000
5770 10850
13187 14578
10050 14395
14510 12276
5701 13601
10191 4758
7261 8026
8146 14280
11754 7474
8338 8162
9057 11704
4661 3551
376 7608
7938 8796
2565 2050
11831 4982
1572 1010
5387 4699
6384 5734
14705 11709
14463 10367
11326 14847
11492 7768
8549 13437
6018 1679
7970 13697
934 968
6509 8673
10102 7453
1498 7732
6469 2057
1463 9717
13194 9359
11323 13869
5280 880
1688 12792
2467 7742
11456 9745
11436 10586
3013 7668
8150 1269
14138 2796
7031 4429
1121 5042
12585 12450
6299 4341
2038 9428
9167 7073
5900 8550
6453 3377
6548 11223
6039 14942
14562 9579
1559 11724
11723 14153
9006 12134
11296 9439
11474 2594
12507 552
1841 12008
24 3305
9253 9132
12396 11559
6832 12446
4397 4783
5892 3161
8779 6321
5631 10256
13498 5730
1807 8708
2986 807
1686 775
10183 10085
12812 6258
13078 1559
4330 5355
498 7402
10701 13176
6104 10792
3324 1232
12528 5512
5607 13866
6310 4277
8784 2501
208 1787
13213 10005
3343 9701
8813 6505
12471 13459
5771 1429
1566 4670
10568 1887
3765 14567
14573 1074
195 4647
429 8560
13130 9891
368 14761
2237 9434
6098 10901
8853 10287
1444 9855
8457 10496
14424 3484
4443 7191
6979 8240
9522 10361
9765 8314
7266 14832
14131 7346
5778 6549
3334 6169
4447 95
903 876
52 11237
2942 9153
3039 12729
4996 13551
6959 13515
3277 8423
7732 966
3878 7922
6152 12500
2958 3066
9334 485
3613 2485
10107 9911
2320 5426
6342 6516
5619 3514
14228 13067
5829 2584
13942 3146
10898 8942
3187 13439
10243 13412
1007 6506
7190 14555
4992 10998
12312 9396
6077 11366
619 771
39 13124
12492 10710
699 5582
14691 14381
10198 8056
11228 7395
4481 1408
12426 14431
4494 8058
7416 4208
5288 3282
2781 4962
14304 7140
2521 2081
6676 4992
11913 6732
2099 6128
6633 5166
12957 4972
10939 14522
5759 6042
1293 14520
1539 62
6874 14131
4309 12460
2333 9067
11957 12175
986 2469
2987 9211
290 5925
4129 8300
10098 9938
1334 1852
1650 5309
13353 13157
10936 5829
4821 1293
8446 10245
5469 5105
5294 3090
10454 2004
2783 4072
8102 3161
6585 3948
11239 14881
10089 11821
8490 10586
14787 7565
11915 11916
1096 8047
6924 4020
12619 12378
6050 14906
13098 8168
7256 9073
12416 6496
12631 14791
9769 11445
2440 11270
4760 10335
5857 10717
539 5510
10045 468
4010 14027
2076 149
4078 12475
1699 11375
7303 11476
1205 13528
11463 3048
1921 10218
4690 6114
124 5567
5966 12523
4991 11641
2550 5533
6435 5126
584 4632
5231 5292
5640 19
11178 3497
12299 9522
10189 12008
12629 5615
4679 2323
14790 3042
9368 9937
3129 14299
4412 14888
13994 9947
10049 297
3345 4865
4046 9847
9857 14361
2532 3225
5987 2176
13626 13308
6268 12707
2945 6149
11134 8095
951 10335
7557 9491
1324 13785
13559 3545
11570 5119
13128 8497
5427 10719
6860 6864
12694 2950
3522 10776
7938 7986
10685 330
12323 14678
1526 8845
7522 8820
51 14474
13604 162
13394 12800
12841 13596
11328 14299
2154 1650
4284 1062
