5000
14036 6811
3889 9706
6070 9968
6173 13604
6112 2319
13719 12383
10012 12376
14751 2197
14972 12307
5325 1774
11876 13083
13693 12818
14093 8083
12819 11411
7800 2654
12720 11895
7217 1133
465 7702
2084 378
7257 2428
412 3917
1105 7881
11245 9131
10739 13573
8166 12591
4013 11037
3050 2111
9325 1937
13073 5811
14305 9196
4 11691
7506 7656
4550 14317
10734 3752
3613 1301
11700 1568
12634 6756
11010 5104
10841 4311
4019 13213
123 11962
7098 6533
3661 8745
12366 6844
10407 1218
12801 5391
8033 13912
5302 10634
4984 6177
7000 228
14774 1855
9920 5805
5322 1663
797 940
4481 4731
7938 14643
8407 7262
8678 7403
9957 7504
14006 6981
5115 6336
5879 3280
5377 13840
8770 12093
8612 3186
1560 14410
6800 5757
4576 5259
7415 7056
14225 5067
2288 916
9940 6907
4584 7764
9626 7834
11348 2408
260 14397
6470 13634
14211 7434
2917 11287
3428 11753
9917 14064
869 1605
12641 10202
9148 13237
8239 1729
13100 11245
5856 8164
9249 3740
12852 7542
12145 12655
3016 12454
1135 1358
9514 13855
7902 4886
773 12095
10807 492
7006 10002
169 14350
11878 1790
5557 681
8554 11178
1084 5773
10121 8251
11232 2526
8840 5854
995 843
3811 5203
11798 4503
6595 10590
14495 1522
11877 8778
1506 2514
12188 8076
4734 11650
4306 3558
8810 8589
11869 14539
13267 3559
4369 12912
8637 7417
8744 7754
14564 5986
7762 10013
12122 6107
9381 7683
13677 9182
11148 3677
2547 24
11295 615
14582 1382
12388 11265
11433 2809
11845 9240
3619 1506
4464 4990
10183 3028
14770 12199
620 13046
11135 4064
9330 8034
14124 5869
1138 590
6411 1464
12741 5724
10214 14145
10953 14474
11094 3547
5973 14655
7627 6421
14911 3986
5624 2503
3928 2531
1162 6103
2966 7061
4422 9120
12571 10478
12163 3428
922 1903
7773 5550
13599 280
1400 12381
3337 3612
2795 8166
9052 7314
11532 713
10161 114
1068 14461
8887 11829
8884 9359
6422 5864
2420 14919
1650 10964
9583 7768
4966 3400
12003 11641
8505 1320
7249 4508
11008 3291
14035 8637
7975 14135
12475 7833
1671 7168
5829 7178
700 12750
6722 1172
9106 5853
5791 6508
14104 12956
14733 6006
3127 12699
3186 9460
962 3771
14570 9164
11872 14808
12418 1808
7425 1238
3682 10932
9768 7821
3329 1439
5001 5740
625 12316
13689 5687
3475 7373
4653 10861
268 14455
7304 11091
9007 11690
14995 2099
1473 3808
2359 3288
13783 642
12376 11525
418 89
2906 10367
7904 13079
10147 6723
2236 5595
11843 2422
3496 7150
14255 4689
843 6916
11813 5855
9478 11790
5907 9029
1748 1888
9578 2896
10054 7950
14170 4431
6154 539
3471 4542
11995 8452
9842 6915
13348 8616
9943 10411
4005 13566
3588 13214
10837 11956
6728 6155
6323 6658
1139 4822
523 1390
14866 7392
13576 7662
4521 3133
14264 6695
7918 14998
6870 556
12270 9196
5570 4254
4857 11582
1452 7947
5045 7896
14747 3672
7386 7670
9186 1022
11741 11190
3365 2983
2545 6451
14380 155
486 6730
1518 6098
9123 12447
10904 10185
1095 9873
1242 5719
2752 6712
14636 12177
3326 13903
6680 6756
9425 5780
1780 4619
9730 3896
6920 14421
5541 1015
2890 14055
7029 13515
4363 5405
12137 2362
5454 11198
13905 5759
3756 2354
1629 1356
10669 7183
9617 12240
7264 456
212 2641
876 12163
2618 3315
1587 7115
8573 8416
14281 9055
1845 3094
9536 1005
12949 10144
2275 8689
4712 7333
7235 4325
1994 2043
13775 5161
14036 847
9282 1700
5613 9046
13664 11199
2599 7758
7333 12443
9200 6743
3589 3394
12590 3975
8756 5662
14989 3053
14463 9136
1974 5909
11779 12050
11933 12218
3625 8346
14916 11536
6378 9292
14663 14332
9134 5196
5614 13808
14292 10627
8030 9957
4721 4880
11100 9606
8626 6905
13628 3990
9658 12067
4189 9001
3318 6500
13851 2544
1924 467
10172 275
11588 1037
11036 2161
8466 9432
13690 12243
5656 11722
11505 12425
13950 6971
14750 8193
5782 6763
11530 4962
11264 4166
11377 12413
6438 7442
9126 7201
13854 8361
3788 4353
695 13369
10337 14138
1449 9222
7947 13338
7415 12095
10510 1598
9693 3857
9455 2652
1081 14766
11946 4824
1654 12654
9290 5142
257 14767
13437 3800
9138 3672
847 11043
9619 4433
6439 6507
4591 657
5219 550
11183 2198
9930 4512
8615 12297
3065 3362
3319 13620
9848 14899
2762 8571
9965 512
12807 12453
2933 14787
1141 3724
543 5681
14865 4772
8527 1675
1430 2353
156 11211
5319 3021
8411 1552
9603 8628
10793 11814
6905 13104
4487 174
5746 2983
5364 9917
7369 6599
4483 3734
5295 2804
2141 1474
14002 7298
5702 1196
10037 14905
8787 6971
9991 13588
10320 11748
4925 2159
2730 1058
1530 13727
10291 10107
12128 5368
11379 8895
10486 580
14154 4828
11465 256
4020 11680
8491 12899
7293 1813
5676 10678
9135 10359
9534 13320
6114 9811
3640 6833
11734 12168
7873 2478
9899 13990
2745 12088
7890 13117
1540 14073
7922 6685
6675 3835
4625 10103
4850 13173
3475 8807
14670 10697
2680 3804
1559 630
13117 5095
7286 7921
8922 6917
1871 13653
14196 6330
8530 1096
11807 2889
5157 8942
7029 392
12190 1898
9520 2406
14652 5860
10261 4013
6411 5460
13219 537
564 13050
1131 6781
9492 3589
12051 563
1646 14657
3686 12133
13170 8598
11322 14345
13548 8835
3567 14247
4132 5150
10524 9603
11012 5809
10333 2845
11232 13074
345 4955
7518 8580
10632 9857
14980 12575
14721 3027
2564 11111
4247 8267
8974 10687
6762 8702
5533 9167
5854 6548
954 8602
14726 3231
8469 6738
6382 9698
871 28
7253 6418
2708 3427
3333 8596
11538 9377
9005 13661
5756 3832
2630 5494
1857 14662
6180 7567
11411 9489
8439 878
9433 11279
5564 5235
5670 1812
5547 7064
2504 11461
2904 7242
2072 3026
1715 6584
4551 7271
10688 8089
10675 1635
6355 4535
328 5940
9941 5797
6729 6480
9188 4007
303 2946
9070 12658
7742 5886
4102 9246
5108 2526
4845 7363
5842 3696
4186 9303
7260 5417
10172 4827
12359 7970
10637 6156
8652 14663
11294 9554
8149 11452
5683 12406
12459 8022
5231 2311
4773 6390
10314 7338
13836 2372
11171 12016
14114 6045
4952 6911
3681 4575
5260 12228
12609 9954
394 8546
8139 10732
14700 9159
4169 2957
9658 6957
10880 9463
5084 9305
10842 13979
14204 14596
14167 2321
12656 5918
274 884
4673 10114
12495 9324
13576 6951
12088 4920
41 2835
3399 580
11434 540
14916 3672
1348 8939
9299 12556
7033 2438
10348 1124
10241 8905
13905 7266
10713 581
10978 12459
9024 12659
11796 13842
14646 11361
14515 7825
11557 831
2749 5618
8967 13335
4404 10417
582 1180
4212 2924
3432 6111
14764 381
6547 11937
4711 8190
4705 13248
1533 6547
401 8577
14209 6252
8099 8928
13855 14072
2862 12490
1931 2099
386 8501
13446 11264
10182 11010
12875 9551
3495 2951
239 4797
8796 2087
10580 3967
12389 4007
673 2532
14561 2905
7234 4035
3935 3101
10591 14235
7958 1897
3940 2522
14870 6984
8553 12146
3255 1662
4916 14650
1813 10469
3370 6365
3202 13295
1368 6455
13339 3489
5107 14493
7011 3735
9076 8836
6480 2869
3622 1026
10432 1238
11309 3308
7869 9670
4341 9155
10541 3321
14369 1117
14004 7016
2447 2322
12847 10345
11973 7908
452 498
3648 4514
3540 8240
5231 503
12820 13583
876 1424
9857 2963
3820 11725
1796 14496
5077 8695
231 10034
11290 12035
4412 14931
1441 14978
4108 5450
6436 5552
11587 1531
8076 6859
4571 128
11756 2594
9189 12259
5779 3410
3924 8331
10600 6623
9313 8388
5185 2798
8779 5316
1300 4494
9567 8822
950 12977
7416 851
9732 5203
7458 8558
5020 2704
13672 5299
6429 7156
10848 9147
982 14567
10438 13234
5109 6557
14192 13147
4999 2563
2233 9633
7256 12738
2891 822
13904 14775
6408 5349
11233 11459
4429 729
8974 12499
218 7743
5764 189
9010 12666
7889 10345
3468 12032
3818 13378
14612 8889
3323 5612
10154 4750
11011 6957
453 7083
7836 14525
4923 1256
5646 6298
4010 310
2371 1619
14766 12491
12308 10268
3189 10310
10880 7610
10514 12540
1065 8333
13120 825
4562 7962
5089 9635
8513 12354
939 9148
2152 8716
3521 13612
6122 14918
5667 2765
3324 475
7116 8901
4546 11145
13559 2840
2325 14562
4163 5939
4918 4407
520 12849
9406 9167
5161 5126
10067 9744
11499 6343
4169 9293
9354 4037
5037 3477
1815 11351
10497 3840
7448 14593
12490 7470
9799 5520
8576 7714
8482 7851
12367 521
5731 10405
2158 1454
1211 7633
9163 7131
200 10913
2281 2793
12555 9938
12390 9796
5547 8971
9119 8223
57 12608
1624 10246
14957 2200
8389 7187
12478 1209
7909 12913
9731 1716
13073 3993
1961 8769
13357 13074
366 110
3465 5190
3701 9633
11697 3977
14809 1368
10803 3150
10517 6313
4556 7627
238 3820
6865 10920
13435 6836
5165 5298
5710 6276
14779 8996
4128 1051
7646 8747
14222 5460
1822 9083
2899 8829
14673 11400
7657 6492
11073 12435
8429 4430
13537 1892
2338 11311
1714 784
5880 9115
3629 5924
2566 2010
3852 12132
12352 9212
9121 696
12789 12455
955 3225
2246 11663
278 13290
4008 13422
14909 5835
13861 7978
8858 248
11881 11333
9796 491
2310 13320
276 13786
7342 4683
1935 4355
3773 14420
541 3874
5463 9487
9122 9290
4196 6305
3860 2794
3411 11038
1939 1336
13832 1162
8158 4339
10839 13358
2682 6646
4902 1730
14029 11121
8164 9405
8674 6800
13259 13367
9122 14167
3149 12025
3811 9262
10247 2981
8674 8269
11793 14163
7996 6330
11836 1756
9217 10837
800 4738
3003 9220
8029 1235
11373 1842
14431 1808
420 8666
12998 3409
1346 9099
11697 6449
1561 13191
3 6028
6795 2911
166 5745
884 2972
8905 7934
1101 7396
12632 12270
12502 2684
11011 1526
3307 2873
6392 4441
13441 4948
8365 14171
1210 13799
9872 13932
7661 7737
9010 14747
7315 3688
136 14772
4954 12225
78 13866
4061 3127
13806 13371
1321 9734
7683 5041
1121 501
9302 2560
11144 3394
5635 6510
9563 9369
7248 5954
14551 5406
2421 5090
4748 3424
10473 850
9325 8462
11045 6574
9662 7515
8954 7166
6030 12116
1057 348
8052 233
3713 3996
8680 12704
6389 922
10229 12233
2937 2659
8916 10197
11964 3718
12374 13293
4539 1318
14938 6033
2212 11350
3641 10671
13614 12612
7697 11910
14021 7338
2663 10902
6129 469
4049 5126
9958 12282
8968 907
1615 13998
4515 12825
5247 12634
5453 10858
4628 14940
12238 3156
8521 7110
4894 12917
8006 2710
4921 7620
10832 3775
11109 6429
5838 12801
7081 12261
12568 4516
6765 8916
5409 5790
3104 1918
5412 1300
6038 14188
5422 538
4100 7122
1664 8550
114 6359
5873 13637
9892 6005
6281 11451
6274 5118
590 2383
13894 7358
9550 10629
6619 8004
5506 1651
1722 5257
13686 5419
12063 984
4995 11035
9598 4651
13379 7732
10166 3925
89 6075
1254 6072
11914 14165
4342 3046
210 2375
11587 4720
1504 2039
13120 9816
6637 5223
7986 6840
6217 12258
5743 8373
13953 14548
9224 4676
201 14722
12474 8840
14015 10772
2654 3614
5635 1663
6457 7537
1626 3365
13763 265
5580 1399
7890 7913
1602 7058
2563 3774
4667 11059
1254 5990
12574 5601
13146 12937
6805 11235
694 6468
3173 3574
2355 14546
1452 9736
7072 6418
6669 11728
3348 6908
7539 5114
13851 8310
12317 12425
3302 12479
10631 8461
11698 3017
12956 14914
7545 4236
13030 4632
13815 11294
6254 9643
10836 2806
11409 11036
5118 8927
8991 1272
3939 8237
10207 6323
14963 14148
9543 8525
894 501
10057 2818
12522 8001
314 11938
12533 7573
14510 6752
9619 9558
9119 8039
9288 9983
3353 3221
10071 4427
274 12536
12842 8199
6229 6270
9026 4810
5346 5643
14612 7717
8065 7118
6163 1306
8869 12440
8220 10355
8758 9831
1222 3225
12323 13311
5300 10846
7305 2937
571 13290
2429 2208
8705 1839
10719 4161
2528 544
12961 9584
1579 11282
2461 8161
1711 13537
13308 7874
10605 14316
9431 1661
1923 2669
11047 8383
11339 10668
9676 6113
5741 13473
13008 5485
8510 11083
9743 10492
12415 7612
1131 8833
13247 2221
1524 8669
892 3068
3827 14482
7151 8696
8997 4833
270 8923
8990 7134
316 342
6315 14403
954 13823
5851 2661
772 4121
3628 12140
8151 5880
14197 8758
3216 13054
1049 6739
6841 13317
1256 13664
6473 12117
2395 6179
6108 2733
13505 1794
4308 7861
14649 2777
10424 928
13473 14989
7018 9287
12143 13859
13634 8697
11561 6250
5887 1832
7435 338
10311 11340
8798 144
2187 10481
9797 6774
10162 3788
11659 4793
12915 2202
5575 14623
2775 11599
59 4599
6812 8357
10220 10985
9427 1657
441 7544
7086 14883
12620 4690
3854 6905
13049 4826
9399 14193
10688 12292
9258 13306
13427 10056
13874 868
2758 4760
2685 14021
13369 10783
1000 14382
6823 9453
12157 3513
2692 13518
441 13368
2973 111
7066 1398
6311 1719
2701 6715
12388 11253
13568 10760
1008 10026
13146 14968
9634 2780
4855 6800
4339 14076
14850 6384
14445 2692
8264 5736
2229 4799
12790 9306
10707 3576
8011 2326
4570 10255
7233 7391
9774 11868
470 341
7840 1583
2711 14466
14988 3840
13266 2370
6228 5742
722 9761
9896 672
3823 8895
1101 9565
1654 8068
14818 14931
12771 4788
965 641
14713 881
11498 13777
6911 2720
3848 10000
7561 5363
2895 844
11900 3148
12251 10704
122 11003
14015 333
11135 4520
8605 4283
3985 10338
12909 6482
8778 10927
10452 184
12258 12667
10152 7411
5797 12422
5450 1188
4645 109
6528 5738
5100 10535
13932 6068
1189 13299
13861 2346
4794 1642
4409 1210
4418 5712
12635 2769
4419 12100
161 1786
14686 8970
5904 10706
13333 2318
10557 7654
12202 4365
8513 397
13128 10060
4716 8792
692 492
5066 10355
7667 9798
6667 262
3280 5687
2085 8970
9671 4742
11265 4977
9758 10811
9778 4248
12856 13138
11355 10508
12417 3452
7011 10916
12811 10638
14126 12254
10373 4410
6753 6978
5348 14453
3505 8680
7454 9168
2695 2555
12659 4281
5293 2756
4694 4716
4249 13359
14081 10011
5133 8055
254 4440
11959 10326
6034 1746
5696 7045
10639 3005
12904 13216
12882 1018
3103 9839
9413 6667
12605 2448
6456 740
10849 793
1443 8150
10407 12315
2782 8386
5897 10357
9750 13812
5254 6575
2791 2953
2258 4369
12188 12752
10726 5446
10700 455
8253 6605
4917 3062
11745 4002
2189 9224
14355 726
1316 9378
5737 6122
2890 7551
1440 4331
2613 7160
13670 6140
6389 9582
13889 5107
2889 8366
4733 8395
1520 11635
12293 9748
5693 13573
5080 12703
8309 9345
12145 8514
9813 7233
14526 352
4877 11020
7339 13228
8656 10823
6753 789
14918 6633
790 4205
12447 1240
6858 3696
5855 7817
5440 1644
13262 14195
14473 131
5559 13483
12177 10387
136 752
1640 5610
8446 12459
6635 12058
10777 7486
13565 2958
2451 1163
9251 10141
7983 10072
418 623
2879 6343
12378 2105
8127 2908
2946 2306
14481 11109
7497 1005
11523 11308
1840 7305
12040 4084
11588 3532
570 8131
6860 4790
7174 8708
14583 2110
10270 11354
13064 9463
10464 13123
13653 14860
11430 5236
2947 11078
14766 7298
934 12446
8300 10607
466 2362
6443 1467
1030 6952
723 4802
3209 5500
271 11636
2643 1908
6621 7046
9244 14273
9097 2994
14889 12889
7800 5778
9795 12088
10032 4957
10837 4966
14021 3324
3519 9107
14118 13650
1601 9891
3549 5742
6014 8757
8302 8544
556 9053
4527 6115
7595 10402
12212 2553
14730 12846
11218 10378
6897 9982
11236 258
1935 14806
678 9190
12712 8776
11312 2399
7660 8200
5590 10860
9443 7286
9091 11872
3581 5667
6281 14222
10388 3355
1911 2670
6613 10818
8458 12281
13502 14742
8688 13465
14191 1144
2151 4599
1263 7051
14262 13970
3803 1614
14411 3852
5234 2065
12607 13790
1956 2555
11660 7078
9014 7144
10194 11735
11638 10506
12196 7279
1125 2253
1288 6019
696 10549
7045 3196
5125 2390
13555 13206
9331 10684
2503 11854
3490 9190
5266 2854
11908 1736
12775 1137
1914 9034
14441 2533
12020 9754
12347 9953
4730 5485
8563 4214
3207 12308
14278 11992
6900 11861
10086 2339
14193 8549
5052 13377
8192 9935
12617 6509
14412 8196
12431 14707
9778 7415
10461 7827
3244 8729
149 2480
12163 13046
7842 5966
14011 14353
8646 6107
10140 2874
3132 8721
11927 10046
9321 3735
12236 8626
13802 11472
14256 13046
2848 8171
14220 3380
3691 2298
3541 14500
6402 6115
268 11144
2777 6595
2317 14594
9332 5174
8677 7253
722 10069
13272 13182
8690 11172
13680 7871
7152 6375
2903 235
10169 12532
14631 7763
11980 2103
14341 13079
10391 1033
6465 2441
10886 3073
13305 6232
12714 11192
5084 8218
6513 11828
4482 7316
4456 4783
1936 2696
11134 14939
8701 5783
12116 11359
3982 255
3750 13304
12970 9677
11936 1449
14430 11176
4819 6858
8653 6834
14714 14473
7963 12090
10699 10656
9343 5270
13807 11155
1465 5588
2500 609
10728 6575
982 2188
7557 11347
9271 5497
6535 100
9036 1281
7878 1672
29 1322
9615 14535
14970 10226
2309 47
2374 12442
13927 2231
14606 10349
7835 13441
639 12425
7769 6169
3203 11492
11795 2541
12154 9286
4404 3381
9799 8600
7043 1253
12259 11910
10637 1391
7985 7454
10841 5839
11608 13317
6040 12786
3156 13919
5205 338
4493 11333
12513 4636
6047 10389
1846 14731
14059 2258
4706 355
7990 2508
10198 6298
13673 5918
12104 14789
7410 11501
3036 14956
14317 10969
4097 3087
5660 7961
9424 9332
1195 4695
2459 62
5900 9064
5726 12526
1083 5806
2217 11890
8049 13100
1552 12620
1719 14024
3768 3633
10549 1528
9103 13327
11154 7638
7536 7168
7601 12815
8699 314
7580 4853
4494 3237
9708 6285
8414 1465
10979 1367
5303 4447
5260 5286
12450 12507
1465 10087
14519 78
2324 8808
14152 1990
6244 3778
6696 8914
2468 12317
10660 12699
11173 11320
4724 2050
6376 11863
14521 3484
8606 11860
9319 10899
3968 5311
11863 12588
10517 10846
9140 2298
12266 8879
839 2970
9313 8028
7222 14297
2219 1415
11190 9205
3008 7240
12339 3923
10202 10503
13922 2756
4398 3895
5117 9584
9968 5471
6026 13649
8444 2745
12094 141
637 3593
10869 14756
5061 3886
14432 14970
142 6737
6180 10437
4663 6798
7176 5683
12862 9794
1086 8775
8102 10402
11093 3977
4371 13514
5494 241
9224 6386
1768 627
977 2597
1048 10190
2563 4979
6111 14578
11614 2063
1631 237
8547 8765
6606 5199
1923 8100
11003 12384
6079 10371
14265 1733
6556 3807
14030 12559
4209 6286
1277 1222
7410 13119
9034 9893
271 1775
2660 11591
14375 1141
12299 1184
9732 3183
661 6889
3821 4726
9648 12107
10066 1493
9437 11432
11901 626
12925 1637
8650 9999
10802 3430
3969 13349
8783 12917
3013 5059
9286 2359
11768 7897
7624 13633
7355 6324
8097 11648
13310 5701
9633 3133
13051 14258
9807 5313
9329 13984
12894 9219
8502 12512
14839 10438
4645 2534
12859 10089
9576 14360
14810 9300
14547 14788
812 69
3236 1660
10178 12218
11838 9165
5187 6779
2965 13093
2835 5476
631 2080
13426 3304
9478 13603
9690 7832
1152 13252
11497 13352
7238 7998
7374 4461
7745 4852
3228 13288
3564 11662
5319 6706
7332 3293
2810 1739
14476 7448
1921 7107
13392 5293
1180 3023
3008 2021
1135 7573
12587 13905
10740 10151
14189 6812
7588 3818
9319 1055
11220 8246
12345 774
10203 13236
13611 11517
8893 8484
1377 10864
4370 3469
6640 1459
2849 9961
8910 103
6233 1833
2326 13570
9718 957
2413 8668
4091 298
11377 13068
10411 3112
12512 5314
3149 7551
12576 6449
10981 11648
3624 2472
11383 4408
1350 243
11388 1784
2517 11534
9410 10508
7173 14032
13264 6243
9301 4905
6046 6579
10798 11562
5246 8502
4716 13564
4974 9325
3668 3968
2721 3119
7908 4549
8115 11825
5450 10562
14587 3828
13782 5004
14657 2929
9641 13220
867 249
1924 2388
11117 9713
2968 13994
790 10993
10737 14577
7131 10107
7500 1393
1627 1870
2677 13168
14323 10280
5219 13971
9181 13985
10099 267
13612 4679
14912 8199
12337 12054
2429 6072
5898 46
9070 5294
2906 10112
12728 4363
6647 8905
399 11520
11385 4540
529 3645
2466 1503
7279 8767
6145 11448
2914 3665
10140 9137
5796 1619
10580 10805
14700 12906
14599 2343
6125 13215
1454 14259
1816 406
5067 13202
95 11735
7928 488
4583 7933
8982 10036
13366 83
12020 9244
4316 13884
1256 11816
4202 2295
13701 10307
12361 5077
7312 11816
1110 11530
4197 8830
6072 10329
7458 1111
4945 13757
10885 8400
5517 1460
11627 3766
6674 11896
1361 1541
13904 6829
1154 3169
5500 9852
5213 8637
3179 12697
10031 13842
11806 11742
12776 4122
1067 2585
14527 9683
6435 10307
14471 10809
9328 2073
9673 2861
12213 6521
10815 2027
5723 2373
5459 14901
8270 11292
10181 6161
4150 9956
11292 7494
2238 14655
9141 5066
13442 11060
13208 8267
10147 14160
1495 6925
4705 699
3671 13576
9879 4523
11707 8457
2455 3741
14595 13150
13949 3700
8106 9527
4988 4477
3267 1488
10247 2575
1083 5179
10742 1135
10494 5496
4738 10513
309 13343
8345 3779
4228 1460
14053 10926
1860 2690
9027 1848
1629 14494
8371 12907
3527 1271
2954 2006
899 8836
12749 11800
6342 573
4613 4658
7540 1395
2238 10564
7419 9829
14737 10137
4089 11046
14554 13348
9823 4808
4425 1506
386 10632
9091 12886
3113 12457
14948 4396
1591 12405
6604 7426
922 7460
10690 7887
12979 6189
3861 11592
3884 12440
4787 11587
14683 10041
11621 6655
7451 1575
10553 12503
14294 6429
5130 3766
6266 7418
8795 3677
2795 3752
1266 11214
11455 8251
9400 3980
6540 415
529 13916
1358 5474
2037 11330
1821 10165
8314 14101
1264 13165
7203 6608
11231 4991
5997 2230
6791 5843
1383 14400
1875 11808
9084 14825
7479 8741
11738 2204
6935 11922
14028 11544
14061 9270
1227 6545
13115 2637
3358 2915
2440 9057
8457 10376
10562 3880
4566 5074
5173 2302
9221 8996
6256 14262
3710 6800
3013 13720
274 12572
2227 4110
10380 12556
1564 4528
10702 1062
4185 1235
7436 11254
12769 7380
5683 970
1907 12242
14990 715
6382 101
10054 6366
9361 798
11027 762
12648 8650
10605 9454
3247 14408
1113 6189
1748 3136
8230 8846
5388 9006
9117 2071
7777 11260
2551 11614
10428 7251
1505 14093
6948 9690
12971 7520
12310 9604
11769 1278
3334 12259
3874 1338
666 7642
12197 2416
13410 10133
8341 4642
8056 5154
7668 14702
4237 561
12637 14735
1132 7025
10340 9979
2778 14748
5615 11014
8302 261
3481 2982
5129 12862
3698 3858
5889 12879
3684 5655
12095 2736
12463 1319
12591 3039
13176 9458
13042 3162
492 4525
4354 11306
7549 3497
2135 12459
3317 8491
12451 9527
8274 9033
9580 3919
6006 3828
147 13883
8866 280
11430 6972
7594 3329
1230 11699
5072 3653
6039 2891
9905 6229
12556 14413
9481 312
9830 6569
3293 4174
14638 10489
4789 616
6832 13365
10315 3434
7061 2020
5795 10298
14609 10340
4230 12375
8383 2417
8299 11404
5467 10479
8703 5435
13853 14087
7045 3878
7475 3954
8372 14871
600 504
12557 13831
3824 14785
10223 5027
3230 12750
4471 2068
9333 7696
5656 4643
142 1110
6940 11231
11453 6531
13032 13787
9426 11724
5049 4434
3242 13883
5603 1220
231 3690
699 1094
13636 3526
1636 3377
1564 1947
4578 4466
10143 14889
9145 3226
14736 11311
6711 10119
1963 11327
9357 4785
9256 12921
884 5684
653 9443
2904 5860
5968 2888
312 11029
3082 5565
7519 13473
660 2478
13444 1531
2769 3216
11388 7286
10025 120
5631 13971
13673 4807
8821 8974
1971 1226
12292 3342
12540 5237
11632 8521
2931 1980
5439 14688
9486 4926
13802 3635
8674 151
195 1921
10813 5874
12759 14937
1541 13695
10663 1737
1611 3653
9984 642
10235 10101
11948 11971
6617 2101
13401 14091
13902 11835
12063 12717
4962 13616
6634 6816
3640 66
2414 14424
13055 2074
10964 8762
10140 6166
7955 5419
3662 5801
12401 7311
956 567
3175 295
3396 12477
4400 90
9241 1479
3097 4453
5872 12854
8046 9949
12725 6785
12949 6179
12207 569
5150 8899
6030 6739
13965 6021
5938 5294
10080 9556
6992 13427
11712 14592
202 7814
7935 10742
2114 1300
4134 1255
1080 10193
6453 1058
10901 9510
13576 4553
10812 4901
10123 9864
8359 5304
5889 78
756 9188
11337 5269
8930 4539
14338 9729
9322 7560
2956 1275
4628 1596
6124 10004
6049 3322
10184 13351
876 10252
14439 5782
13656 6046
7859 11554
8975 12975
4195 10985
929 7000
4162 8644
6126 8554
4575 8925
2811 10188
10992 9424
3938 3933
9483 10757
12770 11148
4928 4420
6869 7700
8109 14304
12483 5108
6746 952
8800 3028
2242 1085
4988 9224
7615 6326
14235 10023
3492 7090
6495 2836
6939 6085
2087 10583
3242 13723
14570 5309
9209 12739
3754 522
8981 3785
4432 6579
10336 13756
9031 8844
1622 11604
14216 11232
8698 12738
10156 2548
7637 11552
4331 4894
13911 3644
12793 7199
8187 7336
8336 7156
11748 162
6146 5329
13837 291
12278 9438
8805 4753
755 13129
8538 14447
14485 6276
3557 11960
13907 893
5260 143
14061 6771
14405 99
8565 4238
4011 2084
3646 1818
4551 4166
11418 9994
9058 12898
3346 410
3783 5809
7611 10053
6554 8913
3694 6878
10675 9748
3728 2489
5863 12226
2782 14708
5792 8000
8718 3964
9799 10429
1005 9019
11074 257
1888 6517
11505 6516
8358 14661
4584 3376
6693 4479
6926 11335
1155 3431
12186 9747
2424 4910
14229 7989
7189 10429
8889 3051
9847 12298
10923 11155
5507 9790
1637 12101
4494 13347
13306 4542
4425 10635
14301 13671
3842 11327
7961 7819
9801 2479
1761 1294
14621 5683
9229 10889
13372 13426
8134 27
12528 5376
3846 1495
4529 5411
6431 5402
13381 10082
13546 1269
8356 3016
9695 410
1756 13244
8039 2041
5280 4961
6062 10002
1856 13097
8515 7182
10597 266
10366 4700
12263 14705
9739 3841
3713 14093
589 3069
8351 11874
6671 3748
7884 2829
3528 2714
9817 14515
975 7269
13720 11761
8829 5142
917 4036
3606 12350
4053 1382
11931 9020
12787 14096
3874 3777
8168 10559
1003 8641
6709 10318
7188 7638
11045 11933
6878 12542
7280 1748
7127 2621
7309 1995
4289 644
14827 2309
12647 525
225 9372
13499 14408
849 2094
1924 13252
919 1680
6674 3449
8490 9139
2122 4462
14621 2127
9701 6289
11852 3740
3789 6171
9932 4489
5115 6937
6041 10362
13066 14203
7869 12480
6536 8157
9414 772
3830 1406
7459 10245
8367 7570
14850 10277
3159 11728
5825 10228
1549 6716
14747 6085
12663 359
8885 1604
4898 386
2894 529
6188 11364
14647 8412
8173 14140
7826 14365
11124 14310
1204 14077
12401 8352
6477 3823
11746 14339
14180 2567
561 2806
10608 5783
5054 9964
13963 2979
12423 14665
1635 10229
6158 10403
4806 8567
6405 13103
679 13110
7180 1124
9427 6687
6571 14213
2269 12115
5837 7167
13071 8546
3053 7781
4537 5411
3437 11410
14992 13810
11016 9597
3768 3301
10639 4884
14346 11837
14866 13511
14233 11994
7663 14334
14668 4662
1530 9000
415 9000
14034 9234
4323 5820
5041 8962
8108 4556
11849 4825
13803 10000
4476 11380
8228 7710
7445 9400
2914 11161
8075 7703
4883 12625
13343 7595
1187 6231
8326 6243
12807 2100
12049 6147
2248 865
4275 6492
14925 7893
5706 1809
14501 4765
4804 8669
10150 1607
3809 4862
12257 3228
7606 13840
11860 14122
8022 1311
1263 6485
2143 982
12886 432
8187 12907
12461 6265
1684 3021
5252 9143
1909 13830
7349 4228
7113 3427
7722 2179
2234 9634
8607 8064
3118 465
12653 12951
3700 12719
10575 3010
5213 6235
10454 7955
14249 11674
14567 762
12389 12798
8919 8519
2744 10090
320 14241
2939 125
10097 5165
4597 11899
9453 10673
13488 5978
880 8296
5291 11597
10238 14302
3569 11126
3218 14959
7136 14942
11439 1579
136 5950
11392 10363
12734 7241
701 1084
5865 11626
6479 767
8492 14363
5487 3486
8429 1497
3123 13467
12538 8480
87 13438
6090 9197
3583 5904
3178 7580
9037 3634
1808 1274
1933 12517
7032 14929
11851 14289
9651 1460
2757 2156
8799 14975
14127 10919
13129 1128
2328 8217
3994 1884
4055 3275
1334 6432
10256 7147
8752 274
11281 530
14549 9459
3369 6217
774 2225
7002 14579
1331 14670
10558 12580
11911 6997
3786 5929
7461 2478
7942 2164
10786 8875
7417 9349
7935 2898
6853 9510
10210 4594
14613 1778
12446 14992
14970 7609
11879 9085
7596 2955
9539 8130
8870 5431
8699 4588
13015 3019
1890 608
1283 870
2012 5798
12653 5825
233 7870
3354 5376
10684 3582
1150 13968
8361 3698
9045 10917
2975 1989
11982 8916
3969 867
3005 10246
8926 14103
11149 9779
1932 9732
1563 4527
14432 51
11811 13397
11771 10691
1612 1421
5422 9125
3061 7715
231 8268
8644 10434
1408 2335
5035 8225
805 4880
14002 13473
9315 8855
5556 13534
7753 14557
12454 10729
9136 14160
2646 5551
12572 14121
4685 6966
7206 6003
12644 7311
4738 11270
10570 7599
14578 1434
5781 5890
292 8222
14476 5296
2396 4036
5828 12008
11160 2362
7824 13870
2529 12053
9794 3180
7455 6262
2437 11641
14251 8215
7541 5096
12705 8148
6256 10310
2660 11199
11038 13116
2668 5758
2744 10332
14149 6000
7078 2457
11013 7154
4222 4347
11465 243
13166 9945
12636 4993
12194 1324
5214 5105
6020 3857
1632 3164
13243 9959
14577 11963
5116 7461
7478 14364
4615 5991
10839 2595
4665 12517
10735 7736
2472 7176
2963 6261
8458 2618
7422 11285
6107 6974
4574 7562
12778 11543
15000 11594
13859 761
12981 11894
12395 14291
1454 2480
5644 8511
4281 388
590 11173
11955 12832
4398 9657
12594 14015
10838 13622
2191 11712
9482 1670
5656 6529
7689 1273
10713 5590
11565 11262
7657 4021
12832 12849
14327 5901
10616 7469
5128 12313
5996 333
3733 13899
6935 13252
14006 1321
5176 4593
2693 11786
3221 8828
7169 10299
3644 13242
10429 2280
14902 6856
9128 8851
7455 2861
6103 6680
3991 14221
11877 7462
12882 12823
12255 14685
3193 9877
14176 13994
7746 4494
12882 8201
10460 8308
585 12137
270 3028
1555 4873
12296 2627
12681 7950
10628 13101
8662 9861
11836 13101
10167 13575
653 2333
9628 4331
2933 14727
5757 3795
9052 13879
13331 14951
13765 14402
12255 873
4397 10137
1279 5361
11913 8501
11798 4697
464 854
10056 12607
13386 2483
7668 366
12225 12450
12105 11572
14751 11394
14434 10162
11853 11053
963 1621
11344 12089
3676 10023
10892 11463
504 5908
4573 11791
32 1964
10251 2048
9824 6204
9410 13780
9699 1751
4608 1974
7417 11635
1704 2399
429 9022
1618 3174
8847 1230
10126 3775
4107 6115
7500 5597
4434 3049
5404 10029
11252 4204
4314 8622
10500 11024
12323 1150
2936 2927
14808 9542
5082 12650
9344 5955
12567 7467
13628 14768
11887 9113
6034 614
7013 210
3983 14594
1213 11116
3569 977
6560 14543
12781 12687
7234 11265
7673 8279
11379 960
5808 4872
6473 14353
12042 7969
11717 923
8403 8494
2154 9972
3927 304
14613 13480
8407 11242
3618 7949
3854 9361
2362 12790
7190 252
3750 921
172 7764
8625 9959
13391 12891
5217 12452
2546 4905
5550 14787
6515 6937
8723 8650
12484 12628
12497 335
2366 9506
8792 11721
3359 13508
6522 8620
12070 4425
11407 8696
1653 14427
2615 13363
5865 5740
1849 1572
6079 11900
9908 7678
3959 4052
2857 8580
9056 14515
11804 6703
661 626
7135 10822
8968 11593
4367 12787
9985 5268
11150 11165
10866 1933
3559 11316
10348 13044
10694 1125
11238 11116
14574 13820
3684 11026
13427 11146
8111 8566
10268 6763
3877 9755
867 4370
11028 2803
4298 9176
1533 4291
10760 10067
293 462
5073 82
3707 10473
2532 11439
11162 12974
1454 1500
14411 12911
10014 3260
5267 2810
11432 3705
6016 742
2659 9423
1124 7513
14540 13142
14489 2690
1750 2030
3402 14974
1469 13043
1232 3138
10522 4420
13851 10659
11058 9306
14326 4739
9344 11947
5426 10882
5307 9580
3559 4312
2427 12391
1057 4517
11950 4450
486 12998
3441 1350
3644 6159
8545 11191
2763 411
4126 14227
5079 14285
4931 12842
7602 3637
1780 14433
13268 11090
10728 2402
1240 12027
13157 1451
10848 9458
7642 13486
14716 14444
11437 10420
1132 10836
14026 3416
12959 2022
4974 5285
12213 2175
2019 10184
14722 13055
10206 11208
11415 12317
10230 7272
7073 3624
7667 7679
8041 12927
11602 14718
13896 3212
11950 4304
9627 8201
6046 9935
1514 3851
4043 3885
5709 2824
1383 8757
3793 9077
1224 3919
387 11821
13951 11145
13954 14349
8653 4126
5383 2518
12991 9731
8814 602
1196 14478
3187 4004
969 1985
7062 5773
8888 6787
9529 3035
5009 5893
963 7076
13890 10246
66 10782
2814 7568
11484 2393
12176 4322
9955 9142
14979 1776
5916 1789
9977 1376
3931 13403
8647 7403
11205 1460
10678 14158
3422 8219
2545 2545
6757 3398
13641 1948
628 4735
8518 1693
10304 3497
12016 168
13898 7160
9673 9383
7376 5132
9411 2446
1761 8893
5906 5039
14261 4651
3116 9812
9912 6822
12392 8147
1295 13306
4291 10982
9524 5036
1419 3296
7204 4339
14834 7743
4730 32
9039 4320
1611 11219
14442 1315
9252 2342
11682 6345
106 5333
5070 1055
942 14797
1858 13465
3130 4657
5397 5745
1318 6292
13205 3476
1726 14916
3244 14109
2370 1321
6317 14789
10661 9981
4634 11052
13283 7462
4107 12083
6197 6259
10918 11594
8143 9085
5609 2628
11407 5838
14650 8451
200 3902
12275 2577
14964 14193
1481 992
5098 1330
7767 1343
14894 616
4222 11282
10754 2406
3512 13294
1121 8916
12204 14417
14038 1035
2455 4036
213 5286
3107 4132
742 11101
12175 6337
7503 4762
9647 8647
2500 4743
1568 1913
14869 12559
7851 2100
12909 13155
3779 9998
3994 11956
11346 12179
1309 14317
198 9106
7178 13069
2443 3175
5265 8505
5615 6297
6598 3991
14825 4519
7919 8691
3309 3881
5171 12575
10000 4488
13324 12111
297 14258
10819 3034
1519 226
14306 7881
4345 10677
9028 319
14033 13914
14920 12747
10389 5383
5135 5503
6832 3428
6760 4257
6504 13640
7030 3601
4683 11783
5527 13106
4466 14315
6990 8718
4179 9868
4746 9289
3364 8681
12568 11714
6547 13439
6445 6168
10213 9264
11908 5499
12455 5896
743 642
6733 776
762 14977
4690 9943
5992 4072
12502 7174
9599 1932
6232 4369
5533 10985
14638 11026
2208 10339
9532 6242
4235 13911
8012 4148
3066 6667
4770 13829
9714 1485
12888 3701
10308 11267
12961 10754
1689 10461
13146 4742
9967 3929
14144 5415
14282 10616
6508 6198
13363 222
6726 4637
4623 7707
3650 2980
7866 2906
12391 7599
2183 5357
1563 11987
10148 8229
711 14933
13127 1574
14757 6075
7619 13473
10573 2766
8829 10763
7932 8072
11451 11876
11257 4533
3378 14360
194 11317
14964 3753
8643 14200
4758 8523
7198 5918
9329 10228
14488 2587
2494 6548
5722 13017
5287 12808
10519 5221
7091 14373
5647 12609
14997 12242
6697 7172
1701 9425
12173 5238
6937 14793
964 7194
966 13225
4567 7520
14194 1563
4296 14466
6685 5908
12556 926
3170 12234
1049 8525
14577 9176
3559 12257
10876 10384
5870 9028
8721 5060
1611 6235
1885 1182
12622 5686
5269 5211
1534 12345
3314 14833
14107 11394
5108 8932
405 13052
4598 1577
5197 1580
11825 1308
8563 9868
6166 4476
7670 2062
9229 946
7309 5298
6583 788
14653 9176
9922 14913
2782 14266
9878 1218
11317 2898
14859 4135
2333 10088
12727 11921
10419 4842
28 104
7773 12714
5622 8836
5875 12735
2789 13547
5870 6059
11367 14769
4128 318
3406 12619
567 1120
12059 1044
3978 7596
5896 331
12634 12934
1753 9656
8728 6717
7135 2592
14205 11526
1090 6652
12353 1230
7872 2675
8160 8644
14211 7749
3155 1042
8227 845
3944 6941
5489 3874
6284 13918
14931 9982
10862 8973
7297 3234
13101 3783
14411 29
6013 7219
8324 10203
1356 6711
7435 11706
234 7101
3905 13532
2406 10308
7128 12786
12772 12727
2627 11927
4513 10426
3506 11272
9295 4347
9076 10262
13887 6114
8625 10295
13696 9952
2653 10667
9500 14616
6211 11312
12845 12522
9171 8574
13882 13521
3689 6880
5980 4998
7837 6079
3674 1245
13765 13215
2283 13222
3522 10399
425 25
10407 224
13515 3025
6964 12006
9395 8742
9033 14380
9950 546
13385 1108
8632 14266
2566 840
10589 5210
6078 12232
11290 14797
4858 10851
9924 2580
733 11909
4785 12951
7920 12694
10735 4637
9753 14913
1202 8298
2361 67
6228 4581
11718 5062
13798 4040
145 10813
6244 2166
13266 11264
12491 2122
1951 8602
4562 3327
864 3354
5067 2421
452 10522
13184 5982
4156 12219
12211 58
10546 10750
8404 14295
12894 9125
720 3390
1557 10983
13644 1861
4066 2099
10362 7734
4107 2060
3118 5588
3498 6868
2581 1594
5324 14689
12987 13852
14856 4084
5408 2750
9624 2871
13838 8161
7905 14026
13631 9888
9236 7554
11768 9324
1678 3041
1481 4286
2197 8270
11995 5953
9906 9974
3063 9354
5568 14627
12709 4359
8840 4051
10301 9953
350 8282
543 2365
1205 2611
8509 14394
11710 14348
6508 1827
12633 8570
2526 10692
2300 6250
5925 6247
1857 5648
2652 1526
14674 12091
9112 7269
5234 5721
12599 11127
659 8429
1890 461
11764 12129
4666 2511
5786 6050
1665 13229
11929 7007
6265 10025
2108 8804
14540 6637
8733 6349
575 12645
6775 12050
10375 12808
9678 9922
12613 4590
9712 13491
6592 11249
14129 5835
12040 14917
1568 4033
5401 3642
13717 12152
2488 3437
363 8897
10144 8873
7607 14867
3406 10268
8545 6230
10111 9649
4507 11976
13235 5261
5489 8514
14959 2771
697 14596
10787 4416
7686 4767
6230 14328
7697 3300
4299 7177
11029 600
10382 1245
10521 7795
2735 222
10422 12366
7660 9719
4262 3800
6722 11379
4125 5534
9166 4749
13550 4658
12782 4966
8565 8442
10901 14538
14869 5071
179 6866
8878 6735
4145 1645
6868 13131
8084 14704
10205 13319
3429 11206
5395 9506
6066 1847
9654 7021
10229 9975
14686 6524
11854 5015
11590 8617
4881 7924
14305 8981
3650 8215
111 9735
4933 5444
1987 2657
11116 14332
9670 13989
1546 1445
403 14320
8548 2956
5282 1857
1855 4159
201 10752
12160 6540
4161 1660
10545 8321
13172 13352
6277 10487
9835 1048
6951 2774
6057 6421
315 2600
10819 14144
12132 14239
865 4558
3910 9533
3613 12805
8943 14414
11744 1496
14979 12294
2165 8651
176 413
1231 4625
1354 5298
11924 162
12114 7418
9554 7795
13570 775
3982 11777
12835 5539
4079 5679
8588 7111
10987 6445
13894 7174
8616 10171
6662 1850
1641 10363
9116 6761
8743 4343
4520 5071
1888 13634
1749 4508
12108 10171
1874 5427
8522 1773
5395 1036
6227 1330
14348 10664
14908 13385
4661 5076
6261 5514
5181 13437
9753 8423
3272 897
14461 8523
6379 14399
13687 11083
11541 65
9234 14106
13800 2045
10961 6462
619 1500
10210 6381
7929 12976
3581 13709
115 3859
7020 5865
1638 9077
1135 7461
14372 607
823 1972
12987 5293
6114 6408
3125 2804
10968 1906
12119 5250
8009 10125
325 13019
11615 3685
2915 9882
3010 384
14083 14407
14431 12784
397 12805
10861 5378
14563 14494
9891 7699
12451 9561
1514 13440
6007 2501
7763 9178
7024 12394
4591 3595
6117 12471
782 10883
5356 42
1251 12090
6513 4889
9910 6703
1266 14533
2153 4058
5338 7202
14681 13641
3043 2070
34 8169
5139 1628
7877 8156
13217 2957
1103 10716
2671 11982
6730 3748
13096 9272
2997 4864
11478 6724
14515 8122
4008 10581
7531 12624
5915 4228
14745 256
650 4129
11459 6764
8861 823
6800 13247
8292 2606
5490 3245
13886 8112
7333 7289
6267 8096
3646 9555
6861 7972
1705 13757
2601 3368
13206 1622
7368 3166
383 9129
4737 3564
4300 5960
3901 1899
1908 12243
1385 3418
11680 10360
9840 10024
6971 12633
13572 10041
5214 11741
7025 5907
10867 13974
9468 9106
2986 13744
5504 9254
4338 11511
3685 13786
4662 11751
4814 3396
13709 13699
3958 1953
3365 7831
5604 2195
5523 3099
5254 14777
10293 11014
8459 1376
10535 11773
11749 6456
2541 10021
5735 7326
6895 1504
3418 2405
13818 14309
6733 12445
8643 12369
2436 9649
4246 972
7314 12694
4973 2797
14225 2734
2545 431
8961 8564
12983 1685
9037 8157
491 157
5761 14662
14303 6125
8989 14165
8057 8678
14789 10134
7781 7410
6488 59
921 13960
10862 3518
7868 6264
2033 11675
10168 5349
14399 13488
9031 5162
11193 4534
10544 10131
13142 14564
4411 3919
13153 9922
13053 7828
153 12597
11634 2969
11026 10891
1376 11133
1457 9376
1871 2267
2548 14901
13526 8765
9314 11415
12420 10324
9957 7030
12178 1468
14737 8010
7915 14264
1097 4763
11379 10440
14816 5384
4115 10887
3187 2351
134 3517
13519 14709
2472 3366
5369 6675
12318 10821
12960 10805
12448 14049
6307 9151
9665 13376
1621 10930
14453 7757
4532 9314
11793 9181
11149 11030
4828 12654
11593 13047
13065 13583
10149 11268
11783 8069
1406 10032
1768 1128
6642 12245
12160 6940
3691 13221
8338 7242
14212 7239
6515 10151
11351 7700
12118 7242
4177 12948
2623 9651
10583 14177
10827 10798
4831 8653
1378 10049
10348 7638
12449 10145
7889 12918
6400 4450
2387 4037
7070 3993
4610 2622
11841 3857
7682 3777
242 8754
9424 5002
4532 12222
11559 13572
7584 1579
12522 776
9909 4586
3456 11733
3836 6653
13907 6025
11393 11408
11882 12706
9783 2259
2904 8949
4476 8130
9208 10074
4450 2198
7657 306
1664 13953
7283 11194
968 11778
7088 11460
6200 5958
2537 11095
7952 1692
6992 2054
11255 5702
12724 12748
1272 8657
5155 14549
8663 3150
8467 10634
11912 6120
13694 13592
789 10653
9600 12193
4709 11095
8029 12991
3766 6114
6245 2829
7238 2063
8999 9486
6157 4776
13820 4737
14889 4691
12709 12680
10481 1249
886 4466
10947 12630
1131 14782
6205 2168
2144 10503
14684 6166
7590 13340
5682 7545
784 12533
8021 1416
890 1756
217 14724
5805 11163
12586 10506
13492 13219
14570 8585
5879 7641
1124 9915
11046 4315
5132 2153
2359 1419
8664 7256
2685 8623
11317 14026
925 3005
5487 10764
8821 14320
14531 12250
677 12530
9024 8764
1251 1362
11062 6664
13319 14736
3363 14557
4076 4339
605 12747
9521 1999
2746 8393
8396 3593
6478 1327
13232 8381
14876 3598
12962 1153
59 7761
3411 474
5851 8451
11554 4725
5294 6400
10956 14281
11080 4977
7264 4155
10583 8051
6650 11877
6168 8812
5826 5018
2542 9329
417 1680
4869 12938
13157 2014
2498 5359
13892 8561
5881 9896
13956 14013
7909 952
9944 14161
5056 3708
9819 3469
14477 10867
7850 12696
13465 4443
13025 3390
8856 12482
5066 14273
5361 5266
14344 11813
11117 5545
14420 5852
13035 2228
7538 6779
9265 4707
5351 135
14043 7362
14844 4130
14610 7146
797 780
3745 11425
12611 2542
6014 6015
10646 8273
5945 5683
5199 1310
886 2889
12683 3003
12820 5937
7070 6676
10669 3292
4044 5096
9791 2756
14605 9637
8381 9036
12371 14375
2387 1974
10024 10280
13166 9033
11267 258
13673 1708
913 8848
9143 13972
2921 10415
12700 4215
1146 2350
2845 4104
7892 14306
8341 3663
4535 13522
6711 8268
735 1970
11816 6769
4345 8560
12211 14302
7283 7369
12867 5745
4688 12574
8256 10289
9075 13217
611 9199
13404 3376
7064 10809
14639 49
10200 4552
2811 8537
3479 1045
13542 14186
12484 5039
1658 4501
14474 10096
5825 4022
2157 9484
10569 2355
7500 4204
802 11634
13789 8624
14524 6734
4236 3176
13216 5548
5190 507
8714 6646
14489 9101
3759 12306
12900 14643
3519 14898
1780 3884
13683 12650
9602 5500
9785 5058
8962 13090
2440 2345
557 7466
980 3553
9564 4360
14240 14209
438 5524
2664 10488
3390 9652
6637 4867
13322 9001
6986 9211
7464 7369
8301 2202
5806 931
10700 12714
13128 10399
11347 10588
13055 11990
3082 6570
14909 6758
9886 12836
10162 981
5155 14917
3623 11858
7947 14048
9699 7362
8093 14512
11058 14508
6134 4441
5515 165
4087 1406
379 5167
12316 427
410 10970
8829 13325
10106 8687
14641 183
10735 13787
14930 4620
13886 14974
13697 413
11689 6327
11648 6954
6086 7378
4466 9638
4988 11794
12315 7783
2289 3600
4412 8451
3419 3866
7906 7098
10691 6317
5872 4199
9905 8029
11945 11391
9405 11920
3310 14109
7936 6853
11385 14919
14512 12688
13872 13509
7791 5669
2135 11282
8836 4534
2989 9227
14910 1367
2701 1855
6047 11795
14513 3541
14240 11307
12108 13557
10841 10911
4222 3814
12620 4105
1606 12482
720 12374
1584 14218
7728 353
11084 694
5193 7554
1620 5711
3071 2030
13783 11051
525 14500
12878 8863
5508 14192
8581 2956
3933 11651
3460 2424
2493 2509
33 6667
14124 7773
5713 11522
13186 12570
9984 8185
9021 2657
12751 4402
3669 2634
12934 9775
2366 12149
14034 12298
6130 2174
958 11818
12116 8548
7907 11754
4836 12934
2544 3481
11837 10536
12759 1774
3719 10213
9085 7428
13635 3723
7188 4572
4117 14056
2951 4272
937 7663
4079 9205
325 9567
10719 2609
14720 6851
11362 13225
12784 13692
4363 2097
14234 14832
14672 10545
3561 6373
9609 4659
10489 13949
11336 13944
1787 12886
13056 9433
8986 9453
5341 13681
8713 10312
5191 6467
10254 1384
13946 8074
2887 8271
12848 2436
3934 1973
14056 3030
12608 1235
12937 778
2101 4927
11706 197
5364 12011
4345 11028
9192 7765
7815 10186
13122 9111
8697 759
6230 12954
5658 8874
12668 736
10282 9170
12542 2037
10547 1301
12967 8836
14224 359
7365 3332
11102 6027
13854 2405
6913 8315
9782 56
9734 2609
498 1755
6403 2508
372 5409
8760 6592
1735 7033
2448 5676
10998 10627
2312 1656
13937 933
6331 5164
7456 8269
1263 10171
8716 7352
8348 368
7211 13598
12746 7376
10362 7596
6705 3498
14968 1245
10237 6571
6926 9021
2494 9763
63 5438
9017 14005
11331 12065
13341 7751
12350 10762
13220 2163
2318 428
10425 11202
7495 8370
8432 12071
1631 2565
554 13839
6826 2358
11267 1998
257 14943
11130 9859
5254 555
5215 43
2752 7064
3254 4854
4464 10593
11887 5477
7063 4027
3245 701
12083 2552
12391 4483
11246 10721
5526 10729
12278 13917
1073 6861
5533 14933
7994 6038
14740 823
4602 5766
14184 9208
4609 4069
7643 4927
2494 12648
9256 8523
14934 1232
12964 10734
8165 14948
4421 4645
11251 8524
2808 6686
5492 7794
14057 13014
2409 14087
9437 12213
7009 5414
1741 9356
7071 14470
1130 2981
5969 5984
3852 7027
14772 2626
11310 5800
9012 8949
12302 11443
1704 9114
14172 1605
318 12614
3865 14138
3129 12350
2903 7191
2323 14574
1252 1165
334 9527
11343 2662
11539 1429
14189 3662
7117 6532
4252 1734
14832 8579
4241 1173
7555 8460
7359 12346
3514 6173
12718 7971
11320 14440
4179 2839
10472 1060
4627 9494
4220 8279
1317 7254
1381 12613
10637 8842
8342 10375
13874 9069
4308 4818
3661 3208
5817 8229
2045 7844
11658 1564
2484 5437
6093 8015
9517 375
11544 13542
10178 9794
3128 5581
13617 13127
14934 10184
14747 2258
3400 1243
11597 11552
1318 10419
1569 13166
12114 2754
13464 14740
9114 2569
3978 13725
11700 7113
888 9904
11276 7305
5637 5927
14424 5140
2434 9499
12096 5915
3549 11717
11036 9953
11472 760
1432 4548
4407 14661
7326 7332
3181 3160
14592 13430
307 2415
7010 9434
3493 405
10925 3832
2500 5864
13814 7198
1586 13887
1193 7740
4229 8415
11521 3127
8575 1752
14617 2995
103 12041
4593 13847
3912 4568
1053 8363
96 8323
3425 3536
796 6118
1836 8469
6356 13667
12093 12776
6524 1306
8532 1924
1031 13870
5498 8988
5853 8582
14439 7276
7929 651
11459 263
12222 7358
4645 10018
104 8833
981 13006
9060 5269
5462 9681
9529 5384
12242 10867
13991 3726
3290 11106
13838 11743
4437 13365
4278 8909
3845 11027
2105 12975
2073 2965
6212 14202
10996 14141
3065 14393
13734 11230
3101 8115
8508 8333
4749 110
14746 152
11633 590
2783 12708
3566 315
9611 7576
1993 2426
13645 5777
6600 8145
11883 14675
11653 13617
10174 5910
3904 5238
10178 1920
4604 11002
14316 12613
1504 12799
5813 14984
1495 3994
13265 1399
11705 14625
8081 13211
2121 9620
9872 8352
11339 13061
7551 5164
2480 9420
4784 7765
7910 10666
14740 5462
5042 4016
11822 14579
3558 7305
12892 589
3658 7107
3456 3559
8346 11994
12508 8781
13984 888
12552 10005
9723 11261
4988 7615
6992 10867
2356 4598
9421 14006
1509 14365
11663 3683
4340 9281
6704 12746
12533 1709
2282 509
13883 12080
2334 12879
2657 4150
5103 10866
13138 7091
1503 14689
893 11725
5163 11273
2129 10532
5313 1682
2324 5605
9790 4337
4439 3885
12651 13699
2741 12208
2020 12190
7723 3083
4438 14472
6819 188
2430 4801
11517 8537
10759 10392
13350 12726
14992 12618
14243 6697
8070 5145
12728 8645
2914 3041
12450 12516
6432 14994
690 9306
12051 1680
3409 8395
3403 11382
7746 11172
14988 14764
9655 2964
14855 4477
8693 9397
1011 11556
9498 11345
1076 6750
11820 1300
7439 5666
2370 5506
424 9317
9222 8214
5426 11082
265 3610
14828 1714
8437 11808
9226 7079
13791 212
3077 8489
7886 2324
7631 3192
12868 6781
5725 9147
5479 2025
13006 2492
9988 6468
12507 14098
7324 9785
4206 11443
6539 9546
5836 10734
13128 6713
12476 3877
13280 4706
7782 6282
7499 7582
8312 12674
12586 7815
3927 4969
7690 3443
2267 14297
11039 6296
2262 12953
10124 6105
8207 3669
162 3542
3890 2349
6374 3279
1651 5832
1489 9932
14342 13150
10388 423
2271 7866
5766 3077
11271 134
10117 7415
2831 2718
4061 6723
9726 320
5063 8897
8210 2163
5266 9361
3506 13922
9832 12551
10496 4709
4148 11398
6081 1407
3850 9813
14157 12553
281 2311
1507 2295
13304 9484
7266 7759
14075 5350
8146 866
9324 5394
8092 2086
467 1612
1475 3885
4991 5581
6948 4379
8600 6175
10832 1992
11793 3701
14435 8212
8754 6616
1653 5186
8221 188
14859 2298
10426 9082
10774 9549
10322 11251
56 7125
14855 169
14925 14645
12127 7225
7194 9162
1618 2475
9549 9586
14170 11938
8739 4099
35 10826
337 3872
5259 2138
13595 686
12083 1410
579 2400
10851 13463
14808 11667
3736 1814
366 5819
1818 12028
4301 13687
3944 1756
14732 9784
1087 11587
320 3685
5031 9772
5501 7520
8922 10409
9317 9637
6936 12277
4404 11097
2781 4670
5445 8600
202 6749
5586 6952
685 10751
1089 11291
14163 5663
7417 3742
14221 1037
5959 905
4920 4454
4623 13254
8146 1871
868 9659
4360 166
4201 9539
14650 13513
7323 5243
9302 7082
13224 9939
11246 5646
14256 12915
7272 3137
7275 11543
14980 9140
5236 10990
14284 7925
12489 574
11259 5864
10563 10634
14944 10798
3931 9746
4855 8859
8351 2958
3850 14332
10368 10191
7296 4718
6590 3939
224 1523
2486 10318
4837 8934
13233 7029
174 3021
11896 14376
9179 1861
10273 8994
13745 6526
12123 5362
4529 6163
7874 6646
3839 11466
12315 14299
176 11900
3226 11222
7158 6683
7564 983
2303 11536
6186 992
5106 7090
12353 11526
4540 10279
13246 7513
14064 6814
14192 1761
8150 6431
10819 7857
11811 3298
8374 14282
9280 7790
10722 7238
11446 5118
8504 5784
12195 12432
11377 13593
10883 4105
9724 3439
9718 14227
11632 10672
9797 4038
6437 2051
5876 14788
10323 3536
5920 2054
10730 12497
5683 6601
11260 10983
4053 2973
14091 6567
11828 2801
986 6305
10757 4315
2496 6776
2609 126
4115 12880
5011 14305
2309 7131
12857 7272
13280 3662
13957 630
5671 13771
14077 9926
11317 10874
2680 5112
7315 6012
8396 13455
13409 6934
12911 2925
11164 1873
8533 4244
8007 2740
5838 11332
14096 11747
9032 9083
7207 6336
7419 10479
13782 13240
11328 6124
8380 11559
5100 493
4205 6307
12007 11808
12476 8192
14990 10973
604 7482
10413 3786
2958 2683
6574 737
10504 11537
6997 6856
14388 7686
3489 1301
8666 5236
2252 4056
11126 1840
8959 14503
108 786
3643 9955
6298 7951
5450 5526
2617 7931
14558 13450
14273 9694
8127 1875
9041 8973
3105 14135
9541 4730
5353 6151
7539 12609
2796 12564
856 4101
280 8767
8974 13274
11504 12616
340 4631
46 4291
5099 13294
12642 7733
8223 13986
10660 12125
10824 287
9213 6151
1912 4061
8932 5825
14104 2080
6873 12193
6596 5601
5283 1797
8538 9153
7361 11449
13018 11717
1363 13557
10202 3956
11266 8208
8265 13971
5816 11482
1587 1410
912 8196
1343 12066
2963 13472
235 4296
4802 11969
7582 6039
1215 14346
5809 266
709 10756
5139 12897
7888 3088
14097 861
4038 4342
14585 8495
11332 9459
136 6748
9174 7769
1595 1766
6432 2562
10977 3760
8881 9641
10366 13519
13995 4151
9587 3313
10034 14148
5653 10295
8645 7982
10056 13024
3204 12409
4213 5080
8290 3874
13432 7593
7942 7757
3802 7735
10824 14356
2430 13065
2519 8685
14428 12365
9021 10562
9666 10261
9677 1576
9737 6376
11569 13943
1042 4522
9670 13454
406 10640
926 10281
12587 1452
9086 9290
4541 13575
9014 10957
6361 11478
9773 2848
10386 9090
14094 7034
11901 6829
12803 4192
9368 14112
14860 3193
11995 13351
11324 13213
11209 14461
14605 14289
12303 454
13629 11948
93 2211
10865 419
13496 11715
12187 3058
14596 6711
10715 7419
13890 14067
10474 2673
11462 797
8425 5405
11711 11486
9589 2065
8695 11105
7465 9405
14214 12240
6062 12150
6497 5802
7871 959
761 6418
5711 3834
6265 5141
770 5931
4084 7464
10034 14118
9201 4595
13238 4710
14983 9244
1801 1262
5836 4065
4085 5367
1631 2057
9777 3875
255 10162
10195 13982
13070 11906
12753 2109
5401 8891
3651 3728
957 3511
12603 739
8929 6200
11956 601
2341 12840
430 11999
215 12228
1352 13893
7561 11041
8775 10075
7670 8384
14838 4064
1488 4653
1511 7377
10721 1716
13666 4016
4297 1819
2936 11807
14436 8981
14083 3692
1886 14015
8837 2677
732 394
6609 656
5479 2485
13768 12540
2709 2592
1199 11785
13728 10372
11063 577
13159 7037
7148 3968
10721 14421
14252 13218
10766 7330
14335 3971
13775 11461
13432 1452
12432 10139
13792 8349
14956 220
9295 408
2023 6449
13060 9794
1284 12438
14459 5499
3774 2593
4911 6330
3323 4961
11079 8778
14180 8891
11006 4769
9000 11883
10528 2852
3109 7425
2793 9494
10447 4055
11840 11834
10191 13912
3483 729
11670 11081
6220 19
12880 14939
2337 5493
7584 14035
1669 5866
12031 1171
4101 7573
4015 10218
7111 1296
6045 13739
10091 7945
10198 1827
8750 6144
3306 10689
10708 4371
6006 5177
3678 4398
8604 5521
6803 11120
7714 13959
2753 10087
5385 1405
14789 4585
5780 5373
14494 11402
9349 5242
6486 623
5033 7347
10699 6380
7432 12762
8943 9645
9566 408
7598 11958
1619 13890
10673 6150
746 6147
5747 3701
13423 11537
8933 8403
9662 6841
1572 8972
6550 3075
3862 5346
4478 550
11552 7205
960 5759
11600 13956
14189 11364
7068 4066
8919 5574
11952 6064
5121 12552
2203 8077
8475 3769
125 12773
1488 5141
10888 7130
6492 4957
294 91
2266 7030
3118 6907
10797 3605
13427 8964
14473 5027
13976 7293
13477 6496
8122 5864
5768 3066
9669 13340
11477 9578
7807 11201
54 9216
7056 13807
12446 13859
3099 7456
10870 13833
7497 2373
14976 3184
5984 13018
13797 314
2658 7327
915 8405
3918 5559
11150 14961
499 14341
3763 5397
7353 2722
7392 334
135 6322
313 9976
14619 8555
7100 284
252 12857
6217 871
10736 4782
13074 1306
12731 11233
9483 4210
11250 7337
2039 8736
4576 12754
10055 2921
8371 13395
9869 6903
12543 14772
3762 1640
408 3232
4252 13238
1035 11688
12122 3676
8376 14629
6062 4981
7516 4759
1728 11649
1384 13482
11334 13497
3753 12988
317 10305
7007 10478
4234 9923
14280 3441
12596 13434
12153 8301
13276 13160
1540 9653
11184 14338
13338 409
3923 7617
227 4019
2138 2560
12304 3889
2535 10758
4741 413
10740 5551
12231 2572
1164 10319
8487 5085
11749 3446
8931 4632
6264 10818
4945 1067
6649 13089
11703 2113
9402 12640
8893 2679
4447 13500
600 11738
10980 12281
2581 10968
13100 7001
7266 2667
14279 13210
2873 5700
6725 9486
7927 4445
1581 122
3356 5808
4951 13239
7567 1416
3476 10799
11084 2413
9720 11344
9493 11567
10262 3855
8828 7540
2840 12283
7733 11292
380 12927
10352 4876
923 1812
3500 3091
554 10818
8107 12818
5451 5694
1605 306
3950 13017
12579 9017
1095 2518
5030 11014
606 6313
6032 10726
10393 14593
456 888
9085 11309
10935 9769
5333 4520
9037 6079
9908 12508
9043 13114
14398 3649
11498 10856
13066 10659
6968 6420
982 12238
12601 7771
14098 5740
9755 10561
14834 5807
1734 3327
3336 12619
1873 6125
9292 7694
10006 2481
11038 741
5618 5737
12491 7946
10026 4221
14365 2446
10826 3486
3251 4500
10052 5171
5224 14722
8943 6829
8437 7331
9967 9556
13866 2130
2916 2665
525 12851
3821 11258
663 7279
3742 1136
12075 9660
2301 5126
14448 13162
9703 11223
7129 3536
13940 1522
13259 12689
1316 7529
12897 4872
2489 1879
12570 9543
8869 13981
12099 10907
10910 4958
1121 4133
1124 12745
8296 5643
11095 4737
12528 1565
5453 9517
10066 4975
4329 13775
1434 8092
2266 2062
4770 10820
8573 6987
13991 13931
14244 6311
2059 303
4980 4625
2244 1989
11826 7400
9382 9564
6666 191
7066 14359
10750 5037
9998 7328
10475 8353
14446 10746
4652 821
1849 13661
1368 4249
13906 4551
11732 5748
9333 1197
13673 8965
9200 728
12171 10438
3103 8316
7199 7679
9685 10382
9343 3299
10946 8051
7330 10451
9201 375
7219 9419
13739 12721
8004 3337
522 5477
14740 504
10865 13029
2148 10364
9018 12352
6645 2295
14611 1208
9876 13339
1517 2429
7900 7840
1411 1949
10927 5289
13463 6138
2154 143
14947 2728
9205 3205
520 922
10451 329
3108 870
7471 9387
10341 7427
661 4256
660 13982
4573 12186
9001 10193
10184 4575
12502 11221
3659 14636
3588 2309
651 2756
9079 9644
14328 6044
4109 7498
4026 8003
6452 5066
4623 2948
3382 2536
9422 957
2600 3485
5779 5081
7218 5965
11929 11216
692 3236
6425 5795
36 4544
9123 5896
7454 1125
329 10243
1593 1474
12822 9011
10304 4805
10231 13334
7335 14308
557 649
7000 13385
8984 1155
5040 1537
8573 1218
11349 13240
7271 10911
9647 8368
2543 5183
12381 8413
9643 3260
7985 1734
13094 8923
3989 10229
4445 7450
7848 6506
7594 7938
7641 3689
7055 3680
14109 304
399 3664
6955 13282
10281 13711
13917 6683
7271 7564
14125 14769
4100 10709
6860 2175
3510 4245
13423 3873
9371 967
1622 4609
