5500
7032 10038
7175 2785
12095 7448
132 10289
11188 4510
3118 3045
1344 13162
14057 14431
7393 1712
5454 2290
14605 83
12406 3851
3992 2814
7304 9262
11134 8637
9902 12310
1470 14346
5781 1817
10757 12060
1812 14880
13314 3780
10374 1041
6068 5226
64 10546
6571 6396
14449 4579
4909 6890
6121 1162
131 7118
14109 1845
14802 13719
4808 10556
11875 4235
14890 12128
11423 4259
8528 10600
1784 11350
14762 13043
3422 8295
9286 10009
5997 14552
12459 4907
684 1890
11964 1181
653 13073
10247 9465
10982 5226
7697 5366
3676 1133
10245 13077
12158 12773
2981 9349
14759 989
14641 1307
3096 1706
721 4889
3646 7841
4878 8441
10432 7688
1833 11462
9850 944
4273 7009
5486 1430
5636 840
2431 5629
12551 9860
8020 5546
11727 9886
7321 13116
8291 7925
5803 11498
1507 3298
14187 4348
10986 1033
95 13555
1221 843
11589 6360
2597 1484
2532 14585
5860 8439
1050 14792
6672 338
12106 12046
8121 1467
11272 12351
7230 168
2777 5090
4237 14766
7866 13502
7899 7403
8215 14983
5511 2966
107 9860
5465 6395
10734 13060
6240 6514
7880 1811
2586 1462
12738 213
5537 1472
1565 9074
3405 13429
8435 6064
8995 9781
1122 10661
11704 6826
5794 3945
14798 6667
6889 7536
11493 6214
5279 10697
3458 3402
5868 4897
12075 5892
2583 9909
7180 10872
6887 4799
2315 69
998 6796
4799 5311
12341 7253
12539 2839
5718 14456
13605 2130
8335 2730
9865 3102
4149 12182
14739 6652
2332 8343
6001 1980
11718 14670
7578 2427
9121 4531
14601 1694
4244 11561
12188 3958
14269 1631
1319 9048
3486 6469
10485 3621
8275 9499
1728 13960
8243 10875
3684 7061
12089 6876
1596 11218
7646 2801
9999 2409
4403 11774
12629 584
12598 7655
8077 2394
4450 7604
1831 11868
8714 14365
11811 117
1819 2836
10777 1259
17 350
4605 2137
1400 3324
4764 3342
10448 14423
7282 6610
4789 4518
12220 791
1924 13624
7761 12469
12458 6178
1103 9472
12701 10120
5739 7766
5939 8965
7624 12936
4259 13054
6282 11118
14909 12914
12563 8556
12360 13263
2124 3841
6262 2165
9563 8570
6659 10856
12034 13863
573 12683
154 11778
5137 5995
2345 3887
5037 5221
5981 14837
13864 12603
5507 10427
4396 1202
2470 1569
3413 3442
6257 13787
11157 9787
246 11277
1342 6711
6413 1525
11881 5177
520 10220
624 12386
746 9682
1996 5018
11349 9308
1140 11466
14297 2791
7584 5997
13059 7207
4496 3215
8244 4990
8337 8124
9838 9980
1909 2349
950 3893
13007 13289
2299 1900
10626 8522
10872 202
5123 950
8246 913
10348 4327
13167 3084
3587 3572
2243 13406
11359 11804
2285 2794
11716 7762
1522 2894
1462 13716
2257 11329
11100 14738
4423 9944
9096 12080
10499 353
4468 34
3521 12031
7889 4063
1013 3602
1249 10484
14777 3915
14801 1467
7749 7284
1566 4782
7688 10164
5437 652
978 13739
12588 3010
14813 4074
7493 13163
3111 7182
12992 1044
6223 4443
4674 8594
5857 3890
6337 11342
9438 9761
6218 463
13479 11050
13873 2895
7492 2201
5836 3802
11206 1950
10460 8202
5434 7665
14244 11745
10210 5791
9877 12236
9530 5667
9112 5244
6236 3442
12889 4146
12730 10697
14256 14529
10458 12804
12791 10735
4969 11016
3895 4008
5652 5274
3324 5788
7657 14764
12966 7983
13991 8886
2129 8771
13700 6220
8900 1415
10947 10382
4242 10519
12113 13455
3362 12690
11409 1107
12794 9628
1539 9163
6973 5175
2524 14116
9397 1992
7047 2505
12698 14872
3623 11404
2364 12231
5425 12284
4394 11877
7116 3125
8054 6829
5056 5744
8777 7349
11501 4014
40 1089
9514 6730
12206 13974
7273 14018
9517 11823
3264 3056
14928 1241
10324 4421
2683 757
13612 12996
13061 8752
11378 12543
1983 2497
8542 9041
2512 3592
11813 9891
5221 6175
1153 4922
4808 14949
5736 5340
7580 12300
8572 1151
46 9085
716 10547
10488 1189
3400 1633
6610 13804
7531 12368
3478 12032
11712 5843
1753 7420
4426 13676
12222 1013
7441 11391
11403 8538
3784 13809
11068 100
5291 5213
2616 13075
6335 155
3294 9631
8793 879
9429 3079
11200 3928
6734 8717
10755 6672
12304 9855
10231 483
8074 7333
6434 7518
13080 14917
9144 11808
13654 1521
2658 14703
9957 2256
8292 1827
14823 4154
11162 11777
10281 383
5540 6533
3155 336
2253 14621
7226 7150
4087 2828
14398 12129
10089 8230
14413 1063
7587 4788
9167 9921
6026 9179
2430 7615
7131 7564
9027 5190
7997 9667
9786 13768
12056 6293
1829 1317
2582 10929
6720 3398
3952 4613
9080 10052
5656 2087
3176 7815
12212 4340
7516 14733
5445 1424
6609 14112
10952 10530
9938 10374
4696 7567
9310 2404
14280 8191
5599 11205
5395 12202
6456 8053
488 8060
1228 9134
10197 9346
3758 6031
10316 11865
3443 9453
414 9435
10740 14192
250 3137
8901 4124
750 850
1455 10690
10253 13154
1893 4960
3351 10736
14732 3117
2539 2614
10767 14445
1423 8507
1800 6987
2517 9384
11010 11173
4267 11564
1537 8106
254 3224
569 14028
5717 49
3187 13323
13320 112
3836 8348
7008 12235
11000 12600
578 9337
13238 5657
9513 4396
7963 8507
3952 14449
5344 1820
4855 7718
2405 2735
7054 14538
239 2737
2353 7024
820 11619
1912 1867
14832 3294
3390 7797
3666 4459
5647 4401
1633 9384
10032 14230
4624 8804
9450 4518
11221 9250
5677 4213
14795 3110
11997 6128
139 4506
11847 2549
5118 529
9065 7459
2428 7460
2739 5796
6115 6189
2034 3710
9808 8697
13556 8086
3530 4984
830 515
3443 12463
2278 9828
4648 9147
9525 12920
7753 6237
9045 4545
5900 7301
14150 5886
7208 10283
13164 9413
8217 3483
3780 12016
645 14347
13619 3089
11019 4692
2738 11088
9202 2565
6801 14030
11986 9807
1977 12729
6522 1334
12921 14930
13371 2432
5628 2755
2607 4621
7923 4953
8099 8960
12996 11336
7474 1445
8750 2321
5211 2271
11468 773
3308 467
2231 8234
2614 5663
6155 11322
12078 7256
6755 2859
381 9770
4632 6874
12538 4507
236 334
12011 6360
8031 8341
13366 3277
7930 3977
14035 7888
2961 8816
8766 124
14100 2469
7211 11778
5951 10332
4542 6574
14735 9186
7162 1732
13388 13549
7361 5937
9214 6918
13104 5191
1034 7311
5912 7787
4263 10144
14995 7025
4094 11873
12781 9936
1533 6354
6176 7169
6946 1613
6118 10497
5053 3088
3265 14813
5612 5563
14974 2536
7395 2071
5360 7107
5384 7646
1250 10573
9009 13711
1900 160
14723 9116
13853 12935
12282 9830
6999 7659
4847 6407
11593 3630
1017 11173
5738 10307
6360 3323
11983 771
7217 366
8610 5145
10262 14896
10384 12248
6417 13577
11038 3079
4702 3859
5951 14257
8284 13664
13152 10625
10530 9159
706 8024
11853 9391
4764 2130
8713 10563
9801 14308
3654 8921
3405 6196
10815 8102
774 8250
6845 12211
1326 10606
14235 13423
9282 7800
887 2098
13582 5928
9173 8102
10864 1502
12841 5101
14930 7271
10200 4700
6560 13660
14370 956
17 2333
4666 360
5743 1978
8760 14110
10366 3861
11198 11716
1722 11774
14411 7384
8399 3062
7675 8763
2932 14787
631 8079
2066 819
4485 6643
2243 184
10062 13205
14197 7411
325 9881
6749 11951
879 1563
11340 8003
9392 10353
1851 11965
1596 12086
4459 3987
7962 13514
14267 8430
554 8296
849 2545
1434 5609
2057 13533
3991 4308
3541 12262
12883 14169
8781 11221
11642 4590
9941 14526
4699 12750
5165 9020
8088 8242
541 5993
13354 4040
13302 14156
8823 4152
5348 27
4533 4438
214 8757
9891 8840
6194 269
14489 10999
8725 13503
13019 164
7032 2101
7231 2266
12276 2246
5236 3195
4829 1916
4391 2088
3775 14355
11548 11485
11490 13826
5287 2562
2678 268
3549 2896
4236 14570
13247 3927
991 4275
500 13400
10726 8781
6990 9168
2160 10030
358 12804
12607 7235
5361 7161
12082 6159
8000 11874
13475 6097
10544 5680
1850 364
7992 5745
329 8664
1223 6534
7687 2809
707 14325
679 13444
10021 976
9630 4384
12440 10374
11003 11424
10983 12688
1379 14688
8093 7575
6832 6323
10602 1445
10767 13824
2774 13433
7677 8692
8579 5644
1790 1792
7622 5509
7477 10069
12490 15000
13673 7612
6330 10341
10854 8114
5246 7120
14365 4458
2192 2489
3224 12869
5342 1577
11879 2384
7024 4720
819 12433
9888 3838
3548 6735
12027 7038
4638 10335
2610 12884
5897 13044
1627 3262
2866 12727
4349 10368
505 3700
13366 9732
4618 6211
14681 9838
13030 9543
10916 2552
6254 4484
10911 6377
3073 5109
1996 10051
13936 5733
264 6156
14317 4042
393 4940
14057 7654
3535 398
13970 5893
5654 4021
12900 2001
4207 392
2805 13750
2531 7131
5895 2571
6322 9556
9549 8864
9374 493
7514 7791
8104 9032
8667 14994
8775 3530
2410 9527
14835 9349
7482 4185
658 1091
11154 161
3381 8357
14790 9705
11835 5064
13578 3526
5111 10337
3492 11340
8548 730
3435 732
12718 7342
14690 12098
5942 11000
1471 13108
4576 7967
9456 14520
3694 13387
11197 7826
13559 4554
7754 10751
10745 10395
4458 2210
3061 8053
11487 10085
3353 3365
13312 14014
9724 910
3771 14552
10605 6822
8583 10296
8608 2456
13476 343
4963 2518
15 1009
14124 9526
1418 3039
10225 5566
3207 13512
1644 6884
6135 14859
10783 5513
9060 9406
4975 3421
14089 8195
10177 12652
12572 11630
6826 5962
11864 3755
11489 13081
1974 10804
3939 12322
1637 8101
14491 12942
5619 6047
8717 10603
8092 3322
11801 4260
13820 1953
3491 11822
14255 8345
14836 885
7113 13222
8128 14678
11527 159
5807 3422
7297 6297
13592 6532
13670 2801
6617 1974
11258 8861
4662 9244
4162 11294
8706 5451
12414 10220
9206 7599
12256 9771
3710 8144
5859 4293
13776 9686
10239 3476
5424 4950
7405 14700
8247 5287
6338 13098
9852 379
6631 2716
12128 14564
3690 8134
10543 9802
10218 8139
1886 11325
1876 10900
3099 10921
1351 4764
12009 1446
8469 7947
12067 7183
6215 12795
14475 2718
4206 11525
10390 4659
679 9985
8946 6925
138 9873
14268 2626
1730 12524
8074 219
8929 6816
3637 10180
7703 4002
977 12571
4198 13288
6413 10168
12000 12688
9698 2828
14367 10251
8578 10383
5051 1425
6696 3198
14531 4008
10796 12317
6858 7131
4349 4020
14779 1190
8493 11314
5936 9437
5902 13025
7872 13784
7484 10637
14827 7518
4106 2017
4070 10669
13596 9542
7397 10373
14385 11807
2912 11979
2735 10185
4031 13878
14721 12327
2887 11588
9592 8586
1317 10907
9967 10296
14861 5761
301 12306
11642 9315
578 585
8122 7815
3918 9933
10711 1859
1702 13471
10189 14761
10892 8692
4002 11898
3332 12371
4178 9614
13901 7820
13394 11254
1790 5176
10342 12350
702 9712
3442 3580
2801 8244
12353 7358
1576 884
2720 4522
4366 7091
3980 9195
7216 6321
1204 2563
4324 860
895 13433
9264 5804
7175 12709
10412 1232
4082 12881
4768 909
13101 5502
10673 2677
13723 13868
9149 1991
3476 4953
10603 9930
12800 3574
87 7733
6830 11072
2555 5911
5805 14131
6265 3903
9268 8137
2849 14954
8829 10188
8017 14950
4613 14975
9673 9158
3918 4333
3881 2889
12540 14701
11836 11579
6803 8064
9476 7033
1927 12423
2987 13786
14491 9189
14824 6668
11791 7773
7312 1723
14408 10375
12662 7469
6505 6904
9754 10228
4043 4477
13547 7826
2208 12104
803 10425
7958 4995
10839 4516
12692 7974
10958 7537
5465 7630
7774 1387
10688 13565
14258 12222
189 11909
3515 12414
12102 10279
4508 6453
4486 7773
13984 5452
2501 1541
8931 12777
13374 11670
9763 9058
2639 8971
3365 14166
10493 7541
11618 2057
10087 10441
3745 3957
8740 9815
8055 5459
2597 6087
6711 2974
9192 9627
381 13886
5621 1158
12195 9558
1224 3040
5348 5835
5335 2633
5962 11324
8518 5992
6950 1729
4767 11138
8938 7064
6830 5025
2882 11690
13765 9264
1934 12610
3647 6822
5089 11068
8422 14899
2222 1065
8091 6266
860 2108
14677 4752
2868 14108
2914 6125
592 12605
14926 8412
6341 334
14706 79
1891 10768
7951 2657
13579 11161
3579 935
7754 12239
8696 486
10093 10247
7989 7085
448 11645
2990 3063
6584 4647
12011 14769
7190 3384
10589 4388
4368 3210
14270 12181
14262 2548
3590 9077
3073 11530
208 13925
9917 129
5702 7600
5763 4104
13811 13404
14942 10695
1734 9348
4568 11428
9960 13571
7452 2353
10852 7421
8334 14907
4360 14827
9251 12041
570 12624
14423 357
7518 13301
12393 11879
13727 1664
11345 3817
5216 3179
12149 12729
10447 334
6482 14751
13171 9631
11208 4150
13785 13749
1758 1419
9638 11050
2642 1585
2122 14175
14367 2756
1772 3814
8879 14323
2511 1256
6970 11380
7077 793
6508 9226
5820 579
3209 9969
1385 831
9334 2811
11202 10522
7113 8392
87 4609
7929 5082
12264 8870
13306 8827
6383 172
7875 8467
9099 7279
7787 29
7806 6057
13529 11265
14707 12914
1283 3778
61 13050
3950 6257
7110 6652
9926 7843
11338 3256
9251 1905
8534 1642
9039 13916
7767 14144
6343 6831
7257 13643
10268 11412
3318 5750
14268 5527
7531 1590
2578 3735
11443 9434
6955 8922
1332 3650
6011 4356
3860 7995
6724 4671
915 2856
14605 6391
12208 14248
6953 1721
14325 14977
3266 3553
14245 14406
11603 8501
8340 7405
7331 10429
15 177
5700 9937
6960 4398
6458 3257
13631 3889
7526 14914
2395 14824
5374 364
13561 11855
7363 8495
3604 1894
13490 121
6187 11373
5226 1136
9996 6416
2417 12144
6399 777
12479 2768
12851 13845
3026 9584
10246 4048
2244 8662
323 12629
1766 9966
1081 2984
6338 1370
12474 272
14991 11609
5472 5426
791 1752
14566 4151
6439 14081
9552 9606
14939 5144
2005 14368
9447 11792
7354 11286
4327 839
5002 865
5841 11842
5683 5452
14456 7194
4356 10555
5352 12391
10945 10680
7680 3001
12039 7947
1103 12190
10723 8282
7089 9610
1991 9737
3545 7707
3561 14029
10446 4594
3949 6043
14188 7570
14273 14891
1806 8101
105 3078
10135 5146
8681 12245
599 5789
7829 14200
2237 4627
14179 6801
11445 4460
11812 12313
3499 13292
614 1374
14189 6022
12866 2821
1523 14744
4982 3566
1571 8368
1987 7482
9014 11702
3898 2173
4919 2929
6488 12090
6913 560
9621 7285
5737 1512
14598 7128
35 2790
2686 9727
6497 12640
6008 2513
13363 128
5334 3337
8194 11277
1752 7006
1182 11765
7443 11200
8007 14042
8335 11141
7453 3789
3052 315
6658 5072
9249 6052
3985 9844
11418 8122
2749 11323
7642 1102
7160 11448
8086 12400
5512 2133
7304 50
13970 4503
1095 2801
12661 14550
9526 2176
10738 14910
4416 7401
4626 13760
5952 7613
11730 762
6291 12226
13753 5973
14427 14958
11510 1495
8377 13268
6395 3856
2151 14145
2652 6081
6908 2083
14539 189
4682 13879
13135 10057
6815 4565
6889 12203
186 5512
1724 12709
4936 2746
3404 10872
11423 12563
13572 5403
4916 11554
3448 11155
3131 5389
10891 4358
876 13309
6419 13045
7298 13606
2965 13609
765 8204
2836 2185
9496 11100
13814 10185
13906 142
13410 117
12283 8806
13416 9549
12887 10371
12214 4786
3862 10555
8916 3192
7937 1651
6793 3837
14250 8879
536 3040
1329 2794
472 66
2327 5857
7726 1073
2667 1493
3937 811
12395 9007
12017 2361
8751 8843
11691 35
6260 11623
4906 13067
4800 6578
5639 900
277 2676
9520 3566
13788 12297
9518 11572
14103 483
23 8973
5585 5554
12463 11662
12217 6401
7073 13235
9990 4452
5517 1597
5391 5536
5190 6785
10868 13857
6532 8925
11215 10877
4528 5725
4311 4146
1534 296
1388 12852
4994 1948
10554 11797
6282 6157
1207 345
5714 14682
12844 4686
7029 2758
8052 9196
13248 9353
31 12882
9900 6914
221 6434
10189 5847
5898 14926
6502 323
7778 725
10380 1433
1773 6265
7334 11910
113 8952
907 2899
9890 4430
13653 9180
8812 8627
7374 12461
3495 14281
13529 7985
9121 4982
5040 11583
11340 5006
4758 11931
14729 6131
8008 5085
8947 12771
10925 5510
7285 14609
9793 1518
5318 8715
7344 11691
4860 829
11308 8523
11070 5667
1987 7349
11255 9290
887 507
10079 2942
12934 3505
11232 14729
2203 8028
4772 7286
10772 531
520 11902
6299 1161
5394 4445
14355 13993
2708 280
7775 9505
9383 8253
3475 10721
8288 7891
12083 14234
13043 10492
334 3050
10984 2243
12838 7696
2347 8180
10678 14931
10882 11448
10237 145
9497 3338
2920 6249
104 6715
8552 913
10943 6861
8893 5884
2636 7573
677 13680
10288 272
7509 4616
13819 10017
12139 4898
888 3252
4776 965
8654 6058
7532 9260
9100 7367
1943 11035
2425 8206
9959 7154
11555 2754
14554 2886
1985 4376
14538 11467
12908 12673
11306 5879
8278 14953
763 14245
6179 3142
5106 10846
13853 9216
7490 10014
1672 5248
985 8875
12493 12814
5762 13564
11408 12266
654 8981
7056 7691
7071 3687
4205 2705
8375 388
1198 14827
12263 6411
7418 6131
13429 14141
9349 14095
2230 14616
2412 8557
9163 14106
13376 10131
10514 4786
7968 6739
4084 119
6435 725
9987 1619
11053 5885
6065 10373
6463 10527
14851 3176
219 14806
13706 3155
2494 9705
9024 11628
4251 8801
12455 10865
10004 5140
4117 8457
4380 534
362 12058
6256 4261
4116 7343
10616 5739
10023 3366
8063 13746
10211 1634
3329 8085
2583 7809
3647 8587
2231 10999
3726 12965
8254 12220
8089 13344
13393 6708
2818 4960
14050 10159
3112 13778
675 10684
14695 11177
8407 10707
183 13719
13436 11772
357 2106
12492 1183
14349 14456
9240 2981
4055 11804
2269 6230
6711 2300
3951 9587
9517 8532
7152 14355
1348 11538
3465 4714
9241 278
12868 5250
10640 8748
11912 1282
5530 6321
5016 5126
13908 3454
7885 558
7240 1200
414 7959
1913 5439
538 12400
11982 10777
7775 11560
250 12374
6382 12574
625 14653
12367 1876
1942 2254
12403 257
10244 3839
2177 2477
52 1506
9965 9133
14526 3600
593 11809
5846 10182
1829 4536
14458 6134
1441 1858
8496 6829
12743 10261
11037 14650
7217 7881
8225 7769
14408 2926
6055 7917
1063 6207
13328 7857
6983 10005
14503 6052
10171 12058
4284 12353
6022 13929
12838 14182
10170 2574
3346 13456
8744 4674
7693 11278
13595 11619
3500 1925
8124 9901
14901 5728
11470 10898
3804 7258
958 9808
12909 13150
11957 7953
3861 6374
8459 238
3976 6715
1218 5244
9928 12901
10186 5901
9138 1743
13916 10589
2297 6499
4548 6663
10142 13049
4977 12538
8508 12487
3555 3948
8701 1981
12028 14201
6391 52
6334 1546
10258 4494
423 9425
3723 8713
1233 10559
13266 14071
13930 9032
136 7582
3326 5642
9225 5352
12394 11235
797 6980
4186 2412
1672 2278
11409 11874
7608 1261
12991 12587
11758 9068
6607 7569
13722 9857
7150 7338
5317 2118
7149 5319
997 8771
4397 4887
7167 12499
1508 7149
5625 715
12386 1105
3213 5089
14541 9843
3479 6399
11042 1424
12332 13835
14960 2206
14856 10785
6300 6579
1991 2192
1792 4910
924 13968
14460 12941
12390 5553
14904 554
359 12558
13393 13722
1721 12623
3378 3101
11748 14135
4147 1404
8988 8774
10637 3609
1037 6487
8348 3805
5229 10990
9389 12192
12052 9734
9522 4978
10449 10052
1257 13941
13044 1076
13882 622
8981 9145
6743 14830
48 1401
13215 1280
3634 9985
8028 3727
1038 9255
12592 5092
7260 10941
9371 3824
6078 10054
9382 9479
4257 4168
11163 949
5751 255
4209 12355
14587 6449
11997 12106
5800 4249
2555 4935
1595 3531
13492 3170
3536 3542
824 9174
13398 2867
8144 7233
646 1679
13687 2640
6815 10607
13880 9529
4854 11094
8696 3157
5939 14100
8926 5288
8809 14312
11069 4843
12526 793
7839 10085
13699 12002
4218 12295
13728 1335
2720 9627
1473 10839
13552 13473
5107 7119
4503 12564
4020 9060
3110 363
14046 2204
1130 12876
5562 5378
7092 2065
12166 10192
6226 11201
13063 13557
10615 13013
11348 5154
7342 38
11885 1692
2548 10916
14225 604
13023 11617
12824 2148
8080 14466
2604 5991
3123 6187
11525 206
11851 11002
6911 5302
8760 11998
7232 8288
323 14432
5503 7380
5955 2611
14694 7635
7134 7413
5163 5075
5689 11479
3909 818
12462 8862
11007 4300
12025 9638
14866 10895
14543 8783
9682 11482
12503 1793
11230 12626
14929 11259
498 1893
10222 13295
3 13649
12655 291
5630 6050
14163 1319
11189 1882
2635 2174
13164 11851
2765 14465
3247 7893
12202 4709
5439 6287
8300 9223
881 9866
9653 12108
5151 7417
12473 2293
12033 8730
10444 7280
8653 11571
6507 10639
14333 3330
7252 9482
603 6424
5468 3704
5564 9682
5775 4333
14906 3241
6440 12941
6443 12692
9272 10814
5947 7038
12253 8247
8758 3340
3781 11781
13309 10526
1663 9764
9515 1878
101 12242
4118 291
68 12744
10791 8924
4200 2374
12132 13997
9490 12148
8939 7634
7249 11445
6532 2012
11417 2562
3117 2977
11561 4197
14782 810
5792 12072
2597 623
5484 6322
13798 4371
7595 14988
1466 8090
354 14380
7279 7967
12343 6040
13095 816
7892 5717
10035 11588
4201 4554
13989 5639
9929 8968
11586 2951
9729 10480
3753 11495
599 14141
14613 5108
8973 2609
10278 5426
3553 7092
10388 14390
10109 13732
12355 5807
9140 5867
6522 929
11419 3446
4284 6043
11834 14460
12943 7513
10701 14721
14876 1915
13368 11290
4285 4737
14964 409
2568 11965
14858 7066
113 2406
11576 8906
7166 5170
13434 9132
3055 5548
2304 14326
1488 2139
830 14346
13960 7786
11188 14733
6249 10584
1974 6047
3678 12343
10422 8238
13765 13419
5818 14057
7630 12346
5448 8215
12120 8941
13593 2691
7359 10168
13938 8672
13786 1118
8262 246
3246 7209
4433 2240
10752 3253
12013 367
14553 13759
4770 12534
11758 10217
118 10830
14932 12981
1316 8625
8704 9578
5910 636
9514 403
8437 12261
2697 10999
10676 13407
2385 2125
6821 11471
7865 961
4070 2852
6015 6563
12396 12581
7368 5117
10501 4487
10192 7070
8508 14302
13059 6349
6233 4857
2842 1933
5843 7739
3628 13885
11308 7042
13460 4461
9287 12626
12351 78
14686 4249
2171 461
8412 5726
1788 1291
8044 2780
6245 1631
28 313
5065 13237
13119 6060
1613 1757
10440 2053
1555 11818
4461 8204
13898 1826
7992 8721
9607 14864
3037 983
5855 2068
4350 11579
11277 873
8180 11586
4392 4457
1251 8944
5105 616
3371 133
4414 7125
5733 4914
1531 1615
9116 12004
6907 2654
9046 553
11942 14173
2935 114
4032 5521
12797 8376
1992 4522
13157 11586
11239 161
13308 4929
2843 2928
5575 3059
1837 14062
4074 5822
5271 13175
5852 10912
12941 5161
9106 6928
2710 8789
9733 8727
12204 5430
10045 9614
3880 3314
10671 2143
12573 1323
12748 11767
12360 2845
11054 10973
11520 857
12661 5559
7984 10403
7487 10667
12345 10910
2321 11599
8744 566
1785 4583
9027 6052
14498 10916
12097 11752
8053 3015
9057 2174
9837 13214
4901 317
1892 5884
5815 13826
2197 1109
2266 7052
8363 3391
1036 10391
9911 11878
4362 5291
6798 9466
660 1250
7807 10922
1328 8441
10992 8670
2551 11703
7249 14143
2709 508
8453 821
5343 7333
14281 11211
1756 9556
10171 7170
7780 1353
7644 10059
14357 5349
4482 2805
4499 604
6472 12460
1991 5448
11926 12662
3915 6782
10120 6974
2636 506
10038 8658
692 13276
362 1619
11176 3182
3596 737
13853 963
7522 465
1194 11532
9585 2064
6030 7421
11435 11750
8888 6223
14266 10208
182 10233
10842 6328
1830 5810
9992 7583
1145 8562
4926 2788
688 8734
8776 12812
4298 5036
2099 4687
12963 3598
8370 2321
7387 8208
7311 8156
8921 11987
715 2212
10092 4349
12012 11700
3817 13545
13386 2713
14228 10669
6107 7281
9134 5946
12646 5988
10679 2730
10985 9416
12238 687
10509 1556
13107 3022
3359 12223
13246 5490
313 4837
8643 12194
7904 1174
6925 5684
13151 4711
12458 1633
8689 3338
6015 11878
5231 5260
7579 3225
14820 13155
12972 13752
6120 7186
10297 13519
9004 7491
5908 9607
6119 2444
7496 8381
2459 7122
9678 1816
14633 7660
1375 3211
5953 8193
11639 7803
9707 12894
12205 294
8195 6380
3213 4158
254 13470
1027 6226
9449 2389
14076 5458
13212 7830
1115 8051
6061 2845
12910 10312
57 2656
1016 6156
12612 1947
4411 10040
14461 3598
14223 11459
10198 8775
4464 3356
3245 12884
495 161
539 10783
9471 7504
12426 3532
9851 1211
6495 6880
10369 11023
7417 13065
13648 11617
2380 2260
12121 2372
5233 9334
5046 3344
2188 4355
10527 12474
9983 6397
6840 478
8341 1745
3286 8548
384 13550
13836 6971
8137 4420
5838 1613
1163 14010
6590 3055
1638 13006
7935 9320
7076 10
13404 3378
4786 3494
11644 14426
9722 14869
12795 5386
11891 717
12875 12630
4998 3787
12033 7301
7073 4778
13012 923
8241 2175
14262 8988
448 9906
8395 3366
13957 1349
9988 12914
9182 6596
13777 1820
13416 6313
4793 3532
11102 9104
2945 2762
4409 6727
705 2918
5872 963
11476 4112
3116 5718
12543 9148
8181 13264
629 12980
2975 5885
5012 9175
10946 12935
5510 7616
233 9444
2144 5261
4434 9023
8856 12702
11507 12438
13471 8518
4187 14777
9643 7803
11242 1080
5598 8122
14198 13218
6271 2906
3986 6169
10127 11672
14968 11394
2051 9485
13088 6795
3610 2891
11728 11561
14443 14811
4132 7229
11559 2085
14676 12192
5320 13185
6921 10113
7070 3658
3626 6892
6505 2391
2175 10639
14907 6424
1719 14596
9382 4782
11822 4216
1718 11248
435 4993
1989 5705
6563 5919
14037 6701
13759 11136
3648 8811
5956 3024
5608 1117
8534 14650
10105 8600
6258 11859
14533 4266
11731 10684
3959 8659
8166 5407
6220 5427
11699 13636
3741 1918
6482 10839
11992 14960
11060 5091
13290 14009
3305 6874
6092 10497
10456 13210
7173 12763
11046 488
3256 9784
6544 5752
6278 3293
8124 3397
3540 13280
4668 12470
1011 7051
3527 7734
2829 9043
11961 7385
4168 2781
2010 7832
4834 4265
6296 3351
4787 8649
1752 2107
788 13909
2260 12301
2351 14495
3454 11426
2700 10152
6071 1166
12240 2742
9897 8373
8033 13994
14210 10239
5093 7638
2210 9106
7985 9599
14179 12425
6516 61
7486 4642
6956 6976
6084 2278
3617 10634
6885 13585
2976 11434
2953 427
6686 13840
2305 1318
2031 11332
6410 4935
14430 6411
13900 5288
13044 1791
9764 256
1953 11018
5471 43
5918 7544
2343 13946
10139 2877
7811 13961
149 14115
11981 12331
3138 12721
13215 8967
13555 14798
12015 13033
3261 6657
4192 1792
4798 189
10730 2257
5420 11043
7611 10337
10724 10967
9259 8792
196 13033
5411 4853
8904 8431
84 6507
13383 1347
9565 13059
11380 3463
1005 11422
10658 776
9815 13804
12551 11919
9363 14708
1264 1691
3412 7581
5848 3143
1259 6973
5617 7490
7623 13072
8872 1963
10606 4572
8707 10731
9485 7280
14445 4575
14138 10960
12051 1287
7 4990
2744 14758
3663 10482
6593 8963
4190 2361
10881 7444
9121 12483
7740 1581
9683 14343
7168 1951
12518 412
9516 7034
12673 13476
13541 8575
10228 6870
2929 14517
5615 10886
14993 7438
7518 12996
9327 10257
5797 9149
4374 14035
3007 8809
6548 6540
10256 8891
14400 11445
5108 2475
10658 13848
14133 1276
7266 13048
9201 2284
6824 14347
9887 13373
9416 1465
4846 8035
4054 14000
2891 5172
1837 6098
4184 14446
9621 8299
10236 12435
10116 11530
6262 4985
10363 1289
5955 8764
11360 6730
8803 8472
14704 13532
3582 9276
8558 2546
283 11626
1854 9274
14629 6903
10347 951
4701 9368
8269 9787
11719 10581
9070 6860
12452 11066
4315 3741
11159 5066
10015 1870
12825 9431
7941 8471
10559 4461
8073 6300
7996 10029
1363 14051
13356 11370
13292 9480
14350 10116
7136 12872
2376 2062
14659 6985
11279 13763
4136 9478
6844 10886
4916 3433
13107 8277
3209 14870
8868 9465
4316 6590
11303 8909
4627 8104
7157 3589
11106 1343
2993 921
1918 14960
13379 4847
6146 11838
12911 9893
10227 1336
8963 3917
7763 4080
1775 2194
13175 5263
1279 1878
13193 2011
10907 14360
4035 3149
4334 4635
8426 1286
12878 4063
11860 372
13140 1582
1125 6264
8259 14270
6973 10601
2273 6878
14825 3047
9201 8258
2853 6465
13787 11293
3778 9488
11611 13829
9274 7853
3626 11482
14196 8334
7189 7832
10326 5676
1333 7693
5784 14773
674 2237
2572 4788
10051 9832
3253 8938
12604 12021
4186 7222
273 3174
667 392
2825 6324
13182 10
2593 10856
14230 11938
8800 3220
10430 3160
4900 9655
12282 5338
14027 1263
13831 8871
590 7853
7623 993
12349 4952
1512 11884
14314 12627
14619 4270
4490 10139
8839 5692
3801 2880
8029 7872
10810 11283
2718 3826
9651 1605
535 7900
1152 9290
10043 14940
9555 8567
6194 8787
9528 9788
10405 10483
13672 12533
4915 4136
6713 8861
11300 2381
10401 1371
13635 13
13062 4625
6430 12295
7851 11048
12308 1662
7606 11493
63 10578
8612 326
11567 6418
4692 3431
10470 2906
8715 3980
5212 544
12974 14880
537 5288
13150 1768
3440 13906
12853 948
5046 6337
4814 1703
821 6056
14045 11793
11097 2159
5944 6991
12037 4600
9850 6801
12067 9763
8481 12761
10247 2461
12476 2781
11268 9820
14375 4720
8270 6747
6744 5661
11727 965
13264 14783
13533 9833
10587 7037
902 14923
14793 544
14768 10835
8529 7386
6723 10504
6238 7311
9390 12086
43 8952
5805 12710
1415 2691
10234 7913
2122 4337
13622 8328
1471 7373
7604 3976
2527 811
11904 811
1607 12111
7354 3930
2248 8814
8587 2227
7070 5887
8914 10452
6868 14433
8668 10046
12837 1226
14935 2127
4293 5207
1002 12998
1927 7389
12771 5083
14418 7984
8708 2019
3662 7153
13052 11429
7418 1416
11614 3581
13650 9158
5798 9720
8722 7626
2505 10844
10824 14313
10198 1958
4261 8036
8 10529
9546 13322
3657 13172
8429 6601
3742 604
14001 11012
8499 6487
14649 13103
1723 2199
6301 3651
13450 8399
13086 14945
5820 2881
7490 11253
10808 12934
12629 9417
13470 12904
11881 10325
8798 12693
6914 12083
4664 13738
11916 12894
3608 14367
2529 8700
7952 12078
7200 11775
10710 10646
3375 4105
3377 10415
8736 9595
11335 7906
12723 14731
3053 12098
6529 7249
12329 9531
4889 520
12197 1811
368 6317
2553 13344
5325 6911
4418 6642
14284 11893
12042 4449
10266 11845
9666 436
7591 8856
8362 5116
10272 2355
10994 9541
7486 1546
671 11026
14543 2651
4922 8950
13802 10870
3932 11437
11905 12713
6916 4779
3652 13119
12919 2282
10120 10764
7935 14060
7075 4095
11114 5701
14800 2166
4124 4121
10100 5128
12394 11855
1092 409
10412 13253
8395 7075
7626 12576
4817 5824
6642 2848
8176 1607
1415 13098
4900 14427
694 10716
373 14422
3388 8879
14914 3386
4266 3242
1677 4537
14408 14273
4741 11454
2693 5784
3894 6379
362 1562
380 12406
2413 5723
7192 1757
11359 9254
13936 735
7105 13786
10282 5580
10699 1870
1924 2323
5663 11288
13046 512
5181 14020
4188 3073
2214 2939
4569 7104
5357 1485
7698 9360
11059 9610
12763 1326
13885 8490
13613 3920
14670 4242
3845 12329
10130 11819
11670 12267
13401 2511
8893 2253
6399 3283
9464 2003
5381 4715
1049 14005
13576 11783
12481 14362
5335 4964
3204 5121
9363 3278
9859 5333
6115 3252
11273 13320
11391 6263
2149 8413
12242 6066
7720 12180
1343 1108
12491 4650
5330 5509
662 3459
12716 13433
13 8890
2843 7120
14251 6058
14905 8275
12845 9126
12405 1610
1644 6450
13387 12433
11033 1839
1696 8590
14557 6959
921 256
4015 12204
11199 3673
10101 13985
6692 13030
7288 12969
4957 6753
4255 10387
12678 5260
7677 12372
1155 4425
5142 10684
14614 6130
2486 6771
11831 11562
3332 9615
7339 12365
1747 1603
1553 11469
5212 14877
3320 10725
5069 13619
3629 8646
9674 9303
2738 4795
7229 12416
14749 11975
11105 11853
13790 9526
3211 10092
14196 1940
1990 6955
4785 12704
9115 9723
11902 1101
13533 13580
5613 3607
10902 1673
5399 1979
13782 375
5733 8496
9170 4244
6180 5821
4924 2680
10324 4511
14260 13560
7874 10465
10963 10560
1696 10395
12715 2311
6200 11240
914 11699
2954 7993
588 3530
8090 5131
12200 14271
10462 13692
310 739
14387 9935
10200 10025
13263 14239
5200 11017
14437 5734
6968 5931
8335 14881
4859 1344
2708 10582
7578 8649
7259 14588
12469 11186
13187 2487
2322 8349
1914 4146
3456 6578
11270 10873
10882 10991
3723 1021
10964 10065
12199 14122
7086 2909
5081 6214
12446 3705
14073 10857
5874 4539
13101 12813
12219 8457
458 5140
11417 7792
9154 10314
12878 2049
13591 14823
9125 9391
2520 6071
12755 10009
9787 13095
850 9609
5591 10439
5780 2736
3555 7905
6744 13802
6478 5374
2489 8925
781 405
12608 14294
123 13530
9769 231
7128 11121
9143 12401
9500 3130
2913 11934
7215 13887
3072 239
10426 7981
14067 3182
9581 707
13042 7333
4681 9366
11240 11477
7722 9692
10244 5035
14547 1087
11355 13380
4177 1216
9399 6412
5913 6268
5498 9606
7674 9855
2037 4700
2888 14066
10138 12579
6308 6372
11158 9101
7774 13776
4046 10658
7141 12317
2363 12192
3584 3298
14089 880
4635 9969
2506 2383
9990 8726
10679 6127
10589 4191
14305 11735
5487 2786
8049 5955
757 379
14387 10770
3973 2965
9244 2832
13977 5483
2500 4118
9869 9656
772 1253
8085 9667
12168 3769
10680 5005
13643 2868
14419 1592
12497 1322
7979 2016
7459 1364
7863 10916
7640 2920
10494 6454
9079 12035
10790 9364
2693 9857
8868 7947
5296 8982
6117 4119
8445 9554
5311 8785
3216 12711
14269 10598
4121 7575
5622 1033
10868 7229
11793 87
13516 10596
8440 9635
14647 5714
4113 917
3119 399
6704 7690
3466 346
3516 14459
12030 12431
8243 7069
11037 4410
871 6419
3152 3225
4039 2207
12721 13837
3640 6004
1760 4258
5044 10793
5091 7322
2282 10780
6026 274
14467 10979
6811 12573
14047 14095
12081 4394
13775 11830
7906 14820
559 2468
2486 6382
13172 4285
11341 13477
9445 6875
12209 3826
281 10806
3075 870
6415 4873
12559 6869
2852 13278
2381 9210
12618 2488
4918 7760
11514 4390
14704 2296
9949 2927
1082 11385
257 8071
13249 11982
7831 5086
10698 6958
8563 2580
8813 5519
8969 5543
4786 12721
12758 3725
5606 5061
11360 7561
9922 6641
4842 11253
4755 11193
8091 2566
7754 3304
6704 7275
8822 4234
10402 5110
2142 5095
13821 10333
6866 9957
2298 1262
13837 5757
14776 757
6368 4369
10192 1173
9162 8871
8738 5847
7618 2345
2832 6548
5136 5885
8945 14200
2915 4051
3693 5565
13747 13331
6678 10213
7241 14977
7490 3715
8149 6131
5505 10110
13748 4633
85 6463
2454 6260
14457 5405
14581 4829
12777 4340
2620 2714
241 12014
6037 2321
1235 2113
10572 11289
11401 8518
6161 2855
366 2665
7212 10631
1733 2732
14059 1493
8561 6667
13491 14177
10671 12055
3357 7517
4333 13567
14888 6816
14789 13927
3206 12674
11870 2003
14040 11116
6560 12507
3798 13229
7737 9262
373 12078
8015 111
12367 509
12045 4263
5346 1126
1809 11524
9155 2781
6822 11790
6779 1177
12491 7836
13345 3508
13981 818
2183 10374
14133 7863
4305 14813
8288 428
12140 14011
12931 12400
1855 5794
10800 6846
6801 6096
13118 518
5124 6204
12669 12007
12656 10396
956 11065
7013 6617
2981 5005
12028 2655
9395 12224
656 8801
5015 4454
9414 1102
4300 5412
11417 14745
5113 11028
8005 5167
4872 6216
2148 10066
3176 9448
12778 8937
9218 4726
8844 10167
3716 10812
8575 3648
458 11375
91 10654
1414 4638
2772 12868
12317 12092
12817 9478
10989 3258
10141 5676
13784 9463
11316 4977
7655 344
4571 8068
9391 217
11847 8439
7901 2425
3864 9264
1760 5329
8102 3836
13324 13233
9808 12621
11581 13223
6085 8345
6300 2913
8185 635
13422 13746
13759 5176
4499 7377
14217 9347
1188 1842
1986 1022
3756 484
13379 8546
295 4469
423 1682
334 1649
882 10228
14957 621
5080 1604
9236 6514
9356 1428
5505 2492
11954 1298
9385 9794
9675 8955
12443 11938
10308 14309
8058 4049
2746 6156
4959 807
14844 10974
745 7370
5448 731
14413 14601
10467 4783
8449 292
8308 13540
10680 14551
14171 4258
8963 12597
3496 11682
13638 4863
3769 9293
6018 7149
11243 7600
1125 10086
9981 2736
4237 6227
1883 14851
8622 12270
5598 12907
8960 381
14660 10189
7601 14706
10959 4517
2679 13027
1020 9495
14389 10618
3491 10989
1621 11976
10161 4831
11996 4230
11427 3705
6745 10882
10491 5692
11846 3427
7495 5304
10491 2946
14095 2994
1374 10776
1466 11306
4875 2358
4161 10060
4695 4627
8266 4540
6023 3725
14114 4655
7581 10006
13534 9133
9563 14388
3440 6935
2260 8481
5901 30
1156 3178
2382 9883
9131 4036
4811 11290
7940 6229
14919 9936
7667 7720
11835 4878
8179 4034
11753 12254
43 7408
12695 11214
3132 11194
1637 11677
959 4570
8898 12271
5112 8148
8649 5745
11940 2064
12418 13583
4388 6916
1302 296
8041 4920
9919 5692
14269 10558
14027 3760
14835 3082
3276 4739
567 7171
3411 7385
7324 14594
6072 4936
12633 12016
10122 6301
8910 5990
14582 12286
6666 3995
5743 7943
10561 13970
11227 7225
3479 14381
14293 11234
9604 8171
165 8492
6174 5794
4435 6355
7023 8056
6407 10231
13815 1370
4491 2354
1018 5077
7906 3422
6188 2477
1263 11748
9442 13070
13551 4358
3396 12041
8104 7463
10788 11212
5862 4454
14134 6421
13509 6552
6062 9397
10709 4252
2412 11270
5810 756
2102 34
821 2717
4182 6295
9421 14472
6009 13800
320 14595
6448 4846
9494 7630
469 11180
6599 5959
4053 13812
10478 793
9368 6522
397 3803
10217 13254
10179 6025
5494 8230
13488 14819
10578 12373
12184 8482
7443 3074
6886 8284
7810 6939
2195 13137
12996 9240
4451 8436
2437 14462
6661 14031
2042 4041
3722 1908
12855 9073
12761 5158
12663 2103
1163 369
4104 7419
3769 7235
7558 13473
5790 2231
13548 7978
8951 13570
6768 645
3861 12223
8608 13829
13348 9086
8934 4249
11182 1053
3567 4780
7107 6589
814 2466
11397 8867
2185 9878
1319 4779
13160 2374
12274 5606
2362 11687
12276 4980
6393 3233
1077 7861
13556 1030
2018 10371
12771 14616
11673 13359
10052 3334
14224 11469
2184 5700
4344 253
8656 14176
8826 11914
7232 10171
7129 14990
11274 1839
12789 3319
3422 4643
8322 8257
14189 6364
9801 13544
9769 13369
11557 9810
11471 14936
3201 7118
4990 9634
8525 6843
13175 8019
11634 11833
11514 8722
2444 12269
13422 14581
3573 5891
7292 2444
14913 14861
1881 288
10747 11365
5589 680
6808 12684
5382 357
12307 8384
1370 1448
985 8798
13341 14947
7330 7893
172 2152
6655 784
5669 8535
11248 6918
794 4297
13418 2883
13499 9200
10701 7121
3723 3110
8055 2439
3253 3854
7186 9816
4925 14173
2148 14666
9177 12763
10893 13268
887 6927
10778 7673
10663 7594
13879 273
6754 3941
1594 11542
3500 4214
750 3956
7295 3488
5107 1892
6063 10883
421 8464
12879 1911
6351 4231
242 10548
7117 13499
14188 10277
11683 10001
3949 12464
1505 4744
11764 10748
11494 12505
13314 10334
1451 12101
11971 12940
4145 11517
1244 8821
9755 9582
11607 14637
14226 14640
4466 2216
14120 7306
4735 799
1845 13048
13003 7216
8665 3460
5458 12709
1998 10282
11471 9438
3826 14600
7042 13320
5814 1063
6660 11918
14317 8631
14312 10439
11402 9563
2458 3591
9474 11415
8248 7850
3075 5624
6154 8032
11879 14988
4112 6033
14788 11272
14648 770
14321 8173
13601 6454
8532 4444
12723 4308
3643 14220
1307 13576
1462 14284
3995 1099
13479 42
2639 4161
13013 10704
11813 10625
1429 4588
7866 131
5826 4175
7885 14474
9120 2402
2020 6062
11489 9663
10248 6552
8918 10601
14133 5082
5782 12003
1823 7713
10986 6385
162 10843
12334 8981
14692 10466
11969 3225
11895 7911
8593 77
9075 2567
6067 1699
8712 10790
4052 10562
316 10564
8884 4598
2509 8463
4385 7223
13013 7171
7999 4141
5086 10969
1767 5854
3994 13453
11654 1953
3344 9629
7425 3804
8570 11564
11736 14126
1775 10491
12463 4742
1608 12176
5811 9809
8048 9301
11514 8059
6444 9632
8952 566
14263 10024
3156 2373
8382 2965
14395 3124
7039 9383
14423 11655
3408 7904
13940 12613
13278 4902
11764 5761
14883 14552
4634 3025
1031 3550
12868 39
4500 7362
11329 2302
14303 7429
4478 1918
12854 7291
6258 10229
14259 10351
2140 12595
10589 9126
9249 8787
10365 101
9552 2947
2163 4320
1363 7675
909 8175
8782 13732
5050 14763
12725 5302
4097 8601
9130 3347
13448 476
10849 12839
6366 13799
6194 11653
3385 3656
14773 1749
2113 9349
4041 11314
5466 1589
12508 2022
10896 8227
1593 10438
3688 170
4342 4415
14873 12003
13742 14586
7319 6161
13336 10493
786 14834
1733 1195
7862 12554
8977 4778
7670 814
7593 498
6867 493
13827 3067
6836 14081
5795 3657
596 5327
13796 3950
2285 1376
9754 10108
12535 3500
14335 6747
7699 2022
12115 14894
5546 9514
1534 12510
11983 5616
651 7031
9166 3429
3408 9939
7796 12273
5250 7531
10075 7907
8952 2588
8749 1204
12590 12541
8463 14813
10900 4991
8745 10042
106 3172
9204 8246
7672 10145
5739 971
4145 11269
7469 10292
12341 11220
14230 12069
6787 4156
11575 7347
4403 12728
2132 4369
13466 8388
13763 3980
11247 14131
10128 10715
4978 14703
2083 1986
11606 13912
11884 6194
11626 3841
2297 1808
768 7456
2752 13771
2260 73
7232 6815
6584 3537
439 5930
3616 8780
10204 4435
10828 13259
14158 4105
3542 2082
12778 11903
13987 6694
12876 14147
11855 5947
12395 13037
12788 3178
9907 1158
4998 11918
4017 2703
7334 13915
6172 715
1001 1934
4576 7166
2694 13320
6044 3157
135 1025
12530 12925
5305 11428
3453 1806
2330 9598
2741 3285
1705 5251
14236 5404
2115 5805
1465 13429
4199 351
13298 6188
3835 1664
9890 13685
10623 10691
7670 12669
8964 3080
11739 11795
3598 10496
800 1473
2036 7544
5514 12617
14295 2498
5762 1856
2928 939
14898 6009
11747 5856
11784 2103
11918 12506
3178 10332
13862 1633
9199 8169
9871 3238
513 9383
7120 3828
5313 11111
5276 2269
13681 2230
12958 12341
2307 4398
9334 1253
7009 14422
9361 5117
9681 9400
7240 9619
12267 11100
7047 10121
4724 10490
4464 10514
3411 1323
14817 11470
9051 1805
3896 12287
9226 3514
12814 14364
14849 300
13838 5661
10476 255
8884 6498
7599 13927
12044 4895
6868 7761
1863 2612
651 11743
12114 4397
13524 8219
2738 10000
14241 5047
471 10949
6297 8250
8230 7988
6797 13659
7968 6181
14527 6045
3200 14623
13397 3524
6438 11983
8831 3610
1380 4475
3928 13090
14701 7058
3850 13480
1151 1124
13455 1035
2287 8557
12272 12867
2125 10647
344 749
7326 4606
9884 13473
381 11705
6081 7679
4016 11350
1869 10210
2329 6029
8882 4467
3779 14055
14084 2214
2051 10919
14056 6513
10272 13620
1562 9214
13205 2926
2799 13837
332 9840
9418 1974
13023 9511
2141 8209
12507 1622
3325 3567
3264 6887
377 5753
11764 6099
8303 7024
13361 13185
10310 12955
7082 11049
8212 12985
3224 2996
6976 3981
2418 4369
12778 1536
7496 3027
932 8067
8423 7511
1161 13351
51 8318
12116 8543
7381 4004
4276 11918
11313 11001
6173 8679
13917 783
7324 2149
8712 1463
2406 14891
8835 2908
8268 5935
11467 5566
13818 2973
11812 14917
11733 2415
11861 11098
7979 5470
9753 5375
12344 3681
974 8920
12786 14696
10395 2467
3137 13978
6172 2304
184 3477
3869 7131
6147 8573
2031 16
5693 2193
3309 2104
429 1621
10496 10122
11570 6492
7832 3398
204 8431
13528 2796
6436 3326
9745 3160
5690 11163
77 36
10713 1358
250 2002
923 5010
10662 2235
12795 14229
10089 4761
13607 12159
4743 3500
3776 6748
12226 4680
8641 1543
13419 14352
972 4535
751 10583
11044 13420
9113 2601
2288 10888
12778 5358
14113 4197
13982 722
7618 1713
529 13635
187 6375
3301 7170
7545 5171
12410 13740
1860 4924
11010 10888
2947 13839
1928 272
1216 5928
14612 4214
9357 395
14799 11900
7651 7776
14905 6330
13857 9329
10050 171
717 3014
3606 8980
397 10599
1431 10873
9795 1053
6580 9268
13852 1628
9196 9753
3447 8562
1777 6521
5863 11164
5043 9375
8480 4448
1474 11738
11000 4748
2813 11555
7689 2360
14672 13882
9819 6953
1868 4246
866 7492
8486 6036
14489 6328
2980 6944
5470 5781
7897 2041
14777 2728
13787 11788
7523 5720
5286 9095
5089 7480
10628 2001
1709 7774
9747 1235
14806 9067
2257 14481
10301 13688
2649 12499
836 82
9913 8625
12509 10683
2400 6983
1282 2653
3836 7108
483 9747
11543 1699
10208 7994
13340 5074
9638 1807
7276 13400
12814 3876
1094 5029
11123 554
13947 2510
10382 4301
14870 6102
11 12751
2961 12772
79 12173
1015 6865
14863 11252
13577 11104
5760 12153
14911 4714
2409 268
1447 12142
5043 10168
14026 7986
5194 11613
5375 6179
2500 11151
2861 13790
3213 13466
8826 6485
4327 13913
11513 9891
355 4182
11570 917
12317 647
1870 4484
13725 11505
2619 10403
339 10530
9664 14234
9768 9972
9430 4852
12193 11159
11950 13138
2184 9109
11569 2376
6081 1418
1118 8521
1030 4899
3278 4158
5492 7240
5493 7354
4471 4552
2424 4883
4886 1113
8284 4505
8158 9535
13796 7246
13729 3522
4180 6217
11056 1331
1521 4067
7834 916
3236 7938
2922 14746
13830 7804
14265 442
6496 10003
3927 12556
7694 9062
3413 5589
13294 1067
10235 7424
97 8147
6188 9204
7411 3582
8621 430
4509 12654
11345 921
10622 12111
3946 13559
6833 14892
14096 1104
5126 9181
14092 1199
4997 7274
3687 3794
13502 1694
11619 5215
10789 6059
12358 2225
4658 904
13383 12626
7294 7079
5545 11641
8984 4633
5468 11986
10157 910
13233 14954
6453 12997
9464 2933
12480 10617
5170 10559
8223 954
878 8182
12810 6222
1476 1805
12619 14404
12585 12218
1182 9703
5490 9184
11547 11338
5009 2255
2792 6530
12313 5768
12074 2421
14905 3436
597 9861
13144 3973
6320 2243
323 11598
10053 2539
8311 300
6319 3077
299 11715
3873 1544
10919 135
11831 9361
5425 12971
3722 9057
11034 11857
11465 82
1182 3110
10203 1442
10906 4651
6513 571
4887 5727
6923 2254
2271 3699
9038 7510
2963 7557
1573 1041
11230 1113
1748 7497
11641 11529
3530 253
3379 11511
8295 6131
5890 9501
76 6358
14324 2778
449 10359
8308 2486
5945 14063
3854 4089
11314 2246
2187 192
9695 1956
7839 1308
13988 14815
3316 9158
11603 7237
12147 5940
4094 949
5523 2010
1721 2454
6780 13732
1049 11494
5342 10189
10486 7876
3581 7230
3546 5254
14649 1306
9745 4076
6289 10345
5192 10246
4680 3949
10913 13800
3397 5825
8495 1291
5561 13351
14762 9140
8564 6931
10466 2213
2524 311
4673 9068
8972 9918
14686 1628
12010 14976
9301 14811
3526 12191
2951 244
1152 6833
12396 14381
10569 7585
6855 10036
12892 9108
345 12531
6518 5111
8617 6099
5911 5640
12119 7580
10579 8964
8997 9962
7851 5992
3338 4996
2478 12069
11438 10491
588 10919
4859 14790
5726 13983
2835 578
4079 10601
5975 13615
1998 14224
12887 14067
12221 5795
9794 5242
10254 13843
3719 14693
5539 11651
5060 11420
6441 9137
6373 9922
10476 13546
13922 6201
507 13833
1523 12318
13093 3088
3922 6909
8109 9696
8513 2559
11658 47
14237 11276
7196 9531
664 9964
12689 5995
13503 13071
12765 9417
7588 12775
2690 1803
8149 3132
7906 14902
5761 2045
4437 14706
11236 10936
13757 7440
14964 391
4863 1867
1017 2154
12350 7157
7382 6319
12422 2043
14420 13613
14541 9651
13370 12450
5500 9909
4487 6073
3434 4221
74 2709
11902 12082
4977 5048
12848 13716
3176 14721
6614 6006
8985 1440
2867 8454
6172 11308
11140 1157
11386 14168
9223 11186
6532 9439
719 9525
45 2725
5474 6098
2121 2108
11742 7290
7648 7063
4127 11128
936 8856
1038 14126
12831 4464
520 12539
14740 807
3386 13210
9005 7805
3266 11817
5177 10231
11641 13387
5870 3798
3074 3671
9143 4510
2337 12167
5530 5974
13994 1735
791 11421
10766 12601
2064 9754
2801 10532
1188 5979
1458 4700
9785 7653
6544 4891
10790 7481
11225 3059
10131 6273
2627 5578
12515 11602
11949 7104
14757 9566
5200 8011
3480 13619
7087 13671
12683 11562
14196 13249
1755 12536
6332 1710
12202 1820
13509 1923
14985 10290
3756 3314
11931 6419
11524 9141
6291 12863
13927 6317
404 14148
64 1066
1817 12453
12731 10180
9683 981
3727 588
14116 14075
4892 13437
2235 5448
1819 11106
12197 505
7808 1503
3648 2813
12670 6203
14887 9394
13022 651
2449 2240
9845 7364
14376 3136
10301 6225
11084 9584
4057 9242
3781 6380
3911 11706
10645 11275
6129 1566
5781 13967
5290 14953
12029 8399
4593 10657
1483 1833
11156 7867
10023 13899
6625 4243
5564 3652
10627 10053
9648 13623
12035 420
1182 4066
3773 2202
9808 10585
6140 12193
9002 8577
6460 9541
13259 13791
4240 2613
5109 1687
4423 2302
7240 14469
2879 12609
4142 5090
12428 11945
7459 1745
8302 10917
6363 10615
9195 14526
2565 503
9057 8340
6103 9655
10396 3833
3474 2442
9917 10064
12554 5962
1471 14192
9856 2166
7497 7490
14409 6972
4891 12109
11689 2252
1201 7616
957 10163
940 7329
5028 12579
7912 7212
5099 14483
4920 13455
5323 6494
4678 11367
5641 10753
2866 11735
13101 10664
1459 14981
4689 1420
5434 11774
12987 3573
282 546
3908 14237
10244 3972
7045 11999
13878 784
5735 6406
9000 7696
11440 12077
1074 11220
1468 11119
10263 14908
8016 1279
12118 821
7021 6154
9050 5046
6330 14579
14 5039
5693 3978
1356 8806
13424 10404
1625 1353
677 8745
11732 9470
8860 14189
4922 12628
10473 14553
7047 515
8480 1805
10434 1690
11525 1038
10422 11942
2295 1651
4374 10834
12245 9617
10566 2514
9834 8079
14168 7685
9990 14028
1752 14465
6987 9523
745 7579
11108 9690
10117 13388
4961 12526
868 5441
1652 10919
7489 7383
6902 68
8026 13145
2180 8465
8136 304
13774 8807
4477 6788
9561 7753
11801 12391
6968 2005
2739 4324
8947 6355
7008 7005
5189 10593
9275 2945
3809 14297
3028 11254
3567 10139
55 4039
2434 7484
5762 6993
11774 7233
8572 2722
5313 8618
4114 4055
12397 6141
4496 10923
1657 6046
10722 6027
12688 422
5154 12359
2269 12082
3765 5918
7795 8028
2711 7426
9838 8664
12356 9697
5131 236
480 8139
7383 6140
3491 7930
7232 12904
5665 13288
13801 12636
876 3328
3151 4779
8154 13208
4296 1262
13156 3838
1732 14912
5527 5769
11529 9863
5953 4687
7016 12946
3767 11379
8721 10940
431 11218
3233 167
5043 9918
14120 9146
2156 8485
13608 14142
12130 6977
13679 12984
4174 1897
805 10393
3564 3158
6030 7942
4716 257
1333 10511
7912 10496
3125 10236
6577 1352
14129 2500
12835 5573
11997 3584
6217 7190
11343 5819
12766 3754
7146 12441
7535 8859
10490 88
2038 13675
4299 7148
5724 8415
2500 11075
9880 2952
4981 1160
11351 11023
7381 14365
1621 11955
9658 3964
4560 7168
5421 12308
14226 1986
7602 13735
4358 7970
4846 9750
7256 8069
4928 3747
12679 9467
3395 6641
280 6348
1064 6653
4447 5124
7983 13895
4799 12689
1116 2858
14892 2869
13360 1706
11642 5692
7195 8236
5237 13939
4058 14870
13321 304
5494 8152
6469 3871
2799 4331
3537 1192
13381 8562
9299 5594
8042 12493
13955 6583
2051 7263
8333 2820
12866 19
3621 8389
5775 3562
3638 10442
89 1346
2127 7650
10195 3463
6517 2734
2729 5838
2998 4321
12837 13668
688 11046
11478 1690
12257 1591
8273 11068
11998 7527
5537 541
2290 6167
4852 1078
4933 14145
3024 6457
4597 6625
10729 13064
11231 2613
11545 12684
3267 9485
11576 7282
6529 2442
3580 2298
11883 11261
6899 12040
11385 10038
1857 5655
11470 12959
11888 6801
3315 6347
8998 1027
5507 2124
4918 11421
2157 10715
2103 1916
12106 710
13215 2434
12369 13206
2145 5674
10205 8006
4347 13843
5425 11409
97 6129
6945 6291
13192 4563
5278 12834
3083 4756
6955 1224
10403 1761
2106 9053
11560 14615
9530 6027
9180 12853
13336 4229
4259 5191
9515 5878
6354 14308
356 5611
1492 10694
4544 11573
2990 14091
11606 7113
5646 2295
12365 3921
6114 11846
13322 7900
13636 531
12674 5794
3805 4691
11839 3268
13754 13469
12377 8600
3871 11171
7698 2010
576 13743
1557 6813
5819 2753
7391 13708
407 9699
9186 5402
4584 1639
1029 3581
10410 14544
3683 9907
9184 5710
14379 10952
6217 12676
8054 11023
9109 9633
9089 2445
13709 13202
1966 4270
13309 1489
3449 5780
6229 4603
5590 9314
13302 7384
2306 2696
8966 7767
1108 7317
3941 5412
2414 12554
12893 8880
13397 12213
14200 9653
13280 2405
2704 2043
3442 868
6846 11499
4884 8988
5157 7063
13560 5752
4265 4999
3275 166
240 2765
7964 5876
12898 9535
9683 11826
11416 6908
13682 2360
1259 663
6717 4146
14552 13656
9273 214
1357 7837
9713 3642
8946 1236
10955 14401
5833 2719
5314 5511
7805 6953
1833 5632
12872 11057
9208 3635
11316 10781
5445 12226
12524 14671
5743 5225
3081 3503
10883 4235
10778 3105
1519 4768
11302 13724
13925 13096
3264 14022
14886 10876
1777 10546
9617 3739
11105 1878
5198 7793
13959 2929
14834 8475
4673 5460
12161 13940
8259 13743
1153 4736
1304 6198
13188 4113
6205 6996
5147 10972
10326 32
12059 6650
9391 5089
10838 7017
14333 5306
6548 7464
3430 6974
11229 8959
4591 11897
12579 9647
3056 11550
7587 11371
8159 14206
112 1291
8438 1348
13765 6732
14167 11693
14469 5638
5406 12549
1215 14919
9781 5994
4596 8710
7874 2784
14677 200
7449 12574
4364 11174
7370 3406
10566 14649
14033 7338
1032 2674
3956 11760
6041 13973
11204 11747
12862 5902
8356 580
10692 12694
5600 9928
14002 1501
12954 12583
2985 13493
13010 12365
10942 11741
7768 5049
3588 2944
7234 5481
8584 5740
1049 8382
11765 3507
4879 7210
14232 9411
735 12851
5607 11468
13810 6706
2579 2174
701 9555
5112 12845
7528 4561
10540 4155
3930 13209
9583 8178
10727 14813
8779 8787
7045 6086
10655 5834
8156 8873
10411 2375
11964 791
13799 9859
9544 441
10917 7041
10218 8168
11199 12922
4315 3426
5746 5732
13326 150
2492 2980
10318 8523
5690 14487
8629 837
7453 2505
13539 4177
7869 12420
12821 14180
9948 11429
4459 7177
13990 5514
10232 7713
4071 11400
13328 6006
12632 11290
13763 3454
7108 6296
11694 8455
3940 8970
3470 11797
7235 11557
12263 11348
6194 9019
10348 6591
5733 10063
7001 7955
10718 11914
890 5983
6291 3164
11790 14238
3391 6043
14138 4495
13078 2493
14429 3720
7675 6298
3302 4362
10122 2620
13536 981
11343 5960
3766 9874
4961 13993
2773 3095
6244 9029
11227 14258
14979 6984
12138 5253
5389 954
1340 11806
11942 12670
13342 2854
9657 14888
8890 9661
7164 4122
1343 14751
9244 13578
2075 14743
14073 14925
7996 10424
5017 699
8694 12109
1618 1454
1614 12449
4097 14032
7589 5427
14003 10746
7174 1321
7800 12381
6805 9301
7660 1629
6029 8924
387 8279
4709 3852
14972 12068
14723 59
13707 10796
10290 8282
10569 2667
11267 8096
7351 14149
7711 10260
13344 4617
1263 14722
11145 5313
1932 1300
4968 5802
6811 12162
8606 819
5780 10573
7788 1649
8050 13844
10696 2506
2502 10065
12261 2079
10929 3191
10833 12723
12839 9549
10706 11381
379 5081
3253 3163
4917 12004
14068 13751
14724 10563
236 11524
295 1111
12039 9087
1515 8369
10566 2792
5585 7182
7218 5469
1852 1819
3230 14139
13431 8025
4967 2681
1615 6908
8014 10320
12951 13772
4120 4261
10003 12256
3663 13626
10768 6105
5625 5066
5142 4684
12025 2416
14146 66
4809 11667
10737 4008
11635 9816
2258 14528
9056 6410
5782 11672
10730 6221
11729 2819
355 12929
4414 9933
5107 7710
6914 90
3446 58
11452 6749
11346 10499
3500 9357
281 392
1769 14875
12148 7105
11859 99
7488 6694
11755 6242
1690 4577
6587 7278
6397 14484
6530 13994
4493 13722
3585 7650
12795 14346
6707 9374
9920 7785
2986 3379
657 6431
12473 12436
4119 8894
2243 9718
4521 13838
4401 3065
235 6554
8947 8152
3291 1193
12854 12450
3656 1753
7159 4124
13359 14884
4083 13563
3279 7955
8785 9362
13394 819
13844 12139
5078 5555
8460 8060
9782 14519
8199 7652
8181 5263
6047 6585
7990 11921
11181 2376
5857 2798
7656 14254
1145 1299
1459 8208
12375 6509
6063 8208
10825 9968
2452 7758
1414 8602
5327 8912
12577 13307
10753 9324
7019 4736
7224 8442
14320 7438
483 10411
9561 13959
4136 10415
9905 7941
2807 6606
14337 11731
7460 10378
3449 4334
2576 3262
12286 11701
14230 4302
2724 7391
9182 5066
11000 3028
1893 1083
8664 4550
5135 5459
3311 7662
8405 3828
8393 14657
4168 12949
5833 10639
4481 1224
11453 13493
6916 2549
13666 9977
673 11242
716 7437
8883 14535
13097 921
4354 9141
8924 7376
5462 4003
1207 1811
6695 2287
6389 9704
8333 5418
13190 128
9470 13877
0 2551
8543 8787
7849 6630
1476 9922
1443 4332
2460 13396
14435 2618
11147 1522
12101 7777
5209 1423
8132 5501
13174 2470
14626 8285
5172 13839
861 2777
6768 11880
14304 3748
6356 11120
8749 8327
943 7244
898 13510
12242 13593
11052 12519
9401 6322
3915 12048
14463 6957
3767 6146
3025 7277
6510 2521
14353 3448
13844 3118
643 5769
4289 8342
5787 1083
5268 5329
11210 10678
10459 10176
4961 6446
4498 2827
7151 1674
6735 6759
6055 3508
2510 7447
159 14920
7883 11354
9342 3231
14594 8106
17 4090
3569 13160
1709 10728
5366 4415
8588 3198
10578 14717
11528 9040
9663 6086
14883 13160
133 7202
11414 6284
10341 10275
11658 12397
14869 11450
14134 1302
7250 178
14159 1583
13777 5663
7032 6602
14261 5906
10701 7917
14813 877
6470 956
14267 6270
3733 1736
2572 8483
8495 8498
13510 6773
3747 6472
6903 1099
14372 2282
1092 12573
9728 11086
11793 216
3808 10806
6382 11074
7332 3985
4165 9819
8657 8010
4386 7403
14731 5250
11174 2537
14502 14514
13097 3216
1066 13520
8658 8394
11947 12763
1708 1209
11648 7421
2287 1904
2372 12377
10009 12074
10345 10640
12277 5064
14658 11791
11695 7483
119 9067
8903 685
7275 9292
5768 3581
8651 2784
2360 7678
8038 12664
3214 4602
9356 12010
14960 10364
12720 2445
10946 7613
10309 14089
13790 6944
13633 14073
145 9798
9426 5081
7668 168
14488 12646
3979 2563
3609 5877
7852 9130
5148 11282
1512 6425
2988 1865
8403 8699
8220 3774
7258 726
13279 2666
12190 5839
6938 14259
9403 7866
6082 5120
10551 1205
14618 13085
7577 11718
4155 4267
14593 13938
6192 323
11901 6960
6020 223
2076 1811
5756 11071
487 10882
11049 9256
14636 1567
9078 7659
1388 8713
797 8667
10148 9287
14571 9384
9552 12469
11790 12639
7973 11362
6193 12007
3487 22
8970 1741
5563 14225
6347 3188
12856 6992
3668 9744
14496 6303
4498 1539
3742 9911
2171 586
7680 5923
4733 7214
6836 4747
7013 2061
40 11830
9872 8306
1113 11873
3100 13101
3741 9027
13074 13971
7856 4305
14902 10574
5364 13314
12841 13771
14511 8972
14515 478
14761 9993
2563 4182
2180 13976
9118 1247
5252 14447
1019 13062
6843 11808
11057 9754
7645 6033
4594 1600
12932 8244
652 9554
11743 7751
5395 7762
3986 6008
911 5393
174 11807
6228 4701
13684 12244
7781 3081
10547 5178
4364 3866
4734 8935
8002 13971
13327 12810
2424 10154
13404 3288
2794 8055
8391 5716
949 10751
5573 7043
1836 3269
10408 9512
6121 5878
1346 9088
6447 1412
145 12473
5208 50
6042 7313
2585 3921
12353 2079
3567 10211
6979 1347
6532 6172
12057 2818
3575 397
14016 4138
3712 11865
1094 6136
11309 6018
5616 524
7847 14613
4836 7675
6632 11860
8722 13885
609 780
5742 14045
9252 12750
2375 12785
8497 3637
3609 2738
5912 119
8413 3126
7987 11484
6059 7167
13458 9968
449 4401
2138 8979
12726 2050
10606 5157
7908 8095
4145 9041
976 664
4235 4825
13886 14932
14328 13876
6009 2570
2735 9603
10131 12700
14331 3489
13591 7223
13015 11717
14823 8606
5954 6375
183 8473
6326 3253
10666 3085
1328 8587
2217 13817
1441 10136
13716 6652
6279 14752
4894 10038
10010 12931
11747 4150
9460 10495
5825 2765
6500 11988
3032 10887
1999 2039
2969 2045
11996 655
14523 6167
13759 9743
3118 11616
1528 689
11975 2637
14273 173
14836 8873
6955 1104
7133 5701
6630 13740
1649 4210
7078 6513
13704 3110
9182 10452
4248 1209
6419 6299
11921 10503
7965 3732
7827 7401
7952 8401
7756 1727
14098 13817
1778 3116
12909 12704
1527 12337
11617 10728
4348 1701
4161 8641
7905 884
3357 11710
1033 5630
3059 2291
4721 8842
2741 12415
8101 9390
4880 10938
7946 41
13754 4267
99 4529
1574 4028
12486 1493
11151 2706
3913 2154
5171 449
6591 7984
1124 12308
5761 5431
1382 13806
5925 12423
7095 3787
6524 6307
2664 4817
3809 7238
1352 9035
14771 1866
5179 1383
5169 9688
12695 12169
11731 2728
13007 258
4258 7505
12271 6715
10954 4023
11285 5702
4924 2889
4095 6882
9089 8499
13573 8974
10039 7846
174 12360
7909 7928
6108 14984
3239 1428
2038 10263
3299 11232
10644 7981
3827 10824
4572 9798
9780 8326
2165 8299
13228 4352
8310 192
11975 3264
11519 4412
934 5506
5116 962
12041 11093
5376 14856
7739 5459
1044 6662
4202 3876
6846 4115
8914 7645
1655 12689
6268 13490
10976 6710
6213 12553
12621 10339
7353 1184
9174 9945
10886 2282
10718 13554
7821 12500
6440 4582
11345 2180
9452 369
8371 13198
11437 7204
10346 13455
7463 4536
6588 5449
8664 5758
7253 10942
12438 2831
10020 11488
13583 224
8670 1902
5401 5573
9059 7438
981 14100
8007 12709
3886 8179
977 8968
985 2722
9413 4066
12637 12222
12548 9384
2745 2876
2917 9989
7833 10634
5665 13517
5962 14997
13377 1673
5307 2509
3775 6705
11022 4553
13810 9529
7335 5717
14450 7778
2642 11344
4722 12279
3767 13671
13527 12694
6006 3395
11284 4165
10512 10014
3022 7412
6692 4887
10930 6659
10556 10461
8690 2494
8840 13214
10589 12348
5147 9967
8297 696
11808 6998
8465 13672
11712 10328
7418 6332
1649 11853
14075 14379
4398 4709
104 6941
276 3390
6420 2715
8784 8625
945 13960
14596 7263
11912 5062
5602 6800
3244 10367
1867 2987
7344 2550
3574 9725
5480 79
10951 2805
12313 11511
13185 14126
1200 797
11105 1362
12722 9618
326 4974
7755 1169
13003 13513
10624 8679
11645 122
12410 13859
5085 9719
6066 11176
6196 12615
5345 13649
337 2299
2054 816
8517 13932
11405 12020
9199 10267
1228 4164
5797 8566
8987 723
13004 5043
13063 653
1674 11482
2223 7652
14465 3230
3091 5740
10439 14942
13618 11373
659 5390
7420 8078
12346 689
5142 7798
1983 11996
8234 835
7788 1659
1504 11856
6954 5006
6588 9195
12182 2661
9560 6501
13937 9497
11211 3113
4456 4477
9037 201
13870 10768
8600 11919
5924 5440
4532 11541
12330 8087
6662 8549
12671 8233
6679 9164
12426 625
5108 10230
13031 11046
13570 8653
7740 7570
3152 3153
4916 6709
5149 10219
13620 2702
448 5185
3212 3419
12413 3404
5765 2634
949 11929
13286 1878
4976 14167
11073 3516
5949 12
12502 5156
8484 2059
5021 6499
12765 7798
7084 8290
5061 13138
9433 3900
9588 5804
2760 2195
7689 8467
6188 12763
912 10673
9814 7259
1754 5846
11121 11914
9182 3202
14256 8798
9212 2462
3089 5122
8690 8333
5710 907
6164 6576
12026 8889
6313 10806
14891 529
6319 1691
12407 7216
2245 6571
10816 14847
3476 5122
11311 7217
5659 5778
9703 9438
14512 1268
3522 5813
7297 7575
8393 7698
5262 14145
1611 12683
1983 14594
9176 12709
11885 5284
4601 3621
4854 1632
8408 10335
11116 10262
10012 9046
349 14961
12 9447
8434 8742
3052 12117
3892 1250
1984 2946
7220 8853
8881 6216
11856 1793
13904 14249
1724 11068
13430 6809
9726 1330
6848 11727
12890 13547
13693 5457
858 2181
3233 1217
11727 156
4627 14991
4765 5920
12922 9530
5568 2230
5788 6411
11430 10032
9004 7832
10969 8553
11299 191
3326 11975
12902 12553
7048 3706
6011 6610
12038 6320
837 4273
11701 475
1273 308
4733 8047
6046 3628
7898 6179
894 7762
12700 13229
916 7052
8447 1226
186 7038
9075 1315
13766 13417
3530 9004
1084 12487
10244 1238
12931 14344
1771 14875
11322 921
2950 6215
7848 6711
10019 13195
2251 3634
3250 9269
1450 12431
5987 7695
3219 8098
12559 2866
1006 2218
7988 1734
3678 12495
6624 7241
4734 12308
14978 8245
10541 10423
14222 12592
1091 1427
