6000
12630 278
7548 821
7253 13352
10208 11407
5144 2240
10612 11986
3589 6283
5564 9151
2398 8013
12029 14819
12349 11668
9587 2580
884 13089
1215 7360
1897 3512
11305 13814
12588 13543
13882 14122
13341 11929
8274 12671
6994 1552
5930 2413
4372 3980
11868 9958
7846 14768
12566 9744
11639 11463
11707 12527
3367 4199
12484 8751
10878 3187
12705 9859
4673 10379
1524 5486
11851 2844
8655 2836
5244 4659
5637 12912
1427 9705
1367 13091
3560 8909
2683 3254
5046 14049
8140 10585
9507 6615
6709 974
11004 12933
4094 6047
7409 7557
3266 2471
5106 13466
1792 1822
8099 1093
556 1096
1915 14317
11086 2419
1520 2656
9277 12967
12915 12420
116 381
6239 10190
4130 9882
3223 13560
12582 11214
14504 10644
10444 8216
7100 5424
1111 2142
1726 5882
9940 14044
14048 7112
7777 6348
5783 5190
4191 930
8047 1802
7249 7635
3784 4142
927 2052
10679 5595
5701 4138
5436 14142
4025 10850
11483 11533
1834 13469
10610 5054
4983 11973
469 8760
3244 1522
5494 12082
542 12980
515 14635
6020 7956
14485 8142
4618 14277
14166 9421
11257 14745
10408 5454
4597 5762
4573 7727
3253 9952
8767 9020
14785 8062
8783 5208
6365 4041
8886 12814
3874 4848
4345 12434
1607 10246
14603 9910
8466 9196
3418 11338
4899 11907
3505 300
3811 9932
5029 9383
6209 11968
7826 3501
1611 3826
13275 1022
12312 69
6130 4772
3306 7808
12163 13304
10357 10432
4270 9087
12288 9979
47 9687
9083 10411
3680 14740
9150 13796
2701 4949
8538 543
14642 2158
12583 8844
7981 724
5826 13107
1440 1719
12160 559
1854 10053
14043 6412
8027 3503
1613 8424
12196 9430
9559 14908
11983 1046
4021 12857
556 10642
4357 7151
5781 3634
10303 1213
5102 5945
14603 3826
6954 12826
9583 14625
2045 1612
7940 2826
4388 3201
6769 8486
10078 7515
6359 8696
8988 4373
424 2377
11723 10147
8186 5220
5885 646
9544 8690
2682 7323
6067 5176
388 12069
1657 9662
2241 5569
11287 6096
933 14819
6599 806
6449 12547
10383 1490
6178 8350
4018 216
2735 12937
1291 12927
14756 1573
12093 1200
3082 12609
998 9312
12957 4659
4285 6737
3957 12616
3776 9593
3010 14435
6282 4709
13261 6762
5761 6743
958 11224
932 5253
9454 5773
9817 6457
630 11610
13822 6054
853 14352
10270 2734
851 8120
754 5293
3732 11365
9646 14823
3661 5996
9369 7366
7213 2981
3954 6443
5627 12921
13470 12527
7674 1945
11338 2078
6404 4680
9187 14087
5068 4435
7679 3717
5664 6926
3772 13854
11972 8027
6699 409
10079 2792
8665 14556
7001 6358
13562 2677
4836 4559
7167 9763
13942 1443
11235 6744
4196 13693
5028 13306
0 13077
12952 5244
4932 3211
4094 8998
8336 14849
358 12143
6627 11897
11121 3856
5086 3369
4748 2094
4333 294
10022 14281
9212 5124
8718 1914
6645 10769
14266 360
1068 12196
13587 3262
2280 3363
3293 5527
10600 1375
11238 14805
3448 6385
4850 13640
9868 3708
8958 10205
6848 14189
2175 1819
190 13169
4189 13729
3993 5643
10551 2337
11041 1361
12368 1543
90 6786
9457 9470
13965 9257
6320 8998
1285 8815
10296 9394
4564 12421
11459 4475
4131 5534
5452 4147
11885 13643
10920 2011
12906 8193
10825 10831
7700 10009
1756 1475
5593 3340
11131 3346
1627 6109
13365 5394
8189 5637
13667 3417
6589 774
11011 12186
3323 13731
2878 8106
7707 11822
2499 2914
12844 14631
14200 11522
5352 13226
12231 5998
5235 14199
6369 13158
188 7600
11089 13411
12404 4692
11209 5061
678 11553
12786 2991
3516 1746
12981 14934
701 5763
1474 649
12491 10493
13016 6056
13647 1375
4046 11722
10665 8693
11521 3761
6596 6965
2903 12672
9599 3323
9962 8508
12879 13773
4381 4852
6218 5899
8528 2388
4845 3290
11676 2186
7348 13152
4593 3030
6397 10652
3710 13849
8786 8720
8428 14909
13141 1941
7887 332
1186 4676
8455 14752
7359 3659
8672 2791
5004 13056
4343 2303
13023 3296
4585 11536
5424 10695
6831 12126
14810 8753
134 4274
43 3117
162 10124
2691 273
14465 6376
2972 13356
3992 593
10649 12855
13138 14266
2306 5227
14540 9106
8233 13345
14129 11315
714 696
5439 12349
7120 9804
525 13814
12555 834
6414 4178
5935 7918
10261 4794
13887 28
2949 3231
12048 3775
7738 11044
4244 13400
7861 14226
8370 14245
11752 7024
1168 4678
2238 5263
6225 9902
13173 3203
1626 4891
13991 12001
10198 9492
11714 13483
9246 3394
12643 13538
2375 205
7376 3039
12405 12760
3051 11456
13001 4796
5488 8377
3412 11850
8187 831
3553 10560
11542 8672
6012 9778
4561 4513
3466 4728
14583 5860
8034 6472
2204 184
8065 6243
14877 4733
257 5265
3989 1081
4559 5274
11276 2868
7839 8174
7297 517
6773 8018
13541 1884
11520 11769
10809 14370
8060 3663
14334 7874
235 6417
7968 9933
13453 266
13121 445
2198 651
8280 1700
12222 317
4186 13188
1812 3475
13105 1096
12082 6416
8360 3307
11149 11298
7237 152
6587 121
7118 4993
13040 1896
13179 2466
378 11893
13401 4253
7952 353
14220 1625
5573 5332
8468 13284
3504 9723
5526 8917
4875 8056
5655 1196
7586 2097
14457 2581
5259 1990
5711 9472
12497 9956
640 5488
5567 14084
1717 4194
11513 858
10610 10867
11856 14247
11350 14386
7124 2945
12035 10052
10019 564
11624 12884
791 6593
802 3512
7107 836
2965 7463
7194 2082
2924 12345
12316 993
2413 5190
1195 4545
10731 11008
14201 6415
9947 10927
8563 13197
5670 11718
4160 6758
5702 12451
12560 364
5821 4145
4653 6153
2400 2216
10503 3001
14458 8182
6430 5331
9123 7330
13440 2321
14390 13476
8280 2430
8283 14448
13638 14575
11138 7926
7072 6404
9679 14217
12474 2001
2322 5573
13940 4709
4879 12142
14302 9200
13987 13974
3367 4954
2978 6093
4001 11146
1039 4310
3902 705
517 9192
1005 11777
5559 5973
7885 9009
262 1646
4853 5889
8415 7295
7917 9795
5934 3172
10921 12758
9762 3424
7342 6094
6002 9699
3261 31
12835 12365
1225 7524
9885 7615
14164 13017
10894 4511
9201 9588
7243 6809
10602 10368
3808 10600
7076 7528
10800 7743
2732 7698
3620 4044
8703 11933
2330 10226
3884 1639
4722 6814
6449 13856
10434 7858
3786 1101
14730 7006
10407 9025
12899 4873
8110 4962
5062 11747
551 2965
7894 9963
14564 6724
12017 10315
9036 804
13467 181
9867 11612
13303 12014
3497 6716
8002 12642
14331 7494
8372 5726
12982 2490
8140 788
8546 6204
13073 7475
7236 6282
11843 3538
2301 7359
14910 5016
12873 1459
4565 4561
1199 6782
3648 4269
8329 2948
6605 12945
575 3645
13342 13061
6567 8089
13971 2407
3832 9035
4862 14379
2140 10744
13424 11553
6984 3374
13927 7935
4033 11815
13586 6376
4542 835
54 14775
6051 11243
11989 1455
13666 1783
6404 14222
4940 5517
3851 8145
14512 13987
14291 3996
3474 12273
309 11733
10383 125
1726 6965
6907 4723
2681 5155
13346 9212
3239 1862
1323 5405
1441 10639
4890 7571
12495 10216
10289 13982
5773 101
4691 5504
5687 12343
3504 2766
9291 1002
7988 6461
3677 5704
10421 1192
6052 1696
5239 13761
9115 3368
5412 9266
14301 68
6800 2964
8640 3991
10755 4764
1331 13847
3871 5249
114 8543
13911 6012
9156 10294
8605 14244
4831 5593
13944 2354
699 3165
5046 10117
13448 4755
14652 5825
10758 11596
12290 9426
13613 14072
8128 2604
12744 1716
12831 10884
8796 1805
2961 391
9030 219
6547 5178
12287 14415
11273 488
4867 1790
2809 7803
2844 10203
8167 11669
294 5442
8114 6354
3590 13270
12861 9713
3066 8359
3168 3496
8518 7995
6227 296
14374 7263
8893 1459
3793 13170
12380 3806
14840 1704
5939 6054
3176 1310
10736 3398
116 9358
9819 12543
5278 6046
12536 8628
4812 13837
632 14193
6015 6725
10418 10738
10221 749
2152 13967
4669 5868
3128 14485
5579 11553
11354 176
2914 1964
5719 4738
1878 9758
2083 6419
6700 951
12217 9573
6790 6809
3239 1064
6038 6389
4529 7822
12419 7802
10653 5394
566 20
11655 3583
1726 14239
7199 6831
1597 1104
4882 5387
6339 14928
9666 810
2185 8954
13272 14773
10276 8108
2112 11139
14432 7386
206 2165
3607 7334
1313 9862
11893 13789
978 12290
10566 8322
2961 65
1346 13132
6718 4773
11375 4614
996 8834
11360 14662
7215 4824
769 12308
7032 13438
333 14048
13002 12834
7061 5239
8953 14258
3685 5185
4011 6615
4718 1384
7352 217
8733 9656
10090 12154
9824 962
3519 14191
3024 10867
8218 4313
6292 2110
3710 12647
5273 10361
6693 1175
12982 8360
13198 12273
1374 811
4838 7158
12528 6586
11707 14214
2555 1072
10754 4783
6130 1813
4282 14787
935 10673
11377 14315
8879 11292
8541 5339
14983 1341
246 2483
11905 12870
13358 12157
7914 13140
4035 14313
14031 2747
8264 13944
4518 1878
6948 5695
12515 2025
11238 14153
8144 12484
12253 5606
4539 9692
9318 11479
9714 7115
11660 5072
7442 5106
11518 4501
9557 8887
8314 6956
14214 1021
7691 4744
4908 13506
5706 12994
12568 5183
11871 5509
2646 2253
13176 12365
12140 6231
10223 12582
12233 13590
290 14122
6938 14180
7436 1911
8783 9750
7351 7765
10478 13315
8673 11092
10798 8930
7024 3216
8064 10744
5900 14600
11723 7833
10241 4123
4652 1640
6456 3291
11817 7827
3026 3318
2012 9410
12284 9257
8960 9732
7508 11617
11924 4865
7951 6464
9503 7947
9658 13212
2052 11219
4944 6636
7617 14613
13661 3627
2706 10656
4410 74
8887 8587
7867 9812
7538 1815
7019 13351
11892 3580
6401 13828
465 12444
13398 1652
3706 12343
7751 10536
10752 4593
7154 14397
8064 10663
185 6729
9845 1611
3602 11179
8637 9578
6419 2618
5396 14899
4703 12051
1482 11568
5715 5461
4232 7208
9961 13388
1806 1796
6936 10732
2215 7682
4429 6631
5875 3381
10718 6161
6038 12154
5068 2384
8970 13943
14204 5889
4383 8635
1877 7896
3789 1222
12287 12984
14581 13654
12152 3921
1736 2859
11388 438
1442 12824
256 12919
7927 9315
2775 10385
8379 9488
11099 5866
14080 10523
9125 5937
5382 1332
5806 1283
7047 12959
416 4485
3074 8079
8575 5899
4299 6558
7252 353
1872 11721
7243 9423
9234 6597
4819 4578
6703 11140
465 7047
10342 9986
9895 8780
2885 3276
8100 4098
2399 14575
7881 4777
7739 8132
11986 14985
1619 4321
7529 2872
5939 9983
2059 9481
1663 7255
10038 1764
10675 13932
8339 9455
5100 7456
12871 2827
2033 6341
6602 7668
13366 12156
6361 7315
4923 1728
10607 7779
4170 3144
8813 573
691 11782
2995 11598
414 8709
9565 14286
5332 9827
14355 12668
12244 3971
8114 11917
634 13962
13728 4688
3519 14775
1034 9769
9865 13497
9477 10263
11076 3283
13861 11382
1748 9655
12054 6639
7208 2117
5733 900
3018 11044
14340 5996
1634 7869
12021 9860
11729 12380
4552 8730
8527 2946
4023 10467
8304 13607
13767 2743
4775 9739
3787 14721
1550 3750
9834 7511
4980 6823
5217 11582
3064 6624
12089 6515
13464 10656
1685 14649
14733 14565
5596 13367
6897 4598
858 8691
63 4520
14187 11011
47 5151
7184 14431
9442 7805
14361 10652
7840 12936
13093 5360
11946 2345
8837 474
14104 3442
13213 2383
618 5038
11108 5932
10959 9149
1287 11078
3674 10448
8426 9201
8709 10223
11809 10166
10584 12705
1056 5658
6361 889
8690 188
10618 13093
68 11873
4065 10420
3189 4462
12948 7745
404 6515
10042 10098
8153 4610
3292 4331
13572 8914
939 7485
3315 3697
14802 1414
3929 11506
1685 4367
2692 5586
6367 1282
1448 9206
85 11529
11797 14685
14239 6357
390 2901
11199 13592
12617 4586
9735 2359
1739 2471
13592 12793
2767 8004
5283 837
6974 3908
1218 9969
12244 0
1359 987
145 7623
7467 6920
4610 3362
750 2612
1169 6601
11221 8560
14770 350
13041 13414
6568 10013
7329 2118
7145 4780
2999 2863
13749 13125
13494 6808
793 11713
13767 9597
2818 8021
4248 14487
562 5498
6665 13318
551 841
1013 14268
8474 13222
7002 14200
10076 7137
9405 14632
14589 10532
7086 9592
309 390
12230 4974
10119 12186
12841 3693
5446 7615
7657 12647
11935 5937
7865 10206
11654 9048
7589 12559
13517 9990
710 10032
9726 2038
3165 5054
7557 2754
8985 8864
2212 8440
5458 4960
6005 14269
12660 5379
110 9923
10429 4160
1498 2921
295 13600
8898 407
8389 8555
8021 4278
9533 9829
8558 13839
14822 4631
2302 13639
12522 6408
6060 8376
14503 4254
2745 6768
6184 5026
4493 11421
11321 9958
9528 6150
9132 3057
188 68
5477 11445
3978 7698
11330 4176
3460 2233
8378 2670
7231 10879
14373 12894
13698 12296
5369 5241
10605 4085
293 3846
13092 5667
425 11809
10447 2730
4351 17
13737 5167
10376 14826
73 3351
6419 7281
2915 11158
3068 12092
12779 14353
13386 10980
7169 9294
13324 8441
234 2731
13304 14082
2489 10531
9653 10540
10442 12197
8075 5998
4295 13951
2970 1456
6373 801
3808 13147
12334 5626
12512 1054
14016 1513
11446 6542
14820 3761
11047 2299
13993 10099
3374 4115
2651 8987
10837 9759
10617 7913
12503 813
8768 10031
12585 10112
6826 9759
9607 282
14181 10591
3383 3919
6359 9461
10898 9843
10934 5659
3978 13986
5193 11232
14242 13139
4621 10771
5741 1505
6016 13602
6273 7345
6526 4897
3374 2285
11883 1100
13816 6564
10560 10909
3788 5001
9141 6513
10680 8540
9811 4115
12104 5446
4993 4788
13675 4782
12855 9629
13142 82
12981 6806
7101 2996
2001 2511
11904 4837
3098 6932
10649 7300
13762 12487
4901 14395
8323 11853
10964 6226
13489 7285
8621 6449
6169 1496
375 7734
3646 5253
5757 10110
13987 469
5530 11094
5905 4148
13160 227
2379 7507
10659 12829
4749 2099
2231 4299
9901 1091
12089 6434
10997 5061
7765 10237
5305 2602
9249 9481
10253 8545
7089 11699
3289 2619
12419 2236
13685 9843
10368 4719
14389 5023
11507 9108
12995 14086
4990 6549
957 12487
3571 10347
7659 3757
9821 8240
7676 14610
6896 2308
1019 8317
1865 2131
11519 8374
7895 9819
7910 4823
13679 3850
7838 5715
2567 4748
5608 3017
12220 13260
1881 5258
8526 6431
13685 10294
12979 323
9777 5299
13292 3559
9343 6981
12757 8067
14040 4592
8019 4046
901 12798
743 272
13001 3507
3805 12908
8929 12695
6877 13634
8749 4563
10148 4557
3422 3673
2795 10167
12850 6856
2062 12240
6313 1060
841 6989
6903 11127
7723 8226
14764 8143
12648 5625
12136 10461
9635 11685
12791 10791
558 6753
11806 2898
9016 13429
11167 7325
11014 8440
5556 13062
9276 5338
5392 9573
8625 2045
12350 6784
3967 14019
4940 8563
25 8535
12827 11165
9007 7548
10735 3257
8552 14538
13375 13126
10647 173
10488 2418
3927 8089
7365 14202
2433 11267
8645 14417
90 52
7257 151
9604 3035
2678 4664
11915 1744
7752 13933
7062 7056
5783 14299
87 550
11010 3830
2617 5649
8427 14752
11988 4940
1142 10077
7325 11779
1964 13513
286 1027
12134 9901
13278 13443
5098 7051
10795 5581
2315 4710
3873 7727
1253 1115
13098 8266
8511 1909
9562 8436
3785 1562
2364 3078
13837 9207
2468 8422
2114 897
5724 68
13905 10943
1554 6608
4975 13725
3526 3319
11033 9428
10850 13422
974 11249
14418 12618
12884 1415
2031 435
17 6828
7148 3411
11298 7091
14020 8717
1951 7827
6145 8756
12840 9980
695 1381
1310 14252
7841 7074
5223 7757
7367 9202
432 9334
9599 10861
6920 3164
10690 14963
750 2920
4854 7045
13003 2113
7445 2622
2468 6982
8995 658
12972 10846
12149 8059
5792 5541
11278 9308
9301 1047
7039 6731
9526 6060
9886 1424
10276 5994
14674 12921
12863 13052
8485 9823
12080 393
11293 8737
14309 12427
8426 14997
3582 7158
14638 4307
8409 3782
1414 1009
186 14418
665 13095
3838 7919
1588 7076
2742 4785
2269 3617
10928 10632
6338 11688
12339 6595
12297 2422
7589 5391
11944 851
13741 1370
12009 11444
11964 13538
10706 1975
243 1136
1157 11805
7607 8974
9562 7538
4580 8304
3188 6915
8491 10733
1124 4093
2000 4118
12294 8209
13891 7001
5261 11615
3981 11805
4552 11169
4036 4789
5963 13994
10567 109
2503 3200
483 5488
1323 8458
10205 12009
12380 4648
13138 8148
5888 8995
13484 3497
4175 855
4163 1038
899 7682
3556 9353
2758 12127
6021 13967
13340 3939
11132 10949
10984 5772
11124 13015
14583 5269
4335 3589
8308 10377
7674 1694
6042 12626
12236 2968
1799 10115
12803 2462
4870 13038
2629 11622
4254 14311
1088 13912
12850 12034
3647 3299
12383 7302
12357 12970
2302 77
10518 8171
4664 5723
7053 3770
8123 10904
8983 576
6733 5396
12058 3981
786 4894
10122 2012
8926 2073
7249 14855
2314 6997
11259 372
4149 430
7495 3900
2677 6342
12981 46
10644 4090
7047 443
6332 11081
7526 10846
4165 9444
2920 8167
3715 10277
13927 11105
5150 13996
11068 8954
14090 14112
2715 1224
1232 8086
712 10207
4839 8663
3767 13969
11158 9446
4927 1305
1704 422
13252 3624
12217 12388
3127 7820
6988 1377
13157 8446
4675 2433
8967 12132
9366 6227
21 9118
8155 11994
8968 1670
2915 3554
12419 11869
4352 1689
11961 9844
1623 11562
11276 2241
5951 8165
14129 9902
11721 13862
4939 9976
2663 7928
10005 3199
11946 13627
8006 6083
2993 8486
11707 10803
4086 13495
640 4412
14537 2661
7690 1635
8185 6993
4039 5614
5467 14382
1680 1169
6271 1269
11424 10077
8935 14657
9326 2676
7072 1030
9547 12703
6854 14577
8065 8994
14096 14464
2864 452
7237 12610
8072 12544
7727 350
4878 5029
8412 5108
8606 13584
5299 1969
14972 3754
1512 4684
9481 13353
2897 3400
11773 7068
11574 2317
13770 4338
8991 11109
188 10978
2106 2426
14282 5264
10283 3613
13350 14189
8802 8515
4364 3383
10414 6613
2706 3
9076 2376
1143 1816
11647 7504
13174 1509
715 14407
8871 1697
13796 8368
3506 13224
14073 6059
3018 8909
2867 12200
7290 6356
8020 9430
14454 2130
5978 5036
4716 8577
2464 3390
2619 3817
5467 736
2902 1262
14411 4506
4037 4372
10783 3815
6113 6445
11740 12401
3539 13689
3456 11664
8283 5748
5479 7858
8481 13295
7972 7406
988 12282
8909 14341
121 1586
2919 10621
4439 1509
12795 2481
14071 5678
6099 12811
10263 9625
1332 8259
14272 14863
8258 8370
9317 9878
7937 4602
13865 9679
7159 6945
3543 13631
14322 3130
11169 11373
11185 2392
7852 10484
4886 8432
3959 792
2357 9819
3906 537
4122 10191
7659 12903
13369 12801
9410 5740
7354 8255
4728 6056
2852 3378
2056 13601
1722 12485
7354 12495
13921 4499
1914 5631
10717 7868
2770 8698
1488 14838
2929 5739
7286 7836
7354 5087
10367 3993
6972 12871
3675 3151
7011 11750
2338 13392
7240 11691
8605 13921
13942 1345
4306 1341
2836 10119
9045 14857
8137 10375
2389 8107
14823 10926
8077 1049
6764 12607
11551 14858
2844 1879
9125 7501
5198 5922
9555 9980
4373 1989
11511 12274
13901 666
11179 13154
10468 3420
2463 5097
4496 6816
5107 10894
12419 13785
803 12938
7995 8524
1274 7562
13524 1131
3468 10162
14006 2417
12606 9430
11715 7395
8495 9670
9155 964
13298 8682
13938 1238
5902 9587
1705 5053
5553 13948
4057 486
10529 10276
10593 7818
12531 5119
9559 8940
6045 3121
11770 151
13576 46
7860 2264
5248 4302
4434 9735
5837 12383
14452 3134
10130 7213
7085 254
6516 12366
10256 1669
3736 74
3867 40
11151 11283
10894 5929
13888 10161
6987 12476
9600 4098
1883 4933
13638 14033
10224 11401
2274 995
8270 538
6736 14179
1965 1739
8382 13856
11697 2163
1663 1673
3008 114
7264 4311
9726 9214
5994 12019
2524 4274
8133 6659
3389 7333
9418 12419
14806 6337
2240 3705
9384 3306
13115 4863
13475 1857
2635 12805
12910 713
8831 4540
9818 10567
9431 8345
3509 14172
5672 3154
12756 7125
12208 11875
13629 9454
14358 10710
13100 12419
4096 9287
7857 3875
3022 6915
10393 1486
10475 12277
8186 668
7394 1372
2551 729
1034 3518
1988 5972
7175 4585
11822 10438
11350 6271
5283 12970
4793 4983
2840 1009
4046 9526
8485 2642
10889 10602
12083 1144
6853 13492
6612 7378
7390 10140
5574 9428
5637 10544
4874 5541
12226 9990
1416 287
7052 2890
14267 14831
1045 11122
13808 11204
4191 3932
6898 11538
9340 5272
13890 12206
10719 8667
7709 12484
11891 1965
12850 6760
12407 7923
8564 851
9540 10948
4025 12155
1469 6177
0 6605
6657 176
12903 11245
12215 8204
11398 3466
8533 8561
12898 11091
9459 6889
6671 12088
7724 4955
11768 14486
4583 8856
11886 1414
11378 8218
11650 1943
7839 3479
10820 3011
13947 14435
4245 9141
10079 13853
1588 235
9337 335
11499 12973
11987 3123
8395 13038
8620 14247
3517 3168
8564 3141
2193 14457
9652 888
9782 13087
5268 6437
13386 12715
12653 13387
12673 14210
8850 10346
883 3741
8097 10508
3910 4856
8942 2846
2368 6678
8099 2899
1243 9265
6614 10035
12975 12355
12739 3881
6260 13568
4898 1509
6217 2180
13264 7504
6956 9754
11754 5255
2977 1185
7211 3636
7661 2726
5558 13615
10967 5894
3148 11129
9544 1336
11000 1430
14337 7084
11316 5927
14624 3613
4512 6397
9057 6794
4740 13769
10274 4062
9363 10659
13938 8233
4490 9542
7988 8142
13802 3507
9456 12774
5823 2176
5136 2302
14002 13268
668 83
8781 7986
9503 9063
2596 14208
840 9795
7037 2624
11603 8729
7435 6581
423 2841
4304 14671
6147 6772
11394 9527
14363 12052
6355 4789
4663 1381
9156 10655
11379 6081
3836 10089
10647 11895
11656 13431
11388 11102
2716 4035
10425 1832
7098 3418
5816 4195
3659 8395
3756 6936
10744 14336
10249 6450
11480 10999
13144 10502
12230 10652
5633 13439
5154 10702
12669 3118
7101 10998
14227 11267
4168 9774
14737 13171
6735 12638
982 7199
14353 12484
8600 4449
6488 4468
6805 5754
9073 14165
4243 9054
9119 13267
3100 9321
10537 12122
7446 9930
14390 12656
7093 4954
14053 12833
8113 6935
8443 11944
6204 7041
7279 3129
11023 14618
11472 13573
14284 13074
8727 796
10601 12973
12166 1070
6600 10353
4176 6132
8 5686
10474 9583
13428 8824
12224 12114
1824 14644
2732 6549
5008 1657
3806 454
12169 4246
3887 2749
14392 8105
9728 110
13893 2074
8561 3620
11267 3995
11656 7879
2556 896
6138 14098
776 7140
3528 14659
9083 8683
2461 8754
5454 6635
14072 2476
5303 6352
4551 14610
7500 13089
1805 13495
11577 7744
11667 12377
6561 11426
6607 6566
6432 12458
13880 10019
3950 13557
3468 10916
9356 4665
7878 12494
9434 13426
11159 5255
12936 7753
1816 5705
9943 6577
4112 350
6911 10447
6079 3748
8672 11952
13852 4048
1404 9041
6499 791
1415 9470
354 8571
291 12484
10025 1327
13743 14718
9269 6511
9142 9325
1557 12959
411 14382
8334 14473
9855 11696
1600 7480
13079 9517
7709 8787
6611 6859
173 1667
7051 1415
4900 12402
5416 3311
11833 3769
8457 5638
202 779
13289 10146
10177 13795
818 8732
4796 14861
7887 6678
824 9025
14959 13459
6975 6456
2324 6658
12401 8206
992 887
3756 5038
7686 4820
5753 7347
7867 7049
13848 1020
3208 2095
11410 9342
11998 11859
8696 11091
10336 3692
2377 10667
9900 2428
6048 3634
6773 12633
11329 2787
6008 9208
8937 612
14289 8717
14505 2710
3802 7313
5167 14721
10417 8477
10446 13185
2253 11800
3534 2501
13116 5107
1480 4214
153 275
6914 11984
12438 4469
11973 11506
8768 1129
9103 14221
8668 7098
4202 2250
12224 3637
7520 578
2347 10183
9681 2672
2119 9985
8241 10880
7875 12359
6248 9981
14842 14703
348 10431
1352 2102
10617 8009
11005 6305
7762 9151
8452 4981
12633 581
8156 7320
5398 13762
7184 12863
4803 814
7341 14386
14266 11204
13986 5076
7876 305
7925 13440
6353 14564
11520 8651
10628 8622
35 5406
13488 13852
11513 12358
221 9167
6828 10403
8694 10910
7561 11675
4574 8958
4361 12832
11179 8989
3707 6689
12687 4904
10902 7107
7407 4926
8383 14913
4203 2471
3852 14485
11756 5888
4789 10005
2393 683
11027 14568
11609 3875
11316 11010
14201 920
13693 3056
10709 3070
13551 4571
2183 13844
112 9550
3916 4810
7981 10551
11880 14850
9533 10957
2352 10936
1519 4416
9429 12578
12844 4923
6538 8657
2576 3876
11038 11906
12695 14905
4091 5347
5006 14555
9074 10145
9757 6130
2484 3936
7452 2438
3197 10320
6699 3723
13220 12107
5831 2897
68 3765
12241 645
4405 13885
6605 7963
13323 1088
11598 1745
12555 1409
3283 339
1912 9812
2620 13912
11630 3233
12863 9340
11512 4168
5206 10475
13078 7946
9284 6234
5573 954
12637 7307
9704 8462
7508 14057
10526 11978
392 2804
3826 4707
11924 6479
10012 1539
2023 1179
7951 709
212 589
2253 8976
8855 14607
10437 7829
897 5392
4617 6770
706 4263
3786 10271
14786 3586
11006 10932
7421 10297
10170 7699
5052 3232
5096 10311
2906 2115
507 4227
7744 13617
13514 4306
314 3251
5676 12154
11847 14793
12317 8729
14419 339
14601 2703
3080 4398
1707 14175
6596 14213
5938 1391
11075 6181
12459 14744
8719 9304
4835 5436
6768 12723
11407 1680
13528 1141
6110 4461
4796 4509
5171 9276
4962 9298
8794 14227
4750 5242
12130 1431
7595 3257
9747 8488
1195 2473
3187 14481
189 4189
12496 2436
6793 10635
11930 1033
1552 13937
2582 8328
3847 5810
11178 11633
14385 5482
8691 5949
7935 9530
13331 8162
11231 4749
3897 7313
14612 293
2076 11694
14334 13675
1593 7873
4936 1276
4300 5837
12160 11144
14030 1259
3346 8780
14131 2298
7926 12587
9182 5183
4291 3058
3854 13858
12329 13812
3132 1667
6191 664
7320 4038
8631 2922
10996 7066
9318 12708
6980 7998
8502 9537
221 10294
10369 8069
12060 2747
1780 5888
13823 9057
14542 4615
7324 7461
13429 6085
6652 6469
13944 6863
6491 10016
12868 12558
7935 7020
2471 8370
1047 12943
14927 687
8657 13417
11009 6336
3863 8763
7972 13483
14014 3882
10268 10950
3262 3808
6393 14931
5932 6589
4180 11751
14178 12642
1472 13037
2122 12735
5631 3897
9722 9537
5988 9890
7301 1916
5420 6533
3270 4553
3438 9472
4269 4877
4739 7412
12700 2334
1643 14112
9468 1058
11864 4069
4250 12910
9083 1654
6266 12795
7407 1416
7584 5189
8186 4570
9789 7013
2283 12348
14031 7724
12376 9426
8166 9382
5887 5498
13584 4725
11234 2172
2002 1452
2569 14901
5142 11408
9270 10395
10434 8304
13330 6563
2038 4284
6935 13816
4097 5124
14506 425
12190 2480
1499 4879
7350 9073
12049 9513
3864 14609
7099 7811
11727 10840
11317 12797
7444 1062
14685 12385
8045 12084
194 13065
2054 356
1486 4680
6438 1831
12239 14578
12430 7445
1469 10788
4805 2221
7422 3581
2674 2276
11435 2301
6788 2664
9926 6103
13311 3226
14495 206
7859 6937
11311 9424
11883 7050
3563 14242
2425 8438
878 4685
11852 2372
12406 12564
4417 9378
9956 10690
13381 4943
7256 2827
10764 5692
2583 11506
11689 226
12738 14756
11476 350
6932 11951
12370 14283
5530 14912
12139 2287
4721 3755
13216 1372
10799 3681
6499 4508
5101 8296
7778 2138
10471 14914
12949 4461
4717 11849
5282 12310
1794 3397
10380 4330
2684 6323
80 12227
3823 8054
3455 14141
12068 8458
8905 7083
8846 13744
6561 11385
12847 999
333 9597
3798 6563
8275 7687
13530 1419
4737 12352
2027 6270
8664 661
14729 862
14906 1392
9856 10001
2612 9766
11577 7804
11610 1921
8719 6863
10127 5923
7424 13090
5936 7302
14559 8345
921 1950
8192 3397
11445 2585
13832 10417
5549 10771
8878 13922
8158 4741
70 1046
13472 13749
3186 14505
5691 3849
2398 12846
1408 13144
2860 9720
548 4000
4907 6659
7158 1399
8154 1696
9026 792
9329 8555
5977 9603
937 12733
9315 7270
11412 7397
10676 12947
6465 9029
12988 4237
8816 406
1207 12134
11376 13931
7579 4438
13207 6355
3148 11869
1707 6756
2601 7213
10869 1808
3402 9661
14489 14366
2533 3309
1570 3871
5992 12620
2946 5204
13886 11521
11143 10312
8397 2248
5278 10637
763 10214
9579 10660
2176 252
628 4050
435 7791
8005 10249
2422 11676
13014 5200
1941 13676
2132 3840
6204 6173
13769 2487
5110 8568
6712 13624
12467 10521
4574 10883
1148 7734
4277 11562
10205 11163
2861 14429
14806 12486
9386 79
1833 1590
3916 2968
6156 7401
9230 3255
10421 9836
4533 558
994 9410
6644 6285
5604 804
757 14176
1801 13053
3006 10018
2452 955
125 13257
1207 521
13931 1002
11768 11511
10324 11479
9718 6073
9553 10470
6638 2556
442 2470
11553 323
7628 13830
12345 13075
13762 105
3353 5972
11441 3953
4910 6171
9004 13301
6566 8566
4468 12995
5722 1848
941 11951
9940 8173
13543 9146
10492 7513
13848 200
6642 8843
14079 6745
12452 8500
3365 14118
1237 10311
9460 1061
10049 11102
11142 11621
13059 14727
4652 74
11389 12488
13429 14804
14415 14597
4009 10985
12609 12261
4360 12184
8715 13919
13281 654
4272 14553
6386 12813
13221 13921
11651 32
9215 3017
10980 13778
3318 6512
1443 5398
12933 13112
371 12792
8869 12832
3089 12014
5382 3060
947 13343
8203 5924
13595 5280
3958 2522
3753 4463
6602 7369
33 12755
5135 7708
7147 6879
6547 10243
6925 14162
4989 9350
1720 10659
9331 14226
6892 5637
8320 510
5832 13896
7070 2684
6550 9982
2019 2365
12284 3701
4928 10511
12757 12214
4876 12443
4281 9896
9369 5632
14047 12458
7468 10318
2668 6753
5634 5729
10882 269
3654 10747
3411 5212
14884 9742
14497 5107
9880 5772
4705 13574
6840 2616
5089 13029
6104 1484
8919 10395
4970 9060
14713 6356
14260 10054
613 3603
6442 8082
10026 13238
312 2470
12448 11608
1298 1865
54 14539
12408 14778
1041 9466
10298 14973
6205 13429
4135 6390
4738 13691
12360 5841
11494 13289
379 4657
13152 12094
6392 970
10856 9596
10270 8305
1748 9363
14497 9291
14316 242
5453 7290
8620 2534
8252 314
1921 7225
9571 9945
8340 12326
13944 6999
14 2063
6511 3906
9653 12701
1520 4025
8731 737
1684 191
9802 13493
1027 11154
9939 7571
1784 13119
8103 1629
3016 539
5945 10818
14994 10890
13556 6281
14824 6011
13210 10242
2611 8241
11854 9949
6262 9956
1014 1978
6922 11010
1639 4607
9394 14388
8820 3766
960 8236
5692 6085
3650 8800
6677 8558
6134 10088
2973 8189
2753 9457
14149 10316
3932 13267
1143 4668
12448 8049
8808 2998
154 10812
2883 13977
13656 1192
13993 6003
11867 1280
9731 4548
4289 9389
6578 1008
7745 7958
4115 1745
3963 13917
7368 13308
11614 7189
7188 8208
2374 8441
4502 7769
3437 9869
11908 6344
7759 5976
10370 3877
1020 6581
7247 1028
7577 8078
6819 804
8537 3956
14347 12753
6628 13408
14579 4343
7809 9055
1294 5874
10823 14471
12602 11251
6674 2777
4239 11323
9709 6843
8810 11950
10567 4057
6559 873
10282 14766
14139 9199
13320 8190
4140 6929
14698 10515
1102 10459
408 10621
11112 2229
3107 4452
995 6364
1841 2311
10523 12638
5237 1543
13342 12323
10478 3690
12184 10939
8242 11852
944 2128
8838 9010
8010 2167
12847 7774
14425 7979
3309 471
12431 14899
682 5833
11882 7264
9779 10232
8902 3842
7337 14006
8746 14525
8609 13689
2973 1102
12988 13327
826 10960
8771 3299
1229 9094
9181 13732
9693 11950
10093 6596
9582 9026
4638 2969
7706 3387
8606 6236
7330 2966
8570 6170
558 8102
8226 13579
10897 10121
3036 1367
6885 11249
8594 14119
6829 13453
9518 13766
6078 5154
5108 12461
982 13415
10731 11503
773 9351
9732 3934
11786 14241
9144 4519
405 14289
7906 7516
10483 1207
4884 2347
14573 9320
5893 5153
4721 4002
2133 4659
5331 8895
14129 5903
2430 5251
13055 6211
2145 2801
9018 6418
6571 9407
4371 12106
9461 13181
10874 5021
3217 8824
13759 13879
2564 6091
594 5887
13889 14383
2850 11486
8614 12569
10426 10177
5046 10010
1176 3346
154 5631
8119 8097
10312 3433
13475 4218
10439 14665
3639 13451
7077 14428
5733 4227
351 1843
5558 3961
5489 13240
6251 5953
11249 13437
14785 937
11978 675
5629 11848
10781 1956
1576 4347
9907 9472
7919 8715
2302 653
8544 11524
2539 9510
1817 1893
293 9391
12908 14754
12298 511
5842 14072
116 10873
1852 14858
2318 11094
7221 4669
2171 7092
4488 4696
6201 6743
14046 8032
8043 1417
4166 13745
2309 1964
12421 8720
11729 5208
7860 12532
14935 3257
13665 8413
6161 10664
13939 6455
5293 2992
2594 14010
14722 3483
10141 3057
4723 14214
4477 11678
588 14943
7118 10258
2177 269
11802 12866
13871 1225
11266 1866
9264 7743
7508 2154
8600 6202
11547 1690
9416 3598
14669 4870
12161 14163
4931 9452
8177 10426
1874 6878
5113 8527
6334 12526
410 2916
8771 6677
3198 2168
2096 2311
5870 5536
13211 2128
3429 239
4467 11770
4631 5743
2773 13190
14935 12474
12592 12257
1974 8831
14137 13929
11962 14428
10654 3961
5691 9333
455 1563
10965 9010
447 12080
3989 6437
7624 7563
1822 2092
7909 9014
9217 6704
607 749
11827 6118
7951 1751
14357 3523
9379 1937
5743 9155
1523 2468
5361 5794
11036 11922
8861 12534
13035 11826
5306 10801
14201 6433
3759 14920
5565 6699
2699 11182
10846 2352
969 8033
13403 7373
14863 12497
9635 388
10113 10293
3098 4174
2302 9365
9109 6319
14167 2452
12185 7911
12106 5875
11632 3529
1190 9614
6214 11125
7929 904
346 6754
11056 3234
604 7470
12160 1082
11748 2267
3076 1984
3193 12759
11826 11068
1801 5528
9490 13957
3659 5826
9432 10865
9376 1146
5637 12183
13011 7563
8207 760
12601 4411
13676 13151
13268 2455
14967 14915
5590 4477
7 1174
2403 7270
10735 517
12484 4115
1991 5950
993 11886
1450 1433
14219 6663
3288 8973
10682 13964
8330 1736
6106 2954
13210 4707
14999 12954
3178 7542
4392 6570
11588 8979
14745 7269
3442 344
7529 12379
10320 5549
3946 6740
9369 7146
1926 10697
4773 12123
9607 1381
14544 5244
2111 11769
950 12312
5393 11696
14150 3489
3287 4372
4310 6767
5238 10224
10267 6322
11298 5013
12412 8598
6999 5184
14682 9778
13750 390
3684 5633
5378 14356
9457 14332
11796 11562
12157 8284
1786 10005
2245 10184
3704 14729
9200 4927
6953 11103
1257 5475
8242 1385
8339 6852
11623 355
2437 12529
11261 232
5390 6457
10377 6743
640 8277
2257 10527
4223 697
7223 10953
1379 11095
2304 4017
5099 1711
4775 1659
3097 13141
3024 6259
9650 9921
11013 9194
4109 11397
11930 14698
14327 1310
9865 7636
8203 7272
754 5561
10601 7420
10642 11190
6843 8417
13012 12479
3899 7653
7242 12851
2871 3918
3215 4821
588 10833
10908 1655
4400 2297
14579 10348
14670 1072
3725 9456
14847 12279
3356 12671
1984 5114
11892 8606
7903 353
3812 12901
1188 798
3171 7426
14049 1210
8691 2131
7652 512
2643 12278
4772 8879
3315 2573
10203 9562
11616 13916
12054 7645
834 8165
3417 6038
1442 1913
4410 10027
14530 11682
3335 9587
1400 11514
14962 7347
5442 11697
3538 6684
7924 14632
5487 12510
12584 3689
557 12629
14071 11903
555 2589
319 12427
3797 13539
4958 9429
6956 1789
7977 4674
4628 2031
13287 12633
1270 9026
3039 1705
10497 5702
13011 8317
967 6584
3730 7349
5779 7763
1021 5228
13589 7091
11192 9759
14674 13096
4724 14426
2949 7693
9837 11027
3305 2130
8066 6019
1082 11037
6231 659
2278 7674
1019 5412
3427 7780
10991 13563
8994 9642
7421 10197
10180 12209
6848 6808
323 4289
13615 6353
851 5536
3589 12775
4155 6609
10513 2629
10739 10567
5394 10292
4995 14113
7903 13980
9549 7389
12950 7427
4388 5377
665 10353
13785 10426
14689 3688
13608 9049
11682 13479
12437 11458
2296 11332
3291 11484
10633 5197
4184 970
10916 13385
14815 14981
12260 1945
392 1218
216 566
3599 5212
3011 3245
4149 2902
8366 10699
14936 5150
946 7880
13087 14964
5826 6982
4638 5108
9475 6821
12270 6558
2809 5069
7306 11555
7660 3540
8312 14636
143 8526
12518 317
3544 1562
13114 14604
9714 1703
14877 12024
4871 9642
11278 14428
977 10368
992 2413
815 11572
2430 11312
2976 12224
13047 9574
9362 3348
7636 9875
10648 2998
9396 13294
1047 11007
3081 3474
7949 13871
9441 9244
5768 13366
8643 3368
10088 12634
9852 9680
9253 3383
13718 12291
4545 1362
8239 6877
6337 11336
7117 229
9008 8806
1693 3678
4189 366
1429 4310
10169 11882
3383 5144
13811 14874
637 1520
2163 12412
13244 11811
13132 12343
7144 9810
6104 14021
52 13209
2901 7898
7793 9740
5128 4436
14854 1938
10754 12420
2403 3259
3202 12524
4462 10552
5974 6056
291 8941
4491 14427
5455 10119
2482 7227
5693 8101
13245 14053
2037 12592
3921 791
14155 11442
3916 7323
5702 8197
5636 14837
11281 7074
1465 8662
12237 489
890 2039
1904 4043
13012 887
8954 13684
13451 2492
8245 12002
8423 1647
3648 3940
2373 13237
985 14785
2446 12629
12090 6454
3343 14348
11447 14860
11899 11862
10896 5782
1116 1666
7459 218
3895 7585
10794 11786
1295 4526
12236 1804
7687 11869
12054 13231
7946 9313
1315 5860
10044 14370
1852 8094
943 4713
648 7242
11366 3430
2115 65
10227 4921
8116 11848
8475 12146
10357 13035
10141 10449
5946 1556
11931 7243
5169 132
7128 9842
598 654
13245 2126
11766 517
14691 9475
2586 4319
14627 10215
2532 8731
6353 1741
8851 8001
4635 8360
10139 7447
13626 11621
4406 12474
11724 7662
1571 8948
10994 14995
10526 9060
7673 1846
13279 2221
390 3158
7850 2547
14205 5893
11179 7701
3309 3136
8289 12233
1215 5829
9421 4404
9412 8582
9469 14185
8700 13711
11798 9039
6232 7224
12807 10019
4252 13738
2629 13629
79 9973
228 12963
1054 14547
14394 6778
8140 7658
4185 895
7814 3027
10988 2835
2972 3941
1357 14202
353 8050
1068 14777
33 13242
9397 14513
10867 7387
5481 14199
5923 626
2714 8961
507 10662
10588 4861
8608 5860
8094 8116
12585 3496
3366 9006
8304 5390
1637 208
3772 12828
2216 11942
11051 14572
994 8613
2818 4008
4017 1925
9883 8624
1526 13224
7312 865
14721 7089
10689 13642
1311 5566
12596 3332
12401 14793
10677 1658
11509 523
10541 3187
5928 7267
12730 3041
14599 10163
11805 14774
12206 13874
9647 7938
7850 9643
8648 4424
1942 11793
9860 1060
2986 527
13983 13114
612 7008
6475 11633
10342 7034
13859 8272
9620 2627
10933 2814
10799 7032
8842 179
2630 2799
610 11812
7426 11201
14197 6678
9967 11910
12102 13516
13948 11301
6237 3524
4065 12989
14321 13862
518 1239
11600 1044
939 914
11542 3863
1973 11973
13188 10561
13418 813
6353 4172
7119 5979
1367 2480
14704 7614
8658 845
9480 3510
9911 14756
13870 12709
4256 4328
14414 2256
5826 14173
12633 6489
10467 3445
667 12341
1707 5637
8485 11368
10804 2568
4796 6360
6137 8349
1899 6326
864 7102
1711 1501
8224 9650
13186 7091
9921 924
11562 12531
2992 2767
418 4549
9161 5576
9330 11045
8637 1525
4883 7217
8046 11495
3500 14045
2404 7495
8330 11641
10861 1763
13067 1580
8612 9920
2864 10103
4004 7286
7212 17
1819 5577
12006 10404
8937 6019
124 8477
4828 3866
6432 14686
4047 13720
9677 137
5574 8829
12385 6920
6597 331
6292 13534
7685 5317
7454 5083
7339 3618
9923 4467
3284 8657
7099 5540
5021 9746
881 10598
14168 3677
3266 2433
11999 7588
11028 2231
8273 13490
3266 171
7647 4358
8293 10790
9580 11623
11061 13894
12089 2761
12884 11460
1276 5204
14409 1750
2810 6040
8810 7745
7280 2437
5300 5822
10394 10739
7503 11752
12935 6608
2350 8759
7450 6988
11951 11150
2194 11957
9666 2089
13971 11210
6500 2445
2865 8123
3747 7414
9313 316
8526 1384
1717 6840
11900 835
1497 9416
4140 7739
6316 8790
9271 4542
7909 8745
11415 9481
1339 10963
170 10829
12485 4828
8627 8524
10089 3205
1242 11132
3281 5806
1073 526
1741 6457
11908 6100
9793 513
5161 1830
3072 13164
11150 3890
9907 6610
13781 6315
2892 1389
8860 14076
7754 3298
10434 2175
1119 1343
6060 8549
8449 1885
9392 7522
10294 11951
8641 6795
13064 2169
1389 6945
10947 6454
8672 13908
5433 10691
5360 4410
9151 1335
1366 10169
11182 2427
14893 12955
5268 11971
3799 7332
7825 5414
8845 9253
5128 3805
2526 9398
2741 11354
12301 1511
4220 9490
2899 12172
6019 11847
12967 9254
10639 8661
5274 11246
7875 11262
5681 14515
8618 11716
9450 2217
3347 3164
14132 2877
995 14387
4223 10561
14385 5751
12798 3913
9495 14007
9497 1431
11333 6322
5248 391
6916 8047
3561 11877
3742 11613
4790 13443
2034 8436
9466 9725
1347 5606
10372 14678
7936 2592
4711 798
1892 1222
166 11809
6152 8931
14802 8221
3275 9348
14532 9630
6057 633
14271 9179
12889 14705
3036 6567
10503 8035
4971 2300
11660 6051
11942 7303
935 14204
6920 3679
8002 14239
3456 10240
14805 12834
9447 7255
14692 11998
10114 12914
5403 2379
1156 2957
3739 12200
13955 11743
8890 11428
14620 4976
1291 14531
5874 5207
14988 7265
12065 2854
8969 10547
10427 847
14537 9776
11140 8921
7508 13317
1448 10982
8901 5426
14643 576
10369 3351
12221 11489
13271 9439
9582 2489
5316 6659
9964 12912
8052 14424
5939 7964
1193 5402
12338 7075
11309 4598
7285 337
9070 8124
9333 3536
9910 4
11074 11764
1671 8251
109 11253
3958 2494
3760 30
2046 5734
2145 14215
425 5094
1701 14571
14433 6124
11633 10567
4561 13125
14854 8464
14326 12959
1053 14777
3151 9544
14465 4592
7329 5999
13848 5193
9276 1336
7730 10746
9726 11088
1233 12432
9828 10126
9674 4912
12486 10517
4168 2087
8899 12360
3760 8675
5330 7797
9829 4437
6998 12355
624 13479
12437 6420
14903 8753
2428 13050
6559 1244
10632 11190
2283 6632
12295 10892
6874 5995
8540 8888
13763 13099
9157 4486
1932 1930
11820 1095
7819 4737
9427 12443
8800 704
4917 7227
4662 9158
5840 7669
6438 2569
2676 3034
4606 9789
9728 4658
4110 9303
1406 6973
1191 7523
4688 2065
13341 1649
3099 8059
7454 2387
9661 7388
10249 3926
11466 10823
7337 13235
8809 9336
9795 14469
10413 13456
5141 6202
13810 2814
10920 13223
9120 14175
4464 938
6878 5549
5969 413
11797 3896
2928 11819
9534 10237
11973 4
13551 1286
3037 5600
12409 10686
717 1553
2197 10732
1993 2810
9433 1278
3698 148
4736 6005
3497 10966
6487 7651
8900 9967
10303 5845
6635 10529
3022 14897
3410 8634
8617 3250
12323 3857
2998 5828
6874 1518
6527 9588
14902 716
14838 5464
3196 13857
9585 8681
4786 12713
1755 14077
7862 6274
7391 2012
197 7368
9654 8759
2124 6766
4441 6835
7385 9282
2494 6787
4152 1123
9125 12158
3964 12599
5571 8506
1977 5325
4507 6286
11124 4228
2380 6167
12427 8097
12950 2004
7004 7532
473 2994
3882 7820
11146 10514
10298 11037
9807 13171
6307 6079
8865 1064
13089 5607
6719 12232
1353 5841
5871 5222
14381 14248
5946 7734
11840 7013
12644 7862
3934 8395
184 13242
5502 5916
3370 10068
10469 8900
2427 13011
1737 11503
1655 11932
387 6328
3890 13473
5509 12765
8563 13076
4375 12155
8132 12857
12183 6328
1027 13176
11023 488
11905 7689
11880 1706
6079 3025
2217 4667
4376 3560
3127 13806
10942 5032
11396 239
12741 3424
7740 3771
1126 11896
4796 8845
12729 8127
794 8092
6994 7119
14034 1037
8686 9908
13684 603
11633 11309
5155 775
14143 5901
10527 11404
12935 2944
11342 14831
14387 10418
3768 5278
1480 203
6911 13059
3833 4528
11022 10295
3967 14857
7359 673
4441 6013
2351 5479
8271 14637
2242 1158
5251 14649
3047 2783
5965 8797
11333 11533
5320 6137
10626 5072
9803 3571
12513 11958
295 13120
14514 6180
9772 12118
3244 13492
3036 1845
12805 10450
6443 12983
12662 9323
7162 6883
6787 6297
6067 9936
5596 5543
1008 12358
10959 2290
498 11317
11485 7526
11910 8184
1475 10220
12257 1355
7144 376
12662 4392
6737 9383
4273 1073
2041 13407
12474 1154
13447 7153
7809 13767
9571 460
5129 2215
13014 2692
11342 293
4108 9349
14242 11064
2212 13986
696 4069
9092 8806
14572 81
12073 8490
7052 8964
1746 747
1799 12817
9122 5909
4862 2761
4025 10763
2321 3773
5693 1515
3456 13562
6831 13535
11952 7205
10510 5257
4342 1937
3908 13884
9657 14125
6727 334
4619 3940
5648 1360
5115 9389
938 3826
14857 3523
14751 14774
238 8738
5772 10978
12960 1131
7259 12475
4267 5599
2163 13940
2728 8580
318 5445
9013 1569
2313 7184
9546 4580
5060 1106
13438 4058
5169 12264
5013 1917
5289 14179
11078 5233
11526 11665
8223 13935
8843 10466
12219 9586
3058 13496
841 5769
9165 5050
12682 13337
10642 2875
9123 9002
9603 12448
12885 5791
8364 102
5424 3986
2486 12238
6856 6401
12748 223
11663 195
2083 6062
13337 5051
11571 9050
5476 14089
7463 1337
2857 12094
12834 13118
6592 13768
14112 10882
2434 6138
14613 2890
10737 4068
14358 1967
11677 711
8313 13340
5909 14062
6616 1211
5562 5103
5176 12811
11613 8306
9113 3185
1115 2608
14725 5017
727 5205
460 7161
9528 8431
10246 417
9393 11905
6831 3291
10110 1795
385 14543
7324 12474
5139 12421
10805 7140
10021 528
2861 7755
8192 11258
9386 9986
10180 1599
5307 13454
261 8041
12707 1208
9958 13387
7816 12349
11545 12059
11539 6520
14779 13071
4183 2419
9763 13925
9295 6794
12619 126
37 9462
2455 1362
7397 7482
6812 10770
4095 13061
6242 8371
8639 8548
4749 2385
8886 10056
333 8931
3071 12536
12831 1159
14930 2268
13803 4648
6817 14063
8992 7807
5297 14239
8740 10433
11217 14439
6676 4813
6071 2608
6793 1420
3904 1674
3956 14900
11029 11501
1891 8080
8213 100
5644 1910
13881 2092
11411 1157
3117 2692
6892 7890
4013 3813
7138 12088
5227 14196
8402 2680
11346 5387
9987 5661
6726 12877
8091 5055
389 7131
10866 13950
3610 1980
2197 1258
748 2819
11436 12315
7417 10979
8205 13689
3154 4745
11350 3336
8503 8636
1653 3394
13877 10887
13356 12575
12701 5573
7857 3160
13487 7473
6403 12605
13848 13055
3740 14158
13179 512
8745 4808
1707 10314
13257 9659
1913 500
1172 5292
3024 6597
1185 3252
7092 2608
12505 9047
863 12116
9681 10711
3701 10883
7012 1342
8514 1915
11611 7532
11588 1563
14619 120
3086 1491
6201 8677
5733 700
3733 1420
10818 9894
6946 6216
14012 1706
5157 1700
9091 8509
1318 14918
2572 977
13211 14403
7707 5344
4035 14405
6186 9742
8270 10033
11457 14754
8705 8861
13186 12136
4098 1875
7830 7511
11205 11653
1785 3792
13211 11171
3899 586
3062 10702
11942 12138
95 10759
3032 14451
13377 10265
13950 11203
5242 13030
7575 2773
6827 11218
9121 5127
7245 7166
11383 146
14702 2067
1072 505
3485 7714
6428 8996
633 4801
6548 6466
3798 6250
7795 11924
5454 12608
7458 9986
14125 7630
5269 9236
8603 11223
13052 5374
14051 14166
5203 8667
6541 1601
6795 12975
14995 12680
8622 3064
11727 2420
4531 5591
11361 2337
3119 10899
3255 2779
4598 8960
6104 1002
9885 8963
10353 10801
5421 14241
1409 8853
3267 1984
11950 5899
4485 2067
1586 10479
11327 5445
4779 3990
13671 2861
1239 14734
2347 13269
9506 5362
9468 8908
3378 12852
12316 986
6685 9187
8570 3580
8878 7879
3596 620
9610 6542
8360 13335
2611 14801
9265 3395
13472 14437
11517 2021
14352 4213
1100 7700
14825 12737
597 3242
4250 14784
3199 8318
4667 5644
1144 10892
12261 4095
2724 11599
9820 9166
9085 10828
1882 3938
1289 13077
14549 2866
6846 10608
13677 5784
13045 8778
12202 10494
9010 13505
768 3683
1458 6052
12429 12219
7227 2359
11383 424
3203 12871
10390 3166
2303 8026
12909 12835
7385 5406
3231 1558
10065 6684
2131 12408
14601 9106
7514 1047
9263 10147
4505 3475
14997 6408
2262 11180
676 7382
2254 10230
14610 6957
531 14922
12522 3584
3102 11387
4256 8276
6459 4708
9898 2435
5753 5154
2130 7538
11115 8207
6557 14283
5788 5097
5195 3453
1263 8205
11470 2310
325 3906
13847 12618
9416 11641
452 9141
3187 4734
6058 2416
4981 11306
620 14289
4757 6656
5407 8710
143 10691
9393 9313
14970 1778
3421 10954
11949 13407
9333 13551
5967 3686
6447 5209
12296 751
6567 7092
13314 7917
11395 2028
13589 12009
3194 3745
9334 2494
13795 12771
273 9137
656 6492
7089 10865
10507 5443
7372 8608
2758 8236
2262 6775
1093 2513
14418 7585
9177 6148
14430 3911
5746 11900
419 2210
8575 12518
947 8854
3068 13593
4677 14401
7173 10241
10926 13166
5260 3345
7384 14448
2135 308
8913 3979
3287 14935
4486 13693
1689 4575
5766 10401
7871 4309
9019 2961
3639 14214
2208 3602
13966 268
13149 11584
698 806
6584 14
3874 5700
12012 11940
5357 7527
13883 8911
13896 3045
8416 12052
3559 8521
1401 14602
13828 11971
6883 2280
8906 3265
14003 4325
10420 2966
5471 11482
8829 14062
11101 5816
9361 2786
3273 5395
1251 7122
11591 10646
6723 8011
9465 12155
475 9805
12126 6400
7180 14621
2701 14999
13393 2292
14826 13587
2183 993
11314 11042
7626 13740
8108 4328
2078 9452
554 8798
6108 4762
4159 8382
6618 5892
11163 9813
7433 5472
1280 4467
11045 813
8088 10072
2941 7195
11353 2859
14819 3710
4815 568
3129 10603
4002 13122
2744 14256
5729 4987
8677 12462
3443 1325
10691 12960
7579 14526
4573 11424
8144 12239
11914 12430
2017 9477
1509 1321
4338 9948
9561 3351
10810 12077
10379 12070
14966 2498
3384 3555
10900 14806
454 8974
1041 1037
9480 7525
1749 14633
4729 7814
13870 12073
14516 13895
5725 986
6719 5454
7845 1248
5225 4105
3667 12241
2424 9217
8420 11012
4777 5883
4039 5246
8918 6012
14095 6998
7342 1376
13511 3339
13554 10722
1400 3412
14698 5610
7086 8174
14156 59
3437 10393
6155 162
7365 6528
12387 173
11862 8863
11285 8032
3402 8214
4931 9781
1505 13725
6453 10604
7645 6469
14242 371
2694 13827
9801 1681
3291 3675
410 5117
3778 5123
6065 618
5232 9628
6832 5707
10558 2049
1662 10412
4982 6169
7153 13184
9138 2516
4352 962
4225 8123
10314 8322
4214 1889
4404 11405
1977 6289
4959 4465
7140 13793
6468 14405
11198 10117
8261 13327
11720 5924
14622 14026
7818 6341
9660 7184
11446 9498
2938 12541
1674 9187
9940 8604
3395 6738
14692 7517
2159 14588
513 8518
11757 3128
10148 6250
2775 6643
12670 13357
9882 2292
4749 14835
12629 10247
8544 2457
4648 1555
6199 14966
457 11255
7437 10227
4893 12416
13516 3798
14392 7590
2399 13702
9263 668
13757 8892
3325 11771
6502 14525
1069 822
1786 5181
5236 1378
11841 10584
5359 12946
8000 14245
10764 7025
7156 13680
14523 6636
13064 9039
9095 1351
13790 11422
10517 4218
3852 545
4942 12132
5570 14005
2177 4986
11568 6761
109 1165
1978 6418
13452 9726
7904 9207
9632 1135
5767 8920
12924 10967
11145 9627
3483 3774
9824 5198
10371 11546
9288 6039
12514 2271
2015 9909
922 8387
13935 8219
5727 5616
14456 33
1102 8876
5814 7341
7356 2382
6396 6910
6251 5125
10706 11926
12843 9443
5073 14551
2414 3789
7308 2235
7688 6165
5432 12666
11100 2389
3995 6769
14210 5714
9579 4455
13042 7178
12968 879
4128 2428
4991 12047
12600 9732
7578 5174
13858 1804
10314 7262
11074 12745
7616 3378
4293 2902
3239 10808
12010 14700
8047 7120
10744 3427
13532 10091
5665 1466
8592 13248
9198 4489
534 6724
11406 3525
3702 10155
8203 13129
7768 9041
6737 4321
3979 7745
6935 1530
9990 8575
10359 12053
11476 1218
8249 9609
8691 7976
5470 1989
9054 13087
8251 8126
14524 10219
8467 12167
13524 2263
66 13307
6418 6110
13625 12944
13101 11614
14462 13261
2257 11395
11998 9984
3393 4261
275 2618
11300 5782
724 11631
13639 9139
14345 6123
13496 5556
1462 4699
14157 6463
9713 7045
5896 8122
1887 6484
5470 8534
13864 12508
43 1706
12120 572
6105 7862
7138 532
366 4742
14639 12920
9569 2089
837 3267
528 4532
1078 13001
2425 1646
1179 6742
1086 5869
4954 6003
1953 14662
5282 12778
10660 2984
12000 9465
2735 2665
8309 5220
12926 11303
7434 1801
5814 13118
8225 6535
12216 1283
524 10452
2931 12361
2152 9973
4591 8461
13456 9116
3801 5474
1555 12369
14459 14718
6709 12226
231 11300
12533 9510
12884 12359
6387 8062
4456 4815
5926 11616
10234 2831
731 6578
9324 9761
4557 1700
6923 1633
6806 8125
3491 6726
7128 8915
2771 1107
7000 1278
7732 2588
10789 5827
1621 3138
9756 595
9024 4495
4797 11892
11049 1214
4924 13934
12795 9784
4022 9848
6081 14833
6514 11407
14163 11262
2410 13187
12916 470
6671 130
7073 7038
7625 1302
2431 12111
10646 1941
5552 13195
4074 4032
2467 13068
6147 7781
4715 5609
13892 12372
8172 5558
5436 11100
5529 6848
12967 4525
12361 6200
1346 2672
14642 12471
6163 10021
14504 13683
7652 8181
10594 2774
7515 8224
14145 376
7855 11236
7202 7746
6341 2089
8752 7069
5757 10917
12256 5893
1482 9053
6624 14789
14022 5757
4118 2232
195 203
7922 13045
8680 496
14835 13563
3510 13133
6148 2520
7376 14323
7622 4576
865 11553
12489 522
8891 3838
4142 1605
12149 13224
4249 3116
4543 9390
12735 4519
14710 7291
5534 2539
4701 12492
7848 4705
8242 11604
14185 11140
4960 5911
10656 11464
9699 1141
13280 5191
10173 11756
5358 13011
5875 6153
11198 7841
5043 12129
7598 7659
8016 9256
11390 2554
10558 13040
7258 423
1575 12884
3103 7143
5816 5174
321 13014
3183 6594
7202 8922
10797 8728
7741 14764
14534 9173
8270 10147
212 100
13481 12148
4951 11048
5843 5631
9465 9135
2740 7148
7011 14127
8243 6513
6799 14444
5696 7388
8253 8004
448 14428
4951 1189
14628 13567
7719 8144
11493 12442
10658 10537
14835 14603
11881 10120
1237 10299
8595 7617
14481 7127
14674 2575
12974 11609
5404 4933
2042 2087
12724 1975
14036 14081
3506 3686
13588 10725
11326 4395
12177 14824
3285 3302
7731 12691
7987 11725
6412 3956
692 5042
3110 14468
7498 11210
4875 13751
6951 9006
10080 7343
14597 9178
6528 14133
10186 14010
12601 3963
14418 11597
7729 1935
13848 6689
13626 5494
12831 8448
5304 9053
11322 4314
9275 14925
4199 7734
13207 11987
7220 1913
25 283
14804 12428
4951 3532
1364 13155
12490 13119
9673 5301
2079 11051
7645 3606
12248 6963
171 11873
8906 7305
14015 1702
4275 423
4820 785
3231 949
4908 12357
12472 42
1718 3741
10150 12484
10257 6259
2847 12735
11327 11868
14167 214
8276 11972
14112 8041
400 12314
5763 10039
1253 4887
5632 6248
4 205
1260 758
12041 13806
7757 13442
14662 7098
13905 9973
5818 771
11818 6455
7044 11663
607 1079
1397 1238
12856 9135
10323 13415
5201 14837
9741 3752
10226 7692
12275 2380
856 8425
6924 3441
6015 8613
1904 8903
37 4041
7704 5458
11291 6939
271 12890
10190 14418
9139 9406
4998 1000
7735 6568
414 2889
7890 5663
13535 9589
5347 14083
791 4796
6143 12845
11086 1096
11718 5693
2602 3848
2571 5584
9466 10502
8833 3048
12541 2470
13971 2028
7606 12891
13452 7315
1985 8922
4125 9410
7803 8865
13662 14955
10119 1945
14666 6732
11025 9334
14964 14516
9405 3567
8439 14866
10444 2361
7099 11566
7961 6285
8748 6647
14855 11820
3094 12335
9930 8944
12026 11312
7381 9210
11202 741
564 13452
798 8391
9427 13714
5568 9895
5762 213
12319 9853
6795 3715
5882 4252
14210 12805
13916 11329
7518 1824
11390 669
5035 1011
14149 3802
9552 7051
9739 1257
12718 10794
8509 12197
12740 2250
4250 8109
12794 4586
9983 7060
2643 14032
2581 4183
8864 4697
9296 14234
2464 14831
10111 358
7526 11519
9435 7315
12788 11209
2598 10179
1393 4410
13032 2999
4238 10570
4811 12281
4505 13624
8717 13325
3938 7617
12503 5728
10658 3604
1649 4405
8104 2365
2642 6962
752 7559
10106 13736
6457 14184
433 7503
642 12172
9536 2379
1794 3091
1329 1717
11095 14546
7335 13831
631 33
6627 8445
9445 14085
10755 8141
8474 242
4938 2115
10792 2749
3247 3196
849 1013
340 5106
12553 8820
3548 3342
13645 9208
7733 4105
6234 12333
504 983
7509 9054
9344 462
5195 10292
3642 765
4247 1199
3843 13556
14354 4015
2343 3764
6533 5717
14480 7967
5265 11604
101 5826
14607 14513
11308 13844
1202 10663
14190 14273
8453 3176
3817 7314
13404 1033
7588 1842
9121 10073
9711 4531
13069 14731
2595 759
6704 6075
7317 8515
9022 6926
10924 13012
14624 2511
11537 9438
348 11279
5717 5634
874 3965
7036 9183
2820 4330
9571 10164
4992 7231
10209 2487
2820 1408
11558 10107
9854 3151
2490 8800
2799 3088
8975 9037
9487 1313
1506 1070
51 11829
6311 8717
13455 8724
2698 14988
7734 2239
2389 5275
8581 1750
2606 7107
6072 4449
11163 5731
14663 5038
10674 13454
3375 2879
12059 10966
3513 2925
8925 8780
13940 6034
789 1562
8528 10221
7332 1209
10679 9799
4166 14755
13055 11336
12641 361
4260 12857
4398 4804
4944 14827
13863 6555
6155 6557
4326 9304
8207 8760
381 8579
7120 2502
11469 7369
1884 1664
7138 3514
14942 1631
11454 13542
6638 6688
8760 10960
1394 6652
13966 10105
6617 3116
5685 14179
4024 80
14593 2460
11054 14928
6724 3248
5826 9629
1480 7784
4755 10909
58 5468
123 2570
11120 9587
8639 3851
3142 524
11401 13738
4489 14436
1391 14670
5129 10033
1467 8101
9033 251
7305 13948
13173 7860
4865 7135
9824 3039
4880 4279
1240 8279
8819 5585
13426 5651
10861 3702
611 14718
12149 9559
6791 7363
8906 11116
12893 8961
4865 5268
8608 8294
3495 4743
3804 3608
4664 3935
14226 10404
13503 11399
4600 8109
494 6558
1979 14340
3142 5397
5423 13578
3679 3077
10450 4704
8325 6449
543 5750
5192 2124
12724 11943
2121 10959
12157 7210
13014 9117
9272 10951
46 6462
11328 2949
14896 1719
9498 1452
5188 10122
4764 826
1828 12667
6563 6311
3988 13430
10305 11060
11929 3467
11109 10905
1463 1106
14149 11344
4798 14221
8175 10614
9117 3433
893 5993
1645 10171
9806 9641
3140 11142
6653 2374
1776 12513
9245 12141
229 9290
12137 3186
7249 8780
7428 4474
9422 4051
866 1915
2936 4637
10724 7853
6311 9797
1721 7689
8765 9318
11394 1259
5845 13274
11611 11668
14274 14288
8548 9807
940 8027
9921 11901
6391 1896
11460 11620
734 14615
12507 12466
9517 12322
7335 13600
5049 13586
7528 8235
8178 12249
7983 12608
10912 10206
4050 1095
3588 14641
9824 14986
7960 9125
9551 13284
8653 105
7514 1176
7020 6388
14193 3597
7692 754
9714 6325
1455 7218
13931 681
1650 8039
4311 4381
6382 5306
2925 8315
2874 6866
13891 1164
3263 6320
4423 5792
11950 4457
7385 8621
8875 3171
5527 13442
14809 5011
4912 14703
1591 7672
10521 14969
6827 8776
14023 376
2734 7538
8300 9286
4280 3559
14109 12388
12295 642
5550 12801
8491 6866
5621 7949
2847 14227
11281 5119
14539 6814
9521 12803
6368 139
14468 7588
10199 6653
6932 6023
475 9784
4685 13893
13310 9529
699 4949
9874 7153
7622 30
6667 9506
8793 6146
6648 6395
6631 4203
400 2779
11689 11067
2368 7145
10138 13323
13137 5337
4490 14061
11585 13499
7921 13048
388 6654
1503 431
12522 13321
13825 4017
14075 10942
9293 11850
1653 11404
13486 585
12320 14653
8132 1960
13590 3730
7304 3897
9782 9433
7235 7072
14336 13028
10230 2518
6840 11300
5700 6130
188 6490
945 2657
6885 10483
4357 12059
656 5660
1266 3277
2445 3846
2638 5167
4848 8628
8293 297
658 9779
14005 8613
14810 6619
6819 11583
5429 13451
10431 9473
135 5902
8604 8127
10420 13077
5125 14929
9248 9679
3082 4818
9776 11336
10361 4208
5519 2010
13432 3524
12700 4465
9405 6171
1370 14475
12137 6533
8962 7394
12181 5712
1308 1618
2487 3893
12414 12906
5062 14879
8499 847
835 5757
11202 4585
9365 5977
10196 2634
8010 7424
8661 11611
4772 592
11047 5337
11355 13737
5944 3004
3086 1038
12510 11786
13238 5417
7616 6862
9263 5223
13026 5831
10229 9715
8782 13881
5609 10158
6724 3984
3697 11938
8662 12072
13687 915
12082 12192
11498 622
5444 2992
10647 12485
1523 6213
7260 12610
13978 14563
5483 10505
1666 14027
10609 9444
4982 9060
1329 11065
14297 614
14890 11330
876 11486
12476 4295
8498 10021
2701 2845
11710 9303
4227 11285
11332 4661
852 5928
2528 7597
2295 9435
583 12073
14781 178
2916 7709
8711 13805
14854 13753
11738 5446
5532 13682
9652 10382
2690 3633
11746 3224
12710 13253
9795 3948
6125 11492
3531 12488
9796 8494
11430 2133
8402 13675
1745 14797
2344 12021
9785 3762
8503 7428
1543 151
2008 8461
2598 13553
12411 81
5650 7272
8858 2375
14054 4096
600 6578
13016 13356
3960 13494
4790 10413
10181 6066
7765 11789
9222 3207
21 284
4135 2841
3883 1213
8594 4585
8117 1022
12365 3873
8236 2689
1302 13258
3968 14722
3657 11733
11383 13727
13501 7232
1782 14100
12169 10901
547 11157
14986 3440
3853 2424
4894 9212
6201 2237
14154 3455
12622 4965
8173 804
5401 13211
14405 12631
386 7128
320 4867
3022 6789
11179 4227
4545 14693
12281 711
4227 12995
13031 9
492 14652
12030 1280
5071 3606
7476 9951
12332 5855
13544 14669
11480 11006
6904 3639
2455 3227
13138 14357
5739 4035
12392 12592
3327 6066
10393 11914
13694 204
8903 12686
8874 14368
4256 870
3016 14939
12341 12671
3525 7617
6511 6002
8148 11373
13640 3285
12238 13712
1061 5890
7427 12501
7099 82
1220 7406
14636 12850
3745 14413
576 8190
14921 5679
13980 2087
2892 5367
13699 14032
9997 1
12058 9091
12136 14244
674 8081
780 5754
8429 14839
11942 11786
4048 12585
10718 5509
14551 9299
5289 11340
12628 2275
10489 723
3970 619
1112 9684
720 3635
13402 9742
14634 8954
8865 13327
14531 3962
6838 6082
12260 8349
1869 8246
12686 11684
14746 2671
4054 10358
4771 1335
6381 14039
12572 8616
8778 8743
11436 7861
5317 7222
9337 1000
10838 11137
10466 2641
13931 2058
14728 4974
5996 3592
3932 9947
12153 9111
14716 4588
9699 13067
852 2160
14913 9828
4402 9035
2444 6671
8587 11630
12089 3066
6360 933
7070 12675
14658 6802
6562 9945
8863 834
4479 1272
10835 6126
10588 10860
12086 4078
13310 13405
10573 7253
8189 11849
741 7000
2111 12880
14852 9538
7407 12910
7208 13897
6640 1344
2997 2101
6916 10205
9961 13220
6744 6554
1519 11642
8439 9099
3114 10833
9198 2666
5410 2477
13686 4401
6174 14708
1978 13320
11752 13694
2120 1269
13757 6715
190 9812
13392 9139
10610 1594
7381 14366
6840 8930
7900 2759
964 13899
11536 4364
8844 2977
698 2746
851 597
6582 8433
11341 4922
8791 9879
12188 3886
5923 1004
2971 1789
6176 23
6915 2523
13814 5634
13088 7757
9001 1016
6798 12781
7144 2623
7474 13300
10941 4830
9791 8402
13792 7982
12599 14454
8232 6066
10876 4145
455 11715
7986 5809
14017 409
9737 12625
11078 5857
3431 11864
2712 2266
8291 14867
8243 405
11777 13612
2767 2294
6139 7379
1351 4619
4923 1249
12175 10260
1789 11505
1544 4838
10590 4021
14322 32
2225 10496
12722 3351
3436 13514
8163 2555
14571 10421
7894 10350
13151 2517
9768 11945
10245 3218
13178 7417
2156 11996
7396 7212
11267 9141
9530 9912
3562 817
13046 2436
14190 1771
11399 9393
14101 9473
13000 14755
10887 13651
4868 9463
8538 7474
7341 13143
7109 9185
9335 12748
11453 5684
222 6746
12190 2640
1161 11638
8485 3273
494 5270
10364 13105
12753 2681
5557 2916
8875 1131
11534 12072
8396 4602
10149 650
847 6393
10510 13776
5 14829
9193 5857
9225 81
7533 8513
9119 13981
120 5197
11535 13445
8299 10161
5192 5527
10295 2168
14143 10786
9602 5883
3506 7377
1787 2249
8290 337
8519 13336
3100 7630
9298 7966
5327 3362
4128 8909
5064 10228
14232 8542
2138 3093
11792 3274
3414 9450
9361 4738
8854 10872
9223 3889
14817 5423
11505 12592
9999 3396
12624 10292
9584 6935
2099 13134
4986 11621
4639 2262
2005 9185
11541 5018
11762 6722
7500 10776
3820 1169
10151 7092
13304 625
9402 10547
12614 3657
6014 10695
4071 14951
5736 3699
10044 1185
7743 2421
1394 1594
11755 7734
4327 1149
7116 9135
2436 9169
7634 1837
12295 486
5427 14702
11251 8730
11023 4820
99 11030
7386 9378
5776 12272
12384 2910
13565 11602
3318 1831
7197 12282
12018 12248
13928 1011
3573 7933
4187 8708
5164 714
4896 8892
4617 8580
3127 14893
13807 8262
12012 1489
1880 12358
11179 7732
3609 7046
6137 10622
5791 11635
12495 767
3551 6531
9798 12793
3872 8470
5533 11396
9924 1841
11500 4451
10670 7544
7819 383
12080 11018
5719 6895
2610 908
14439 539
9117 13097
12673 1910
8393 11647
1658 11746
21 5812
13237 6809
8524 6397
6645 6543
8089 14144
8781 8902
9352 10499
12284 12555
2968 8234
525 7339
11278 10379
14485 13860
5793 6224
2291 5293
11872 3572
4294 9436
8421 8545
890 1301
10088 13697
2926 7806
3694 7178
14600 9784
5275 13453
10062 4767
2058 14507
12021 11869
8353 7602
6321 10745
5465 4215
10735 9102
7296 12839
452 4430
13955 13279
6220 14900
12497 14638
14022 1104
7791 3707
14482 6456
3983 13270
3065 8172
584 11203
2861 12815
14600 6843
9137 8766
5585 3791
9286 13126
629 3165
10157 12616
1295 8754
4911 7748
4844 14847
4581 10576
7830 331
5324 8210
14216 11742
10058 9775
4794 10185
13289 10531
14450 8564
11924 9116
6968 14976
12954 5024
9762 10524
11448 5073
13724 7610
4398 13202
11196 7948
9263 4161
8761 3013
14667 14070
3080 4491
4116 3787
1227 13058
9059 4984
4393 7156
11682 11463
2244 6934
25 11638
7013 7687
5246 11296
14777 9010
10015 30
6819 9113
2734 5194
4145 5573
12516 1436
4741 12069
6695 10516
5506 3486
11115 7422
1448 11447
4847 93
5412 14102
13040 14533
639 8429
11033 6487
7377 2100
3626 12568
13718 1579
24 14177
13332 5862
3067 14344
7405 2081
382 6529
5943 698
6811 9815
1892 10650
3045 9508
14247 7495
7067 10060
8058 12398
4891 12501
5753 12014
9232 1658
14235 6146
12476 9628
6429 4728
10015 7823
10456 78
5087 5407
7102 12075
14761 7224
4482 2370
1086 7355
1834 8224
400 3188
925 9160
8075 4489
1963 3292
3890 2168
11147 12642
193 8292
7640 10331
11797 14777
6672 4645
4857 12998
4724 10755
11803 1423
5965 11017
5835 242
1088 8559
2481 11779
14124 6055
9817 3607
12579 1446
13835 988
8695 10641
6612 12060
1997 2768
10699 9843
4751 5520
9549 8020
14849 1492
9895 11087
13291 6295
10626 7421
5880 9372
5646 7497
28 5401
5277 14808
14025 974
10850 14480
1204 4458
4899 6493
7112 8496
9901 111
10031 1543
14725 9387
10712 11799
2124 5803
11772 7433
1844 6775
11421 8089
1329 12348
9937 569
3641 7978
4994 13105
9955 11492
11744 2949
2334 5364
11102 335
2774 779
5136 8106
4456 12091
11167 9856
14201 3889
4351 14217
12955 1774
10048 5881
314 5440
3243 10742
657 3861
11019 13745
2771 3636
378 2791
10745 10917
13179 1627
6217 10145
3514 14434
14842 5418
2719 5340
5374 4902
10362 12725
8128 11496
6505 6526
14278 5341
3317 11762
13914 3209
6556 4765
8441 9125
11177 12145
10114 1201
12651 7137
10175 7894
10103 3647
10779 14818
2839 7118
6718 9545
14065 5939
14718 157
12529 4627
10063 14004
9507 8592
14503 4380
3303 12238
6560 6851
5811 12895
2098 10535
6928 13761
9225 2534
9863 9770
10093 4382
5306 3024
12176 7210
2886 7742
10964 2251
6911 308
1630 14068
11827 4216
7095 2114
9154 9026
4800 1511
11148 12653
5925 12660
4555 13364
800 8309
5160 4206
4351 9177
726 14501
6142 13096
9054 3570
10932 10532
3314 12949
325 9084
3873 3000
8855 512
384 14597
6508 6785
9827 11283
13632 13206
6646 5467
11908 11199
14112 448
2015 14383
9309 9350
13252 12107
9964 9869
5781 10296
2486 5184
4678 634
14426 14077
7854 14917
12865 10514
11537 4032
8371 4579
7224 13130
7714 7763
10468 14832
12486 11507
8804 4745
6950 5008
10984 1033
13192 1393
9616 2333
1181 10946
11339 6468
1982 5738
13067 12929
4311 11065
1117 3365
12634 857
7047 3249
10026 2442
2622 5255
7611 13316
1157 1441
4936 11521
10277 4222
872 9791
9004 918
3345 3775
10048 13977
751 13265
959 4233
14803 13541
14269 12814
6017 14905
4844 14592
5234 12735
10069 2909
12866 2900
8533 3939
14407 3234
10440 3576
1491 7136
1852 10586
8925 6102
4951 10383
12323 9697
5340 6603
900 10996
11458 10568
13738 7878
11221 2971
14349 10890
14552 10594
11733 12977
5841 3798
793 5573
563 13604
13872 8830
253 1367
6770 5545
5166 12774
7974 1251
10064 13394
13287 7194
8792 5182
4364 6197
721 8576
9712 2153
977 11722
3061 1878
2926 1905
7119 10217
6455 4793
6852 3148
8870 878
419 3212
4609 9145
4907 13706
11755 1033
9753 10720
204 13728
1583 9203
13926 3783
3605 14838
8716 6992
10902 4642
5265 1857
6118 9411
9763 14339
9087 9330
14826 1311
14686 9320
529 11482
6488 12609
6235 3333
6434 3411
4341 1356
14042 3354
10917 10616
4442 4360
10327 12704
5476 2225
3326 1919
6966 8370
2303 2219
3110 2108
7772 8960
13770 5447
3795 7997
14146 11300
6600 11391
8938 12433
3714 434
9233 5877
502 4301
9346 12592
2108 10530
9477 10452
4916 9422
14770 9540
13731 7930
1080 5821
3027 3918
12373 11524
3999 8435
11837 1124
4683 13045
14247 5361
11738 11668
10586 4727
6326 10201
6258 2244
11984 54
12182 10464
9338 6968
14810 4980
9623 1295
10518 11238
2894 4681
10642 9988
3823 6952
6200 7587
11545 2855
13353 14655
13126 5523
4056 10555
9711 954
1368 14053
7419 2632
1241 11787
5353 6502
10994 12484
362 11515
361 7800
1217 14991
6021 10097
6921 12599
11170 14114
600 2786
13853 6478
9083 1646
9723 784
11589 4569
4390 164
4496 7952
8326 14696
12896 2324
9032 1617
11733 13019
1404 7022
5552 7768
9965 7477
14736 2350
5735 6693
9601 2520
2152 10239
9177 6595
10743 14212
13803 4354
4524 1173
8380 11088
2152 11575
13566 2143
12158 8092
2765 5131
10886 1165
8879 7999
9195 11902
6370 9306
12271 12165
13647 14065
9523 6288
5154 6744
9215 5976
7847 10674
2011 7774
11337 901
9260 6963
6691 1485
3038 14605
