6500
12064 3751
6354 10796
8474 7455
14032 1478
2628 8948
6141 13889
1800 4645
8948 13572
11885 12650
3275 662
9013 4885
2188 4142
9118 6184
9612 7219
3185 11507
5216 12963
3084 4888
723 6335
8993 10195
14831 2887
7864 7160
14820 1087
3137 13907
4826 2068
7185 10964
440 2573
13893 3638
6201 14935
12958 3926
294 12836
10700 11851
1512 8639
1516 11600
3855 5097
7714 2501
13942 11076
8547 7453
12787 8571
8402 12525
13359 7526
12704 12505
3743 11228
607 3392
3915 14938
7574 8299
6174 2613
3677 3720
10535 13761
6450 11340
12807 891
14727 7080
11141 5774
4785 2506
13020 9200
4431 1733
5566 7273
13503 9826
1688 9171
8546 6526
11449 2661
9198 10982
2597 5983
2875 1120
14957 11196
4006 10386
7528 11135
7977 10804
12496 9444
11377 7317
14454 4081
2841 5834
6423 4215
4792 6105
9051 5753
13551 117
11780 1562
10030 12298
5770 5758
4215 13480
1234 2378
5584 9273
9879 345
5247 9321
12366 3681
11939 12552
13592 3670
8415 9923
13054 4766
7756 9556
13434 2183
6353 11374
6026 11325
4055 8253
9727 13636
5692 10376
5560 7217
9375 12083
7165 2615
68 866
13149 12894
867 8497
14859 11603
7246 9487
8935 8196
4988 7152
8942 5111
11676 12238
1992 10838
4711 8725
1036 12910
6990 5218
7652 7773
6187 14055
708 12809
4976 10322
14727 8042
2273 11471
9980 5427
3945 11722
225 7503
1698 10204
527 9609
10740 941
8009 14099
2660 13002
10035 9078
7549 1464
6168 4254
5749 6005
6994 14688
6766 1380
13730 5095
12374 6154
1308 14834
5011 13819
13471 8310
1138 14135
5963 2648
14559 9984
5946 11916
6468 13905
2118 3093
14471 5030
3402 5124
8174 14727
8099 8059
7474 3819
9100 496
11778 6588
3534 12200
5682 12544
1781 376
6984 11097
14093 546
14842 1453
2292 4343
1043 4279
2530 10022
8955 12718
784 13404
11737 9364
14022 347
7265 3240
389 13760
12218 5657
14096 11507
4645 8928
293 8013
2890 2829
995 7389
1487 8978
8294 4715
10126 7843
10712 11323
6188 8567
12289 1687
1751 1238
8601 12609
6846 10499
2850 8142
11029 2290
13503 11203
2281 874
14770 9231
591 1352
9599 4850
3462 10693
7471 6049
4605 14028
6271 13802
2324 7484
1976 9183
8408 12866
5527 14972
10906 1979
14665 10199
6196 7941
3288 6758
7262 9095
2357 11286
9311 1502
737 3998
5083 13798
275 10439
8197 10913
12932 11008
14991 4924
6374 2460
12216 7841
6626 14695
11951 12563
12095 3201
5802 7527
4689 8048
4378 12123
6888 13092
9062 7491
11754 2442
3262 12260
8793 12539
166 13363
4759 9841
6642 13554
82 7749
13180 1896
14591 2291
7467 13544
14829 4723
13383 2807
3063 13089
13055 10997
4826 353
927 13112
14359 6498
6294 8520
10497 7238
1515 8361
11878 8973
3470 12626
7792 4846
11363 14969
8720 4104
12275 4127
6168 7248
11877 4211
10891 3945
8846 12744
3942 12490
11888 9950
4990 9418
1952 13195
9022 5606
8808 1679
3905 14515
4709 6302
8185 9723
6627 14364
3741 12311
4648 105
8625 3816
8286 4414
11623 7113
12790 10324
9911 9554
13963 10975
6633 427
12653 8659
1140 10513
10956 6873
4268 3291
3484 4458
10102 14972
282 10915
3101 4335
13601 3457
14534 1447
13390 2095
14128 9574
9882 9181
12252 10314
11875 2496
10219 12570
1721 256
5007 2314
12947 13783
7043 5550
14217 10766
12477 13750
10874 688
7156 11505
1960 5407
5020 8439
8489 11361
4324 8736
11631 14400
5350 12116
3808 13203
302 9149
2651 9894
3821 13702
10744 245
14074 7817
7734 10257
4845 9587
6669 5526
9267 3160
6826 8912
9736 2019
13576 6136
10747 3855
9155 1286
14482 7604
4893 8255
7703 10632
14378 9195
10172 8448
4152 5323
277 13996
9286 3771
10299 7633
7837 5764
8149 13259
11979 6074
13081 6042
3105 4364
7645 4031
12780 11483
14342 2377
12186 5315
5480 2015
702 14051
77 14104
13473 7388
4588 14912
7644 1348
6504 5154
8481 1454
12953 4718
11841 12231
11094 12473
5632 1315
8363 10490
11473 3401
4025 8142
1890 908
5049 6782
3222 13493
12693 4434
3239 8183
11391 6701
3644 12627
5820 6477
632 10234
8731 8760
3151 8169
5030 13411
11030 4451
7716 7657
7225 3654
13287 2507
7349 13561
3481 4195
10198 2612
7966 3890
911 12992
8501 10581
6943 12789
12660 6664
5449 12483
6911 12509
614 7348
1917 5737
1133 14137
11209 6339
13151 5609
3756 14965
8275 11052
7195 7687
9630 13683
14885 8125
12137 5106
2899 7816
2999 5478
7497 14750
10453 5554
12966 4723
6597 13888
12026 6940
8520 12103
14589 3314
9468 10
8095 2376
2815 2993
7807 5813
12592 796
3708 5510
1348 1247
2413 9206
7166 11499
11893 13542
6352 8701
8019 2046
1824 8052
3998 9809
8288 3354
9328 11971
5313 3808
4146 13795
10145 13252
5732 14446
7078 2906
1932 2838
8766 9696
4917 12160
4388 13119
10478 5051
831 11331
13079 9234
2268 4821
11667 1905
8571 10688
2849 11367
4826 3384
1442 10496
7076 11052
3230 1393
8674 5924
577 11005
5030 10992
6121 4513
10255 2806
2893 1758
1310 7840
1116 1734
1496 2752
13998 3878
1961 7335
5000 13698
7537 8002
1162 6533
4136 7040
13245 4013
7564 2190
3714 9567
1585 6998
10809 9661
8629 1387
6347 9981
10803 9238
13314 3325
4109 6312
3957 7445
4876 1568
14495 1253
1294 12250
10998 1107
7329 2624
9389 2453
5728 14265
13865 952
255 3183
9039 7486
6 10531
6778 6579
1923 14254
2376 11528
11528 8396
5478 8483
8816 12534
2483 12955
13179 127
14078 925
14417 1207
3655 1293
7048 871
6231 14197
148 10228
9097 10985
12608 10930
11343 8774
9614 14069
8088 12780
2102 7143
9261 10725
11255 1937
9881 7987
836 10641
4302 8580
13522 8127
1590 928
10079 9851
5539 8334
812 3501
12259 10577
6807 364
13682 5300
6370 9121
6763 2753
12443 11201
4968 11067
6885 14408
6697 5590
10420 3685
2285 10797
13696 10978
9268 14683
3959 9885
6026 4440
6009 10392
9650 2230
12481 3410
10071 3406
5711 3806
9784 13735
8893 381
79 6038
13141 11093
13743 14587
2212 9480
13337 13733
3587 10777
14079 5780
4566 14310
9006 6853
14572 4710
11471 1829
10438 12496
4656 11743
1071 7867
4417 12810
13840 4317
4399 10259
7953 4979
5485 3844
9117 12944
5469 14275
10296 14889
2795 4854
5248 1151
12693 12672
6851 6099
13386 2796
11160 5900
10430 9199
4953 13410
896 3704
5015 10650
13917 13260
4959 13154
2404 8156
14921 10542
4666 5148
42 12641
4486 9698
6757 3067
3147 3174
7281 11612
12432 662
2906 14275
11685 543
13549 9420
5112 6509
652 8327
1320 4286
14964 12973
4375 2170
7366 6327
4491 9280
12747 14500
12355 9439
1985 8958
13609 13277
10072 9496
1777 13710
3161 14063
6184 2962
3464 4466
1667 11329
10183 3481
7310 14192
10617 12876
12597 2441
7044 11634
14737 10681
8236 10381
10242 10972
11815 9431
1977 2116
3667 8113
9491 8312
3916 13528
12024 11649
3690 13518
2453 10981
8600 6677
4011 4903
1757 2903
9838 12681
7501 3529
3117 9526
5219 10035
1154 7590
14116 8599
4322 6968
2409 12501
6632 5403
5990 4529
1383 4099
12397 13799
9850 9843
144 13185
8722 9406
13558 12539
5737 13020
2006 12204
2735 896
13955 7089
14321 10090
5398 11588
1153 7898
11965 6667
11403 2245
2624 14970
10191 10986
6528 124
14361 5967
6635 11016
4816 12662
13569 8841
11540 281
2803 4803
1507 9357
4609 4701
1895 14760
830 45
4067 3560
12174 12511
3255 7162
11161 8904
1648 12637
7012 694
11138 1029
9771 5902
12878 13959
13494 9483
536 10670
6381 10401
12909 5583
5097 9498
11002 1356
8325 13505
3243 13854
12986 4070
10726 7404
11004 5112
6968 2423
11290 3246
14790 8270
12847 6933
3551 12143
4539 2615
2568 1278
11793 10165
1891 6413
4811 11704
6628 7877
12811 1289
7054 14587
1116 6562
12587 687
8247 4786
7963 9110
9267 2919
5334 8768
7196 1442
2324 1600
14840 14272
4164 12792
14070 4049
14665 7911
13135 11079
7272 12738
3834 6918
12507 2475
5488 8642
4486 2624
12850 5134
10589 13237
11552 9638
7221 12691
4411 11496
14835 12791
6594 14215
9575 996
5606 7679
6629 10797
5806 6257
4709 14022
9950 3520
7664 10926
7814 3250
7003 13727
10239 470
13210 11301
4636 885
11805 12362
3023 11421
516 8268
6606 11
8283 14543
1449 4701
7920 1541
86 11013
3638 9779
3913 10764
13054 4720
8909 4501
8855 11468
12091 549
3071 5927
533 392
7222 13436
5915 6049
3894 4254
5822 7973
10709 8478
3253 14609
899 11632
7250 13893
1623 7571
13098 1787
12440 4866
3665 7219
6195 5891
11877 12232
101 4199
14663 2409
3262 4949
4775 8393
4860 8409
3515 2218
14912 4076
10438 702
3562 3815
12211 1866
14002 13277
1336 11269
378 13283
5165 3133
10781 4369
9334 2937
5373 13303
843 5194
8824 14242
5556 5452
1396 10108
14187 9940
10541 9612
7808 1200
11820 5805
5706 2815
767 1107
9355 10438
691 6801
6254 13139
14824 3382
6172 10904
7782 13484
7855 11916
4381 6838
11647 5853
2750 7484
5723 14049
10212 11977
14597 12026
10974 6511
6590 3260
940 9636
13689 811
3697 14947
10806 9567
11184 8040
7221 9128
10547 2611
1591 12518
2748 5032
7919 1547
5634 13594
179 11560
797 12865
2851 11384
7604 3181
7464 2067
12440 2774
8644 1802
6684 12044
7203 4366
12843 9274
12365 12034
958 7021
10258 6970
14667 12279
14123 5095
9045 1874
5905 14853
13276 3866
3076 4996
3207 9980
8358 2575
3588 12039
9651 13444
870 13930
5434 6119
5389 11905
4862 9554
5880 13722
7997 6464
8500 10656
6046 14812
1563 11833
14867 1945
10571 2035
8674 7879
5998 7558
8446 8227
10306 6019
9067 10586
5589 8336
13843 2057
5516 3815
1564 596
5093 6002
5117 11295
5901 6713
10164 9537
3534 1025
8950 8595
13224 2997
10859 14079
11076 2852
10265 13608
11342 1822
12256 5149
12614 1224
8821 13113
12418 10682
10330 6160
4566 10435
972 12365
2356 8901
5595 8260
9714 13010
10933 13366
8666 13944
1617 5335
9478 12962
5375 2443
3900 13856
12593 12992
2656 2377
11360 11973
11005 7789
2733 11396
14787 5444
12140 9670
8953 9856
5223 6096
7816 3937
270 7938
12667 3
13595 5124
13201 13894
715 11357
3936 8688
4466 9165
3123 7703
4864 1377
10026 8050
12241 1368
7290 10067
4187 8848
13237 3715
8601 3025
14434 9111
459 12351
996 4932
8925 14501
7327 13384
9161 9040
4809 929
10918 11193
11826 10101
1933 11583
31 1790
11808 14116
584 9519
14381 237
2167 5258
8824 9923
2149 5965
14021 9159
4218 10708
3386 14883
7358 3781
10560 9938
11016 8209
13550 6762
11940 9096
13791 3392
2910 10731
11489 630
10399 14154
14197 2234
10289 6037
8080 5869
1284 8869
14338 9389
727 2110
3444 10455
205 10767
13734 5957
1389 4066
7028 12134
2657 11690
10539 12200
8268 14726
14962 7429
6060 7331
11374 179
7822 6477
13422 7117
14186 205
11104 12415
9929 415
14549 6864
9601 14909
14114 12935
3470 12557
5826 1835
13723 11573
901 5853
753 5355
12449 4292
3710 6765
14391 1885
14007 9761
9435 1169
14298 4333
8549 4008
11088 9102
10920 10497
7538 4533
13018 6488
9297 14408
4465 991
2065 13351
8730 12662
3459 1147
4782 4586
7280 3578
14555 222
2701 13330
12736 7151
1737 13114
3411 12932
3839 12992
12511 2
10682 13822
1619 8777
10979 6914
11184 2844
9697 14970
11380 13458
3942 9212
2742 12324
7295 2660
7669 8314
10712 3308
13874 7758
1001 14718
8353 7517
3772 14884
419 11912
5342 4105
10067 7629
10261 3304
11537 3197
5678 6901
5202 14502
3896 11339
9862 1533
3854 5993
3057 538
5281 10703
13968 5137
9545 12574
6734 13394
13250 13712
4371 10023
341 8936
14650 14752
7325 2572
2429 11957
941 929
5229 13411
5177 8473
14457 6894
1847 12816
11615 7499
3519 3725
1124 12122
5049 3884
14765 10906
6123 1010
4800 3874
11514 834
3197 10198
6815 3362
11954 10902
6035 10172
10888 2032
11750 2912
920 405
1041 3944
9134 3425
4274 2049
12528 5809
10191 9147
11573 6670
6340 13569
11483 13785
12782 63
9954 399
6596 1431
7220 14502
2417 5192
10827 846
3337 13243
13474 2840
12328 13999
11922 4515
4174 9373
12621 10389
13179 9128
10497 4659
11087 7677
6159 3738
7463 11852
12453 1708
10512 2422
1714 1606
10861 3858
6172 14698
6819 13605
12553 8883
1748 7368
9525 14155
14104 10536
5250 14519
6724 9886
1761 12090
11277 3494
1757 5212
4887 1518
1621 11860
3230 430
10527 4963
12602 4265
7431 10765
6453 8431
9431 660
2735 11908
11775 14081
7761 11684
503 5464
3970 3993
12092 5550
5761 2294
6845 5319
5436 9121
2661 14054
379 10231
12729 10993
4723 1686
8027 7899
11597 11848
1408 6292
10595 12899
8067 3792
14981 7501
8761 1160
1871 4372
6070 1839
9675 8674
9430 8735
12474 3175
14055 4182
5487 14490
11999 2496
2045 1057
9634 8650
9542 6071
12734 14738
313 6251
4940 971
3343 10294
2669 13927
12235 9786
3626 4029
8475 8581
14752 4466
12498 8516
5158 11767
10518 10688
12991 12487
14540 5693
10432 10239
11303 3045
10252 1428
10823 4509
13354 1907
11529 7661
5100 10344
7975 11195
10915 9375
7392 6223
7578 12134
1816 2212
3308 13891
12388 758
11014 13228
8374 12473
3350 7032
6365 12262
4925 5935
3799 8747
2506 8132
7521 3678
8188 3234
5429 9469
13583 7916
3269 5047
4813 6711
3575 13674
12585 8798
9607 7982
10693 870
1128 10316
14803 3113
9511 736
12527 14263
3705 5656
5931 12276
10982 11260
2853 9375
5082 2933
3198 9029
8947 6801
3108 11328
872 14678
12209 2982
11296 2764
9671 10805
1682 7362
10800 1154
2031 6512
4004 10775
7195 3420
2047 12692
12888 4756
13322 1883
11899 14178
10884 5124
7293 7446
7849 12964
9306 14597
9576 5296
7496 11664
14590 7734
5825 4849
14670 8233
5276 12459
2711 5395
979 2551
6272 2900
127 14449
10533 11171
1788 3144
9136 9318
10540 9916
3353 11307
14138 13793
10551 13418
9690 11516
1955 9233
5774 13382
378 5895
1913 10448
3393 10493
95 3771
11905 12813
8240 304
4962 3841
3264 6589
14829 1898
2622 12922
3403 9488
14422 13154
8786 9932
6167 1061
5912 525
13690 14028
3356 8098
21 10426
11737 3692
1969 11133
169 11786
10996 4042
3489 6869
9538 5116
11864 14264
674 2011
7613 7161
11840 2866
13830 9687
8208 10425
14365 13944
7349 11745
9764 11764
13162 12901
10969 3402
4468 9157
3052 13862
4399 6533
2995 7426
2626 7789
14574 10688
5213 9247
289 1961
8216 8383
3059 13259
10840 2926
10449 4058
10543 2307
13960 9788
1581 4204
5614 6577
4990 12380
1694 970
5607 6955
12474 14497
7494 5597
1201 3857
12849 5906
3224 6127
10970 3876
4373 7590
13695 3287
14586 2109
510 13606
14040 12249
5988 8455
8699 9441
4229 12340
13570 4266
6895 12689
3454 6847
13846 3724
13655 12449
10008 7252
13647 2967
7482 11260
11740 1089
11154 12316
13785 13467
929 13238
7064 6234
3857 11501
12685 679
1981 11822
4177 7049
2695 5183
8867 11765
734 11987
12609 278
13167 13016
111 289
14866 10718
4972 7333
13046 5744
10129 12808
992 11022
1371 10138
2447 4250
12659 2016
3228 1581
12140 3433
4996 14140
5856 2677
9439 12778
63 8206
13758 8701
10884 4217
1548 7934
12415 2790
3560 1899
13050 4154
3815 8770
7314 1800
2963 13930
5149 11118
4802 10916
8690 7367
8515 8420
9152 13703
13501 13219
4644 7172
9940 11346
4180 3642
4163 8655
11237 12492
7785 5400
7441 14893
14395 12976
3044 2273
3781 10762
4199 1365
9209 1821
3174 7503
7246 3969
2086 6303
11073 4905
10885 4104
6696 13117
10276 4535
550 14557
5291 11544
2354 6849
6093 6081
6719 12596
13076 14467
3441 1201
13288 6727
1142 2573
3886 922
14558 5553
13010 8784
11888 1436
3 14818
8623 4087
2991 6655
1408 11670
12660 5392
11671 722
10284 11188
1573 2267
9859 4280
13891 2845
7006 5214
9094 11225
5836 573
193 6170
7415 3865
1165 322
11266 12649
1040 9669
7861 14265
13255 12437
10289 12009
7360 10749
14078 1194
8048 6811
14364 13890
10020 5822
5117 7216
9291 8730
5290 10136
14097 11458
14179 7120
6774 12746
4456 11345
11062 1043
2515 5648
12896 8615
60 11569
4831 13728
12207 6927
10917 9488
12262 2734
321 5167
9630 13604
13038 5169
14279 14726
1799 13215
11439 222
7900 1023
12450 8073
7456 5820
6194 5118
12985 2348
13233 1243
3270 1510
13905 9328
10796 2621
14187 10448
13982 7785
14507 7812
8710 11085
3924 562
411 4903
9972 5781
2742 7662
4189 7179
8172 923
5874 10537
7166 7772
10147 10031
11376 8337
14691 9410
12030 10290
3891 592
8230 9836
8344 9583
9391 6332
9470 11675
5345 13907
2029 8410
9025 10297
5445 14217
3880 11148
10864 7290
14124 3393
10087 8515
13713 9756
14535 5998
13691 1626
1832 4100
9546 5714
6750 1580
4606 14123
10404 6215
4878 1001
3131 11747
12215 4887
12988 14850
6732 8806
12310 6574
4384 2043
2800 7901
9258 3083
10791 1068
14791 4156
1365 14952
7833 3920
3088 14410
9407 2908
10400 14000
14367 12555
9665 7959
2257 1361
7335 12326
9856 8093
14159 1606
7280 12506
13161 13111
14617 13566
5211 7470
14942 358
2104 8754
14209 13189
1643 10031
4180 10754
7967 7632
3595 8993
1225 12415
8921 13409
10383 3683
232 5562
563 7020
6117 3439
5121 14262
6490 2019
5224 10445
12425 3266
14964 5695
5168 10499
14888 10941
14803 11379
142 7191
13251 13801
7118 5894
4459 10660
5044 10480
12451 10992
14870 4300
5869 11827
8924 13747
10561 1558
5393 5631
2588 5540
9108 13996
6167 3956
14533 4094
12984 9640
13022 795
5562 5525
4104 535
1836 3160
13460 6408
2406 3967
4657 650
7673 2427
7354 3054
519 13502
6912 13149
1055 7593
11552 880
10148 1039
13008 7512
3401 7459
9640 1431
11026 14357
5504 5686
4325 7940
6622 12630
10687 2255
8917 4863
9628 5072
9187 6340
7154 12611
7353 5937
13876 1189
9520 6650
4129 9740
9394 12890
6796 10469
10607 8180
6990 1247
13621 10461
1242 13672
1679 1201
2442 11146
9657 9939
12895 10639
13999 10656
7489 14919
3166 10176
4917 10060
9028 10663
7286 1780
7523 9119
8677 13870
13704 1287
257 4923
12363 9477
11354 9617
2767 1133
3849 4684
14608 8840
5402 12818
247 3399
7744 13668
9092 3515
14285 1734
1747 2637
4423 8605
2793 8126
7726 10540
13649 10279
3724 3997
1758 14688
1386 12951
10279 11129
2935 10461
12434 10509
10815 11152
1854 11549
8032 14092
1040 3715
13320 13840
12229 14814
7366 10923
9747 2965
7751 7815
11173 12407
8289 6165
6904 11865
7481 12436
7351 8671
1901 6835
233 4133
10094 8173
11958 10499
11546 5722
11140 7573
1235 8303
14722 10402
4246 4085
13794 12714
3686 14724
3717 2340
6505 8260
9215 1514
971 7457
8561 8700
10767 9727
11270 11153
13520 4167
13563 6339
6009 8589
7157 1014
12308 12692
8303 8441
6381 8849
5947 1859
824 2071
9711 4660
5661 5265
4237 12826
9884 6915
13723 8623
9449 2011
933 1046
4345 12050
717 12610
12611 7310
1934 11615
8778 7851
3524 1346
9968 11059
6996 14656
14623 11771
9671 11218
3822 2139
12790 12805
101 4306
2591 10573
10849 3671
12915 1843
11011 8930
6879 11222
8494 2198
14001 10822
4172 169
9476 4761
2775 2389
13769 3924
12872 14506
5662 13586
10851 11323
4304 2358
365 1636
10779 9280
9529 11331
10179 6411
6649 7556
5812 14980
12070 5326
5886 13313
8443 8984
8348 9557
8687 4230
1345 8885
7470 1099
14557 9660
4273 8710
6238 7016
9196 1826
14261 14271
5071 5200
8884 11316
7276 13307
12534 6740
7241 7319
5701 13329
7767 11228
9752 11039
1138 13316
4911 971
11738 13454
12213 4699
9294 3342
2176 8696
8139 11259
6621 6045
9211 13840
9998 13052
8753 2260
6595 9731
12550 3445
10006 1724
8297 10856
3512 10569
11728 11988
6944 10144
12881 14073
12303 2240
6332 10453
11827 7125
9059 5126
402 3915
10439 11250
10287 2424
12208 13171
2408 3845
14645 14609
11097 6791
743 11356
13315 13810
7590 1099
1292 11655
11699 4042
8828 6107
3851 11943
10332 14601
9693 5358
955 311
10621 8035
8769 7917
12260 4092
1514 12127
11920 14982
3074 12387
6706 1068
2553 6998
13121 5488
7779 8353
9590 1817
3999 12212
11721 13227
5904 10607
9307 9623
5131 13218
14117 6995
6283 7682
7287 11689
9719 6770
3033 13957
13114 9762
2836 4542
8830 4402
7327 14066
8194 14401
13197 56
11052 11697
6312 2019
10756 8113
9877 5346
9006 12711
5729 7286
12904 2569
6999 11300
14105 191
5195 4866
4211 8603
13912 2368
7180 6740
1773 12321
9333 13923
5046 5956
5124 12048
7047 9221
8281 7848
4130 6639
7660 12059
2165 8205
13258 13106
9394 8200
2212 14030
2420 11561
7385 13197
10245 3399
3034 14719
2809 5910
10566 8281
1609 12544
14128 7769
10504 4469
915 1567
2936 13934
4566 8977
13988 4564
3685 7518
11536 4953
14522 4860
10887 5398
12864 9223
262 740
1491 13828
1962 9701
3496 8118
14868 2814
14519 6237
10024 9740
6117 956
8831 6550
12862 7687
12807 328
3699 12359
6295 112
12655 3414
14472 5361
8944 1830
2169 6305
14495 12843
4481 6252
13996 7955
7046 10295
290 8114
12355 8620
13607 12462
4975 12411
1412 4283
9531 6675
10117 589
12938 14653
4414 10787
10979 6399
2486 4075
11417 8975
2516 12286
2854 14001
13741 214
9560 12101
7265 12930
14444 13085
12989 5169
6661 808
14595 5202
589 7062
8152 10182
10693 4234
9579 6890
48 3831
5010 6993
456 11330
6753 440
4028 14096
3507 5615
13574 11653
11705 7589
7693 8748
4493 11602
10000 3240
8203 9945
6299 12987
4649 7302
12116 9275
14460 11468
9035 7092
13657 3926
241 26
14924 62
14214 645
4780 11205
13359 9183
9084 10901
11414 14824
5665 13130
5697 10142
8757 10225
11413 13090
10672 14572
3688 9664
284 14505
5310 2506
11155 6424
11722 2109
12718 7277
5583 9723
985 9305
3856 5500
3133 5214
3290 10126
1963 6987
6839 11415
9530 6121
13382 9362
14994 8651
2921 8374
8735 11265
9166 2530
2755 9050
5678 11012
5387 4562
14552 11952
4373 2048
3349 5383
14493 1717
9218 7847
11753 13193
1515 9968
10630 13269
14451 11378
5223 5508
13087 12928
10428 12339
332 1091
5930 1571
4249 7379
14660 7263
6930 10291
5516 14471
9937 9274
9696 13783
2032 3639
1067 11921
2987 4414
12925 4602
13786 10078
2940 11051
2240 5711
666 9741
10667 11937
5334 9481
6877 3868
415 5363
2363 6449
4594 14972
9626 1638
14094 13895
6382 7907
13224 10062
13881 14352
13999 3612
11451 14951
3878 194
9296 9235
14978 10254
6670 10814
5864 2327
12053 2251
9698 8134
4825 13922
7635 1751
4308 6799
9251 1393
1850 3003
13269 9340
10476 4966
14263 11582
10413 865
1299 13727
12437 5268
14349 7437
4519 1407
954 1338
14701 5800
1257 5162
5397 93
10683 8410
3787 7031
14004 4415
2122 6958
9920 915
10172 14147
14981 10176
1714 3004
8068 11819
14681 1027
4271 3991
4794 9939
11153 10972
7990 9238
13534 7391
6542 12541
2272 7391
13559 9053
13183 1412
13125 11259
11877 2028
13120 6876
11959 5311
5756 13277
8406 9505
8171 1820
1414 7450
2106 7692
11307 4524
9474 1429
13508 8202
10910 1304
9696 1927
14577 8323
9442 3710
14110 13881
3966 10555
6401 5670
7871 3646
5138 935
10625 83
12846 1262
2573 5843
1281 12326
13685 9288
11923 2492
1616 10599
4518 2346
14519 14135
9950 12120
5460 10702
2666 9840
3918 5067
3599 12820
740 9090
1824 1669
1740 4307
8180 13405
9162 1187
2557 9612
7921 9699
5857 4988
10705 5785
2515 7339
6115 6536
6824 9724
6490 10454
12066 8688
3735 13190
4505 11297
2568 1722
7809 12602
12622 5176
3699 554
2998 1649
12707 3949
13998 1938
12893 14221
13244 9203
1563 12853
2585 6477
8987 8340
10472 1954
12723 8176
14552 10089
10466 11975
2847 1598
12946 14574
2250 12318
9196 8251
1148 1143
5071 10319
14843 4714
10308 10243
6667 11804
4964 2969
1642 4220
14980 8718
10184 7012
4849 1466
9607 3470
10055 8132
10901 263
2450 9331
2746 13330
12348 2641
7380 2088
7466 10699
6650 2248
4878 13964
661 6777
9537 9882
2419 5999
8771 1799
8043 11281
5349 10518
7086 9396
6398 9610
322 10603
4720 5056
2905 2679
957 14851
7915 9941
4874 6350
119 4270
4043 13878
11110 11977
14809 14435
10407 409
138 5265
2334 7147
7033 12831
980 9296
13669 14593
1095 10916
308 5518
9037 865
1952 12557
7122 7509
14361 12189
3141 202
530 13105
1255 4667
11535 3906
12939 692
7449 5655
11972 7953
12273 12841
2619 4136
5210 7298
12673 455
10350 4123
3401 13852
5078 11417
9977 10093
9566 11845
8917 5919
7665 3967
8058 11124
13615 7790
8936 988
3744 3437
3407 1207
3064 4139
9961 1722
647 8501
1044 2345
11760 14142
14438 10348
2110 9852
4086 2610
13571 14026
13247 14894
4966 8610
1194 6086
1277 5790
7174 9624
12840 10935
4170 1699
12913 6801
9999 8675
2513 5432
9641 12184
6208 9802
813 10020
13906 10015
668 905
12527 834
13175 13577
8350 7190
3076 2669
1263 13232
6552 7173
2478 8453
11312 9826
13129 6126
14453 8934
4656 4011
7453 12476
10662 6887
1504 8345
14893 5878
8226 4846
13552 4685
401 5100
6782 9902
6936 7626
1406 4019
14459 12124
2312 1790
1799 1814
13571 13039
8525 6023
1733 11476
1058 1049
3821 2475
10005 12320
8292 5224
10302 8448
4215 10569
3488 11257
10147 8148
9383 12476
3794 10494
12430 14626
1829 217
12531 11196
3187 13909
4960 3550
4827 8956
6737 7089
2861 4606
7514 1003
1870 403
6529 14499
14724 10277
2736 302
7405 5331
9482 6335
12094 5471
8474 12922
823 12060
1671 8085
6430 4232
2635 7259
5481 3192
10239 8899
12212 11874
14165 3849
4906 5628
2892 12626
11522 13761
6229 3180
6152 4416
789 4340
13712 2247
12592 7964
7528 1541
13879 1657
6327 4864
4315 13182
2019 12888
10407 14707
9166 6165
9207 2443
1760 13978
5141 2352
6585 13532
12686 4591
5785 4584
4056 10996
10468 14163
11601 3679
11785 6196
13228 5431
13012 4977
3348 5928
13960 5408
3489 12018
1094 14100
1762 6357
7403 10418
5340 8151
3353 1298
8421 14013
9224 11833
12357 13976
7036 780
3906 11180
13012 532
4610 6636
2195 3739
10164 2124
1951 4419
4018 12686
13552 6790
2701 10413
8147 4213
11314 8995
2203 4363
10386 14477
5738 6257
12996 6944
2194 13790
7678 10788
1511 13209
7299 9297
14878 573
9629 14199
10812 1254
11728 12950
10696 357
7454 7816
4392 342
13562 5210
2467 11872
10399 7041
8463 14369
8098 13996
4449 7753
4981 7516
8161 13876
8375 8886
7425 6291
11283 1799
2692 14244
717 2755
7154 9264
10445 7496
7907 1541
6170 11714
12010 13685
590 7881
14343 7082
3200 9840
2572 591
6573 3446
3199 11278
13465 12324
1462 12297
2430 2420
4815 9603
8737 7728
7319 7225
9776 5451
14642 5993
1981 12095
12853 9985
1211 12987
10517 10813
9178 5538
4195 5518
11384 5416
14686 8194
6765 11654
11334 10882
9553 4999
11369 12546
9514 12565
487 4073
10709 11612
6028 10572
2711 10640
1425 7378
860 11145
610 8837
3185 12278
4762 12733
3718 3503
167 8256
4281 1943
5846 1697
13214 4428
11793 14200
2631 6418
672 11006
6208 14415
8155 6669
14187 1688
4299 4512
12679 7060
11016 4101
2269 14853
3004 6809
1823 1980
10390 8602
8783 6173
721 6799
10389 11073
1330 4774
5650 5522
3571 2059
11811 5366
8914 11333
11762 14871
13146 7079
4315 1829
2286 11485
10083 2858
3183 7107
3162 14548
2686 6825
2819 10381
1228 5224
13012 568
395 12363
7365 1496
5128 6458
1967 14838
2572 14518
6310 10241
2089 2288
1290 9504
1757 14642
12360 5855
6591 13452
1710 6908
6932 10401
3352 3694
519 12446
7642 2762
9513 604
13909 4045
4081 12756
12963 7682
12901 9427
14029 5632
4637 3194
1403 5824
11118 2428
8716 11530
440 5672
304 5863
376 2348
13986 9595
2716 8134
6275 8075
11907 1010
2345 3866
5378 9966
10226 1690
13321 5867
449 9629
1469 11194
13924 4197
14244 13014
8221 11152
5860 11091
12452 1412
3238 11120
6024 1557
3530 11601
779 3431
14468 7368
1298 7178
2677 14215
11789 719
13981 10223
5159 14951
10871 10737
6158 3440
4605 5454
9116 4779
13409 5499
7250 1485
2225 14539
7629 3551
13249 2089
10194 3702
8070 13094
5270 12961
7422 10767
7760 2336
11569 4091
6821 8652
9398 12529
3023 13532
2663 6406
4185 9359
12353 14142
1785 7336
11395 6747
5334 2604
4544 2387
3877 11005
6147 8714
7576 13781
8773 5104
14819 8790
13590 13250
12886 2853
5042 8648
2995 3504
3299 4934
14466 2352
3736 6516
5458 1667
9076 8397
12332 10758
4621 8206
6302 3769
9152 6975
8169 7619
5197 1987
5800 13127
3656 5241
14168 6760
3718 5004
3139 10067
12282 9868
4369 620
6395 1044
1423 12745
4157 13540
14762 8202
14953 4344
12273 985
10475 5340
14275 3034
10047 11587
13984 6287
10053 9802
11783 5607
7838 3509
5122 12930
14436 6302
8106 13247
13961 13308
1927 7771
14910 13178
9010 4239
1098 312
8901 2690
12792 7415
14811 1271
6999 8907
13009 14255
13814 6931
1442 14780
1552 1476
5953 9554
2871 5931
13468 9928
11193 4287
8853 14139
2706 1222
13845 5317
6876 14777
1299 2450
571 4210
9602 2108
6013 10394
2907 6710
14882 13293
7882 8385
5930 5634
5231 2861
10657 11972
12589 4930
11033 5579
1901 13380
2278 7866
8227 11968
5404 12804
11303 4675
13081 2185
10005 11042
6304 7524
5132 4970
7769 9365
7803 9446
1360 7651
8919 6546
13983 672
12942 3686
1371 2885
5122 6375
12652 11142
2923 12215
14300 6029
8687 1543
12173 9594
2547 13627
1853 4045
3153 5028
6342 1534
3524 134
9890 5508
11700 14124
8144 11184
573 6315
12773 12952
1592 8135
4956 7132
13240 12132
7946 1700
9832 2993
9159 10922
10828 14476
842 4287
4198 11479
13826 23
2373 3657
14383 12481
11515 2871
4711 13735
11049 5117
6185 4763
3660 3483
6938 8109
8265 4810
2997 6666
9156 13240
8722 5445
2483 4188
14916 7997
8439 8233
4220 8323
3485 10879
1169 7042
4132 5707
2449 6765
12307 4024
4388 9973
14925 11890
11571 8840
7766 8716
2099 13455
14569 12123
7816 9868
12467 11866
13870 8046
4579 10391
5030 8627
2001 13168
8670 9532
14648 10948
10163 873
7591 4501
2947 6275
13390 4472
8589 13740
6081 9181
14565 4251
29 8674
9095 5097
9894 569
5446 3654
6024 12401
11525 4166
908 3346
5784 14680
8302 398
13813 4587
13394 13161
9257 6316
4266 12200
1878 13689
2722 916
7055 7503
14630 2189
10147 552
4505 2541
1770 9254
13047 2597
12990 3559
5187 11195
4404 7359
12349 13213
5363 4815
14001 5721
12683 4474
1006 239
6443 10013
945 11880
1182 9173
14254 12713
8504 13076
5108 1660
4420 3964
10874 6728
4823 12230
1910 12288
8873 2986
23 13684
8111 8224
4165 8903
10281 14238
3487 5963
9797 11291
9870 827
4463 9112
14405 4090
12494 7556
12476 6708
9897 14710
6281 946
10958 2541
10205 10305
2318 13110
12059 9897
3906 3595
3160 692
7073 7038
12076 8978
1633 14048
10390 2985
12405 7186
8096 10401
5765 3196
7471 3146
13866 3180
12906 6217
13667 1003
2699 2679
10916 12441
4789 4945
11786 8904
8259 1781
4800 7160
8305 11174
8110 11903
9047 12928
1822 8358
4854 1803
14864 12220
14051 6161
864 8529
11187 13545
7200 11367
9507 8665
8554 4191
8549 4255
12736 11391
3443 3996
882 6519
9255 4485
3750 6008
12256 13273
378 5052
153 11190
3186 6623
14918 10462
12116 11028
2072 1278
11618 765
6826 4227
5409 5215
1060 3901
6540 13361
9365 7622
3580 6870
1570 7782
10343 7568
3802 9780
9863 13112
3976 12294
5435 14728
1442 5122
5781 607
9289 9866
11337 13121
7990 11045
3124 13997
5777 12364
11623 13446
12792 9168
12507 715
6170 10753
14208 8459
14452 10097
5130 6652
6041 3539
3634 14649
5008 13961
742 9571
12265 1090
3582 10422
5703 2123
8545 1710
23 2977
8200 5048
7976 10881
4715 1131
11100 2339
7772 10665
549 13136
9538 1828
2587 8802
9851 2031
9405 13619
6120 1212
709 236
10426 5795
6189 3581
5063 13028
8720 4787
9172 2361
14166 14286
12752 14659
7432 9148
8134 4924
6879 10074
13923 4934
13760 11104
1695 5551
10778 14307
14980 14365
12222 7648
3910 8345
5377 13168
11191 11106
10522 2761
2437 9605
2212 1664
4228 3955
13105 2734
7643 10168
7733 3339
12601 4810
11352 10818
6026 5372
4870 5869
7076 6390
9282 1542
11375 14682
12468 1602
12958 3406
11886 2015
3732 3280
7239 10423
11153 5333
4970 11285
11560 10254
7626 5870
14176 2225
12425 4417
12028 14990
12084 6891
2431 4309
8387 4810
14165 1203
256 7737
7320 1147
58 12208
8290 14969
3822 7869
12395 3752
12039 10200
14968 7450
10839 11494
9648 8908
8745 12578
5534 5555
13506 6547
928 8383
1517 885
4898 4249
5273 12128
3318 3689
12886 2112
3027 8289
4482 9460
14810 2275
11953 12767
3797 14531
400 8346
9866 1627
10698 7078
11162 1041
11858 7958
12204 6065
1615 12778
9436 3330
12300 7617
6957 6273
9478 6680
14697 3223
1661 11199
2148 12682
5528 12197
10515 1160
14096 6323
13611 4678
2127 8376
778 10558
162 8764
1932 12037
12191 5598
7428 11380
12959 7864
13316 9438
13261 9622
10451 13485
7419 1598
4600 5281
9324 3758
9351 14897
4826 8345
8667 13173
5763 6464
5759 5227
12219 3061
3874 2746
7427 4140
788 6326
11504 14825
7168 5821
8748 14996
6084 3868
14000 3176
13833 524
7423 9638
5115 8847
5657 14413
9283 7372
5057 4340
12391 4416
11026 2231
754 9886
9503 10682
8271 733
8232 5128
4603 12816
7400 153
1109 8127
9839 1422
6774 7077
3003 4680
2434 2503
7066 6472
11136 6688
10398 8666
1954 12007
9496 14970
6943 9443
8590 10260
13788 11513
2687 12415
5036 12142
2946 9288
4669 8692
7911 9809
6497 13115
10694 14184
2700 6423
8190 14169
4389 13832
9514 3850
4407 1943
498 2173
467 10718
13320 13522
14978 12715
12220 12178
8885 12916
1585 6587
3302 585
6612 9267
14705 6338
5539 5600
6018 11317
10508 8305
1929 4997
12212 12392
12943 2591
6699 10597
11721 10492
7786 3996
1873 6352
11858 14435
9653 4467
1459 5006
11890 14713
9844 4574
14673 5245
13856 169
8192 5818
9317 8607
9549 4393
1650 6999
1835 9664
9917 11022
1957 7850
4897 3697
2672 6071
437 10194
12391 14226
1702 13720
5125 2022
3539 7706
9912 14328
6843 11665
14385 10626
11741 12539
6679 11382
1816 6085
9245 8371
7544 1862
14548 8717
1184 12765
6468 13830
4493 4265
507 7267
4066 2969
2955 6554
4407 8413
13298 11525
6301 2148
3954 11581
12744 9102
13903 7148
7508 2403
6898 13799
2223 4209
7848 13711
4105 11164
9838 5466
9571 3566
12766 9122
11781 12118
6414 1618
4726 2607
1077 14451
2949 2102
3211 5714
8381 3455
1722 12446
2666 2704
14950 13340
5915 1455
6729 5487
9906 12633
4992 7115
9121 3036
10489 4117
14158 5375
13608 459
1910 8984
11163 1240
9822 7970
4485 1967
1972 13570
8922 12113
11616 1177
10373 12835
9929 14821
11022 7150
13869 1706
10388 499
3155 4293
10195 6214
11051 4885
10795 10567
2829 13820
484 1358
7739 10749
4545 9837
3434 14940
8066 455
8310 11792
2653 9281
13973 7035
73 4765
11367 1730
6330 10727
5019 14467
5142 10790
10561 4438
12326 5775
1499 863
11116 2988
14434 8792
9645 3829
2500 4628
6198 1907
401 11603
5959 4305
3408 5819
6246 281
8671 5173
4360 7330
4517 7718
14895 11700
8511 7563
8811 13885
10703 8522
7150 2846
637 4590
9150 8150
7728 13182
12288 11941
6140 3227
13790 13674
11809 14941
2221 3694
1154 6155
7486 14399
1724 7265
5146 9850
5968 12949
4445 1774
3792 12639
2636 1708
6802 14052
9462 12800
12536 5869
460 11445
6850 14476
663 4336
2424 7907
1126 7286
11745 5644
274 13882
6448 14118
9966 9117
2048 10891
4120 10577
5795 1073
10292 11273
11569 5380
13588 14568
4310 7416
3488 401
5287 13508
14768 516
548 2278
14066 13195
8333 5342
13243 7753
1143 10491
5896 4884
14093 14200
687 13640
11152 1543
203 12901
8917 12140
3555 196
8806 2299
13334 3004
4742 4241
14217 13837
9221 14201
11739 14212
161 12479
10045 2649
8673 2956
11257 1659
5978 2583
12722 11504
14744 11191
4675 6737
12722 10646
3977 8390
14560 7715
12443 1782
5372 10869
5813 12270
10602 1678
1553 7854
935 13715
2986 3368
4023 6143
12889 12686
2650 597
10006 1890
3273 7201
14057 9964
9093 3163
1980 14026
12108 10486
13988 2644
4615 7305
8498 14153
7957 14880
1701 954
13706 2224
6323 9976
463 1372
8341 8636
11917 12931
6060 7967
500 6511
14500 8068
6123 11039
3315 6539
3430 13329
3510 8629
13985 9488
8359 2353
10954 3735
13423 100
2248 8305
7856 11282
3992 5133
2342 2858
2829 304
13025 7563
14776 8168
14193 7151
8178 7356
1515 13778
2413 11042
10873 6571
8587 9007
13198 11172
13260 9186
288 2503
2208 12320
1296 2467
10750 2392
5422 3526
13782 3884
1611 5037
1817 8471
11758 14906
6064 8591
11265 10549
4009 3418
5871 2303
9064 8219
10593 8075
2336 13450
7939 8252
4814 10491
26 11902
61 2219
3909 6437
6066 4455
4366 11707
14383 562
161 14525
14552 7108
12707 1379
10645 1077
1757 3390
836 2801
1409 14170
13646 2366
11428 14623
13201 12294
6094 10674
6383 1523
11616 14440
8317 13454
1333 11153
2179 2909
7125 3397
12722 12682
249 920
1823 10137
14586 7270
13445 1080
13044 2401
14665 672
6682 2184
4463 2505
2919 12298
14059 3457
12507 3205
9063 1326
11333 6879
8634 4149
6142 5780
13819 11455
8420 2572
3797 12722
14683 1771
8929 3505
3491 6835
10206 9134
14274 11702
7812 10050
9572 7359
2522 10506
9913 3890
8537 4577
14127 6663
1624 13806
7292 2836
12572 1923
8520 905
5743 14428
13217 5740
1901 12181
11999 4650
3956 3163
1049 279
5627 7719
1980 11059
3430 2352
10784 1239
13833 7852
3501 8265
4884 4469
7124 4720
2334 278
6725 14519
7815 6596
520 9173
2113 2541
4547 3676
8068 9077
5489 6768
12449 14310
7780 3262
3354 5767
3928 5050
2921 6294
2759 10033
14781 14082
3895 13872
4561 8239
52 4757
6656 2186
1767 6729
14341 1158
7901 9874
14779 12178
4735 10967
401 11725
6118 6687
12613 358
703 7753
9661 11441
7340 10839
6458 9676
13598 3429
3610 10019
12177 9712
10997 11014
2927 14712
8996 12252
14756 11224
4272 13882
11059 2243
8374 9430
10533 13069
1100 5049
10042 3920
2648 7097
2556 6868
1584 10708
5195 4800
6097 6292
4431 3809
874 4370
5964 5022
1269 5123
11065 3758
14385 4804
2883 2002
12413 5171
11949 2163
245 2269
10827 9917
3577 6965
7876 1908
11457 4725
9683 6771
1784 9594
2559 352
13564 1789
10859 3552
3325 5445
5134 9124
2171 637
12146 11441
9453 13784
8205 13479
2121 13108
5426 2184
883 9401
13648 11175
5548 989
11317 5961
6929 5575
12634 8559
1800 3196
10515 5629
10474 9454
6272 1740
13351 8541
4680 6680
14052 13735
12528 10559
14151 4296
10316 2369
12134 1486
4205 8634
13506 12992
2628 9252
3268 8766
5226 6927
4311 11079
14078 2707
11487 9759
3808 3141
13838 8379
5929 14814
2805 11641
13419 12967
2044 6159
13819 13464
3238 4601
6600 7837
2845 10705
2765 11172
12736 3806
14673 2112
3823 9038
5265 4956
14145 7526
12558 3868
2408 13928
12937 6145
4958 7314
1921 4222
4745 3058
13931 11635
12411 625
418 13064
13817 5817
14204 278
9380 12241
977 12375
586 10992
1854 5991
14146 1095
1695 1700
6132 4832
3981 11009
2969 6396
10943 9128
13444 9453
3536 5722
5799 14817
8085 5305
2970 5612
10806 13919
8714 3064
3507 4414
7346 1943
14828 4099
3827 3635
2273 3555
3869 14361
11359 10467
9790 10905
10249 13343
11900 14164
13291 4272
10538 6048
1867 10648
6601 6132
10665 12296
12163 8303
14034 3960
11774 11962
7110 7551
6519 12403
5952 8007
3548 8467
6492 9055
14011 11220
14651 8225
9642 11881
6704 6932
8466 3230
1235 7111
6045 7017
3008 7503
8956 10711
8890 13081
5722 403
11169 7102
12463 4449
6026 8968
10790 4013
12841 5996
2456 4277
12842 3827
9342 4457
2988 12515
8567 6801
3354 14719
7904 5955
11319 6443
728 7244
10527 6399
5697 2793
13785 9482
9586 1797
7552 10919
7547 10839
6752 14016
11534 2268
10601 13699
5993 11448
12460 8666
199 7583
9233 6159
6269 13806
4744 5066
9548 2161
9488 7547
1384 2791
2600 7490
11640 6852
12939 137
12941 7310
14944 11893
7281 6959
502 8392
12251 6418
11596 1103
12794 437
8127 10102
10459 13306
3693 11491
3288 1858
5382 5069
8008 13930
14514 5800
12408 11421
9410 14337
951 5974
12638 7530
13238 9640
156 3771
6079 169
13118 10700
4909 7922
9733 12831
7362 5030
6558 5591
5928 3971
4582 6129
256 2810
5427 5678
7714 10192
12310 1931
12574 9484
8472 11426
11673 13348
1175 11550
8399 14243
4261 7290
10575 2962
2385 13372
6146 2746
10310 9802
4974 2635
2399 7349
7846 5999
5883 11201
14676 12606
12551 5016
7530 11956
1746 9288
11533 5861
3489 5500
5674 11484
1413 8288
2159 6220
2871 10732
2348 9937
278 1485
2028 9775
12077 12902
5284 14797
9036 4196
11825 8973
13649 2238
12963 4167
3803 9784
12922 7829
6713 13537
6813 531
8204 3846
6313 1149
8905 14234
3211 8253
12895 9934
7630 14420
5130 7442
12798 1133
12755 14032
4115 4894
358 3720
3687 586
6444 10212
2345 10
5314 13699
12853 2372
12314 6735
2616 6431
7617 3819
11068 5872
10572 4302
14399 3520
11877 3843
7714 835
6551 7497
913 12515
14301 1909
2517 674
188 6465
10620 13149
4521 8553
5459 2044
13670 11647
3968 4625
2815 5841
5401 11051
1484 12988
3488 10679
2472 13842
2349 12101
14951 2739
5448 5900
10424 4415
12865 12211
11532 4493
580 14054
3920 12776
3495 2304
2564 13901
10540 4471
758 12031
6788 3015
801 10822
9233 4002
1462 5214
2269 4042
1661 13369
5529 9401
14681 1503
7424 2120
5227 6541
7383 9495
12654 3769
1085 5526
4089 2517
9626 1126
1556 5568
2317 12756
9334 12180
5937 6917
7245 6427
13518 14616
8029 5368
4910 2102
13376 413
11627 7294
651 7416
11487 1892
4560 4923
4067 8386
7340 12199
6205 2504
8384 6148
12301 13602
14614 2685
8627 4312
9125 6405
10722 11495
12426 9578
12264 106
12825 13511
10409 4665
1168 13152
10941 9671
3854 8202
10406 11353
3250 10637
10930 3082
12949 8319
13828 3133
4359 3532
4621 13326
668 12764
7233 12624
761 4237
2653 10944
13768 7234
118 13317
10008 11916
12121 6610
7357 6441
10381 7796
840 4236
8024 20
14532 12679
8374 10232
1253 14614
3609 14727
14261 2697
9625 3513
6918 8795
4270 335
5853 2571
14649 1270
11471 8565
8887 10181
11714 9732
12900 11392
8526 2116
1183 6423
11592 13830
10938 5685
2990 12933
616 806
1216 6381
7311 13638
6600 6072
11238 11153
4907 13214
7179 13199
2498 8051
9736 296
21 3883
3605 13067
2943 4846
2903 5810
14607 6480
390 10134
6671 3110
12917 1245
9028 12367
13288 9711
2544 7142
8615 3591
10428 74
238 3609
9594 10284
297 10190
12346 9293
8133 9465
8002 11654
12378 11772
1201 11328
12139 8559
2817 9812
4418 14020
1143 4682
11605 9012
12178 12229
8848 7511
3664 13546
9950 2646
9369 2467
9713 10735
5967 9675
2322 9307
2592 652
2101 5602
4992 6065
13592 1917
6717 4795
2990 541
3453 447
8452 11696
5618 1594
13573 7761
13712 14608
11199 12517
1045 9194
3938 3870
6967 3874
7699 5090
2523 14061
8366 10990
11764 9503
8381 10343
10652 7104
10301 9273
13615 10621
4310 2831
14861 101
11905 11082
4434 469
1484 3173
2465 7266
11945 13100
35 14542
7929 1364
9434 10115
318 2282
2395 1952
9001 3152
13623 13046
10876 11340
4717 5180
7959 6397
14303 4908
10650 9866
1195 11805
7452 11241
5445 4348
1817 69
336 2355
6164 13030
1239 477
10040 6301
10261 6802
11739 14544
12355 3160
9375 12534
11905 6976
9037 2730
2302 6640
6015 4162
75 11197
2736 9699
8647 8253
3736 9100
759 516
11361 382
13749 9270
2535 9627
7280 11807
14278 9817
4353 7804
13822 12216
4543 13063
5922 14550
10123 5604
8605 42
2721 9022
6670 8887
5791 5470
2418 5757
10885 2163
13598 3635
11307 6350
3745 3370
11856 13076
14387 13977
110 10250
8458 7643
14983 12017
10447 2521
12735 9240
14204 2910
11346 13837
7884 5141
3750 10086
2834 1336
3732 3941
2511 6564
2266 6294
8062 8232
5290 876
7230 13088
4942 11409
3800 8861
5125 8238
4463 7200
9718 5839
3284 8053
4967 7810
9322 9894
3704 7264
14901 2143
6458 13020
13146 9495
13613 9339
6028 7616
6254 1721
1447 14950
12649 13312
3646 12136
5363 3158
14558 4683
3476 12102
2711 14404
8664 8780
5487 5950
6903 2369
8169 1130
11122 11973
8030 3855
8818 9819
4735 720
8746 12579
1481 655
13958 3777
5164 9118
13283 5700
8951 11604
8808 8294
13432 12104
5316 9247
5052 5234
14818 12081
8900 665
1568 5662
741 4948
4125 5675
4020 13476
5823 1643
14737 1686
8679 7031
3739 14008
2967 1065
6271 8532
14229 13215
13326 7652
1613 8358
4764 6837
14531 5218
1360 1912
5320 7838
1256 8484
675 220
10344 5641
14152 14114
850 1509
14709 3671
13628 9544
14347 12379
2291 14380
331 4074
14950 1606
11931 12598
8159 8165
12068 4546
5746 12739
5464 14743
6219 11053
3647 1827
2653 5276
13656 4485
10941 4362
7189 883
4782 13263
5221 12370
9425 8812
11953 14296
2701 3833
3372 3023
1064 12079
14838 4732
8896 10183
11957 4923
14135 10594
1564 13234
10524 5830
6698 12233
10728 5407
3833 2914
5229 310
3558 3309
14253 9096
14090 12031
6771 14371
14589 6128
13227 11987
12717 9151
3474 1159
8069 10287
11524 3133
4658 7509
7445 7805
5308 10604
14813 1285
869 1606
7410 1832
4838 4046
2666 7325
35 3043
6864 5916
4822 5997
9172 8115
2630 898
10212 9118
12693 4251
8265 12775
6672 5585
102 12163
8445 12000
9071 4697
6020 10538
11753 7399
9691 2080
13219 5136
7229 12774
2742 12972
9938 6758
14618 4346
7267 12513
3174 12370
9394 3947
11781 10501
10176 4938
4646 2253
3525 8067
7599 11678
12701 2984
137 8631
3842 11966
10228 9899
7101 9273
1421 685
1990 1006
9592 1937
7612 3488
7318 4114
12970 6037
14392 10048
5207 7044
11948 8000
11234 14049
4126 2258
4486 5376
11966 1447
10623 4513
7555 270
13658 4290
6493 14108
5893 232
5238 14600
10793 12859
1868 13092
11241 11358
4828 10755
306 9820
412 7052
13866 3840
8459 14748
9956 14957
9722 14586
2653 7565
5418 11160
10741 1985
13480 1282
1192 14622
14933 8579
2029 2863
11399 14503
12138 9504
9553 7273
7051 9587
9451 14628
4463 12618
12242 8696
194 7409
5196 971
14467 6546
12069 8156
2643 14125
3739 23
6071 4814
12619 441
3014 9523
3148 11021
8397 3200
11574 1542
2558 10275
2231 409
5988 8944
5734 4609
8808 7427
6224 3311
13675 14928
11808 8426
10067 8548
12709 2085
10821 11378
12374 3985
9495 9425
7035 7897
143 8182
11101 12376
3105 1754
1730 13556
14201 13822
2072 12072
11332 13197
14078 13057
14089 1880
12924 2252
7411 13112
3468 14424
3948 6757
6196 13653
3385 20
12491 1884
4748 11526
7972 11685
6600 7956
2096 14177
825 14322
2085 13941
11207 370
4460 12342
12904 1258
10488 4881
8877 8352
10134 2339
2797 14771
11172 11682
7829 5051
6772 9020
6651 3548
10335 13942
13664 3622
14071 5431
9221 9691
5632 7733
5859 5550
3495 9877
14623 6702
6228 1029
1391 5626
7387 11092
13318 8403
11323 9636
8049 9590
3786 13060
9865 7697
4584 14676
2720 1252
4975 12927
331 11656
4588 14644
3052 3026
14300 2664
10949 3985
2659 3682
10427 1487
10718 6253
11041 1698
3011 7095
765 10632
5209 2723
10834 2224
9092 13393
8374 6992
779 4382
14842 10197
9971 12403
10208 12883
9979 9263
1545 3820
3579 625
2102 10537
12487 987
10315 5615
13588 3873
8189 13308
1769 12675
2695 2639
5493 14229
3163 13611
6445 9316
11341 5015
13660 14168
88 12143
14891 394
10448 1394
4445 4638
14793 1943
9385 8906
4466 4639
5828 12091
14035 2584
12035 13011
1679 13780
5879 5964
6152 7175
7850 14058
10046 4980
8822 7814
7299 6348
9142 11340
13694 3439
7928 8238
8819 12543
5747 10178
13244 9060
4359 13585
6153 12163
6145 6945
8331 10838
13459 14760
6111 14250
8502 14502
7556 8026
910 11141
1975 10305
1927 5252
9975 14405
6729 7629
13579 14764
9914 1117
5948 11852
5956 5338
13668 7173
12790 12268
720 1034
13628 10395
6751 8588
11691 9867
6019 7093
14222 6425
11777 14010
11100 3709
6439 10070
7421 6687
2293 14819
12457 9863
11590 13459
7067 6648
967 9194
4752 14154
11058 13629
2706 11305
3111 8759
7461 3217
14454 9069
14166 6832
2953 6469
10533 11964
9910 1072
6143 8110
2581 6899
5655 2696
12719 12168
298 10077
6642 10343
10904 7963
7044 3397
4981 1679
1157 13528
12263 11979
3659 3517
4456 621
5159 1099
10897 4322
2992 7666
10420 10393
10124 2409
13440 9656
12785 3483
9806 7511
5450 4168
6476 221
2949 1671
814 11583
1020 14792
7841 3780
12139 5445
4792 5199
4031 11338
11064 12397
13465 7900
5443 9372
11867 6394
14153 10974
9378 42
8130 6960
12406 1001
3984 5599
68 10215
7305 7354
14367 3936
2372 3198
4905 6137
2707 14050
3389 8621
8763 12532
145 10983
3847 5773
6825 988
4989 6019
1736 13469
468 74
6642 7432
4292 14968
8880 861
13349 358
10693 13180
11316 5569
13072 2901
4868 1117
8809 7851
3406 6917
11349 9659
8821 3426
8143 13180
7909 9416
6740 7077
5561 14872
3671 10093
2313 7280
10501 103
4970 9643
3655 4040
8345 10888
7084 1727
1780 12192
13069 8738
13543 12910
1006 6745
14408 11104
5135 14379
4947 7390
12793 11925
7584 4627
10595 9688
2397 10283
12870 7009
2340 5399
2570 8026
6675 7268
10109 4739
14399 10619
12387 863
10465 7589
14033 5872
8547 9196
14576 10163
3524 7307
6831 5270
5909 1149
13958 6628
4956 3394
4303 4731
3403 14366
8152 13478
1078 11158
12113 9816
1364 10885
14782 5843
9838 1867
4461 2965
3066 5917
1788 3290
1580 6780
7139 7150
12257 14227
5362 4019
10168 14008
7371 7888
10666 2439
10745 2878
621 5122
9077 9518
14061 1556
3868 13701
11960 382
8002 11136
5793 14157
1270 12269
9687 7059
42 13336
1380 14177
12519 13165
10165 2961
982 5139
3669 8840
13129 13544
2455 108
9106 9281
12111 13997
12055 8532
13403 5545
2658 14355
7639 9162
5857 10102
2268 11547
5220 418
10849 421
5014 11210
705 14136
1172 2776
10703 13774
2818 9285
204 11918
13631 9945
1807 450
656 2712
7959 10592
8058 1328
6530 11942
14065 6176
11926 12230
1914 3026
8795 13580
4155 11450
6713 14307
10792 1244
2247 13154
3432 5802
4980 13624
9832 81
9293 14767
14711 8877
13247 4780
11572 10787
14278 11177
2110 10944
10319 10172
9623 11466
3874 7231
14531 4261
5021 7397
13689 8057
6580 3357
5379 5579
573 13483
5057 8796
204 14009
3408 12639
2523 12089
1399 3920
12147 2876
4078 11469
12421 3742
13718 7424
12057 10942
8055 12481
5863 10450
3628 7105
3874 8673
3138 6128
3048 322
3437 13799
7872 6637
9318 11959
2804 1453
3419 11147
11327 6404
12308 256
10787 2180
11026 6040
2891 5991
11771 13876
8805 11698
7385 1669
3174 12677
2957 6130
1389 11302
12917 3691
8564 1970
12776 1651
5055 6249
11474 14741
11165 1773
1029 1316
9629 12738
7664 7767
3615 3468
2907 1059
13080 7813
12251 559
9423 12285
1949 1250
11806 4300
8387 11888
673 12900
13137 273
10085 13438
9359 6438
12686 3869
4415 10359
9949 11891
5096 997
8274 7523
7487 6864
1896 701
11209 7431
8042 8403
3472 11222
9359 10234
6657 3326
6344 2147
13522 12465
10551 3650
14267 7792
6237 3114
9827 10621
442 7859
13494 962
6557 6244
8282 371
9089 8850
12048 14439
10026 10271
2166 468
9636 176
3049 8689
3524 2900
12271 11392
8319 12541
11015 10210
12799 11649
14350 5814
13469 5158
4196 5924
12137 2485
10775 9707
8914 3806
2308 13824
3678 3551
9310 14655
641 14593
14259 11881
14808 10257
10907 852
9633 11897
10261 6747
6790 4637
6951 14535
2981 2568
10962 11980
1081 13098
10430 838
3709 9831
5079 5866
6426 2774
302 10164
7409 5447
3261 12578
14602 3552
10713 308
1911 1246
6226 10910
11639 11603
13524 931
7687 11912
4415 1609
8463 6346
154 10161
9425 13569
12688 12017
4918 11161
2674 9507
8120 4126
2006 12336
9294 3812
9786 1609
12420 1976
5323 6028
11083 3915
14639 2845
11215 4946
6590 5182
5743 13741
10767 6807
1915 8086
13984 1144
10119 125
991 10315
577 233
8576 2710
8222 3838
5854 13215
9511 766
8298 14691
10931 9992
13488 12989
12364 13383
2611 587
6871 3042
5257 2856
12882 1238
14853 6858
13509 4577
7012 8698
1078 10264
7163 8545
3827 3928
553 1329
2549 8200
4799 150
9690 13628
8801 802
7590 8098
7205 14320
266 12904
11141 1632
10108 6538
8706 9913
14865 4118
5825 2939
12156 1227
1782 2066
13133 692
11073 13425
13886 12413
3682 4335
3942 2981
5543 2620
2810 6517
5353 6868
13024 2639
5151 14052
12670 2186
1264 5115
2901 4551
11991 14102
7199 12653
6139 8555
14855 2180
6111 108
13051 5945
1358 2337
14794 11148
12060 10858
14720 7207
2090 5347
1310 2783
2783 6404
11163 159
7413 11257
13782 1687
13173 2508
10459 5675
13168 11878
5857 1761
10199 3679
6942 1967
1809 10941
4667 5106
119 10127
9639 5135
4792 1899
7194 5610
2514 7614
7240 11354
3106 11975
9835 14787
310 5582
2542 5443
149 12321
3577 7684
1360 902
14851 14713
11504 7599
4160 9745
4322 10181
10782 13538
9888 7476
357 4124
1109 2824
10236 1270
3127 11661
2001 6025
8044 14578
4070 13242
6333 7212
5509 1258
13069 5533
10544 7511
1261 12701
43 602
12080 14742
11620 11333
2731 5917
8992 4298
14606 9914
13310 9811
14519 3271
3837 7952
4138 1118
5890 12907
10547 4962
8939 1769
3790 3949
10618 8136
11677 956
3763 14099
8052 3746
2948 643
9943 12316
2653 4217
13280 998
9211 4682
153 10648
3870 10765
10949 2546
1604 9036
1773 7779
8346 6290
10703 9132
11706 13388
2969 10426
12003 6430
12520 3542
2700 13629
11234 2621
9778 8729
3538 8721
12152 6326
8802 2797
10482 7360
12333 13737
11307 14426
2113 1179
4622 6395
1642 4965
14007 7877
1666 656
5503 14299
3392 12512
8181 7045
2404 10509
9137 4674
3546 4236
4634 3696
6498 12604
3700 8919
2847 8348
3492 13767
6448 12009
1029 11461
11275 10607
4273 5542
928 6278
2910 8184
2267 13365
247 11271
13321 9420
4283 14579
14187 13945
13408 12407
13996 10582
14499 13024
7480 14051
10985 7371
12174 2042
9701 10773
4689 8443
3880 8957
7217 13944
14738 5861
6980 6700
12882 14719
10570 1357
11403 6616
2912 9174
9013 4630
12123 14848
10180 937
14287 6574
2019 14376
14559 8952
4562 1377
5600 14670
6201 4104
6556 7402
6786 9845
5484 3723
6899 5979
10056 11902
9727 2380
1083 748
7988 10019
14889 13720
4205 12242
674 14341
13472 699
4327 11799
3943 4728
8769 9082
1352 8326
63 2060
14463 14825
2637 10043
8964 8379
2106 7444
14777 9737
11414 1747
13244 1090
10634 5646
13994 11600
9051 11382
11120 441
6002 1114
8240 4178
13870 13668
1023 13679
8531 5503
3038 9380
11962 7095
6216 1575
3966 12344
4434 7146
9038 13552
5574 6995
7962 2480
1735 7141
5333 8905
5413 14864
9744 4138
14008 1951
3288 15
13126 2041
3516 13754
4255 13521
12987 4503
4265 10919
9279 3173
2292 624
7890 12435
4761 13601
1684 8004
5342 3899
4551 10484
12152 1137
1606 7965
11397 8063
3217 911
3638 2388
8931 13176
7122 14026
11857 5901
12214 9375
3777 2244
12736 5150
8622 7152
2098 14387
1452 1506
9291 5676
10100 4125
13515 1244
8683 6017
5659 47
4819 3291
14937 11203
7635 6000
807 7853
9788 1146
8851 3457
4397 11980
4001 12093
7308 4786
8279 10480
9200 5445
8093 4295
9001 13899
5647 12051
12390 7510
11140 1568
10101 12045
6870 13303
4278 10153
5648 5613
6084 1487
11303 3207
2735 2836
10969 117
10716 12289
5290 9123
12384 925
1667 4995
4528 67
12183 1140
8957 3052
859 6709
6041 6999
10323 14121
1622 5071
6553 4452
7080 1700
13132 8294
6345 348
9939 14455
6180 283
1773 10422
7835 1763
12227 12509
13149 11308
1698 11060
5236 11585
7767 13759
14012 12469
12258 11298
13556 6355
7792 8032
349 7681
8291 12783
8918 12532
11895 3040
7091 12875
2619 9784
6697 10578
3997 1363
6163 14614
5799 14503
8392 7351
976 12871
3594 10688
11187 1031
8240 13440
330 9056
9150 7066
9185 11493
2389 5331
9042 13454
13438 13878
5169 2586
3543 14881
4242 161
6883 7596
11143 12977
7215 11902
12542 12413
6352 3519
12183 7641
5506 9993
10018 9804
2243 10019
1364 4544
4400 11849
8110 922
11638 14716
7305 9405
7091 11923
12692 445
9772 8165
2022 4636
12310 13546
5466 14809
4786 13810
13020 11679
9434 13542
14197 13971
4015 1766
13999 12388
9111 12997
4022 5312
10347 7306
4672 3443
8651 4077
8930 353
2488 8461
9528 5825
9766 5813
8183 3289
4982 4143
4389 11492
11718 8361
6061 13298
11378 11347
2000 1777
5050 12492
12826 4421
2941 9770
5154 654
9712 1288
13256 2505
7122 1130
1415 10234
12547 11318
11620 536
7043 12003
4233 14088
14692 9738
9846 13346
9036 14236
9212 4381
9369 7648
8806 10833
4770 5992
1981 2252
13338 12857
14371 6947
5384 7783
12033 12846
2743 9997
2312 8882
10065 10516
3957 1506
12162 10869
8607 5287
11289 3398
14743 11025
658 10975
3839 1153
14589 3874
6742 960
11112 10454
11391 14890
8649 3111
11688 13290
69 12671
13400 908
7135 1112
14806 11178
7469 11128
4921 4689
6193 934
12039 14128
10345 2848
10008 8221
3268 367
14294 14164
2855 8607
9720 12258
7360 1757
12123 1598
5464 12855
2713 10930
5529 10093
8756 507
784 212
6405 3099
9171 5880
2928 11611
6053 6346
14326 13196
13458 1878
12582 4648
7371 10193
8154 6660
5677 7360
7619 9062
7981 12177
7799 1767
8387 13078
13253 11068
8538 614
14938 7185
3518 1814
6035 14617
8460 6503
10712 8791
7108 5405
13062 11670
5508 11463
13691 234
10062 13028
8929 7044
115 5145
13967 4402
3529 4353
589 7499
10355 10422
13054 2466
11367 10858
5380 458
3882 9196
6224 13016
8543 10662
8337 4371
14855 7835
1378 14927
10084 14749
14478 8810
5635 2630
1601 13635
7920 2273
14551 10480
12844 13705
13252 1897
5944 8540
589 11
13452 5765
6385 691
1532 7226
3198 9328
8561 7363
8520 1821
12277 12811
4665 10562
12603 6563
4348 890
3618 13143
2901 3751
7556 2725
6720 13196
11865 12296
11870 1853
10717 2265
12315 263
7408 5140
9095 11249
12005 14448
11808 1208
13784 1899
3693 13510
10489 13211
7505 3491
12758 10569
11362 13929
3865 2905
6361 8467
3189 12148
6191 14691
5126 6082
7887 11016
13088 14397
12175 3271
12099 8020
8461 5758
6353 12994
1056 11074
12167 2585
12366 3957
7975 4859
12790 10547
12516 8386
10427 7158
11026 11757
5988 7212
105 13337
4865 10899
5268 12304
10461 7079
1281 13688
6235 4979
8984 9949
13742 7955
1977 8294
10714 1129
9787 14864
10990 10484
8473 2294
10664 11109
77 590
1105 5150
6176 9755
9388 3125
9454 7426
13291 11071
9042 1520
9170 10182
9939 10147
14743 2604
8074 4068
6943 10222
13182 5426
10437 3560
4739 1493
2974 1483
3431 360
11696 1678
12663 12671
13351 13789
7933 9213
7681 10827
3117 5988
8470 13399
14778 1886
3752 5210
2665 14332
1812 14968
12501 1251
2038 6678
4631 14192
10269 787
5571 13572
1061 5267
14818 11883
5875 13667
10638 3304
2010 7351
8579 985
7258 12903
11765 339
8045 9112
312 9083
722 12733
4116 14930
13841 10621
822 3905
12245 11046
1213 13427
11825 14276
13512 13090
7456 8199
5852 3998
4820 3232
8600 4616
8615 13593
4363 14483
8379 9599
2634 3817
14494 3259
1442 6354
12813 11675
4854 6907
14138 3851
9212 2300
177 13033
2458 9940
894 3716
6266 9300
10939 2495
6828 7649
10828 8098
14280 14031
4134 8927
1031 4577
8918 5077
11269 12060
3962 11386
210 1793
7669 11470
2303 2683
4582 13372
7795 865
4773 7556
703 12028
5124 131
8187 12216
4825 4138
14503 8471
12362 3630
1754 140
6808 2952
14279 8844
12271 6504
9212 11557
174 7294
14212 1083
8262 3835
12964 10375
12175 9742
12904 3602
8697 11197
10758 14935
2019 11069
4102 2356
14623 8673
1621 14869
5709 4629
10121 11497
11273 8038
13110 5447
11766 13064
2227 1833
10147 10897
1033 12852
13328 3455
63 7550
11035 3881
13140 39
11503 8802
14925 849
6573 12900
12996 11367
12695 12675
14437 14742
8724 9163
9699 14564
14043 1625
9682 10122
10280 7231
1503 2930
13777 3354
14551 14228
10123 2518
2038 8266
1425 4565
2037 10982
477 5971
14401 11598
2598 2916
6131 7456
1020 13023
6212 2783
3230 4819
7548 10687
2704 8720
5881 10534
1598 14762
8415 7013
12813 4826
9797 14027
6811 13366
13159 13871
7870 4568
6169 6872
4358 6528
8288 9580
2221 4597
13437 3590
7880 5863
9926 967
3960 14526
5046 6549
11611 1709
8403 3701
14501 11592
10616 9981
6848 10174
10235 3437
9468 3250
1625 1878
4756 9970
3262 6431
2459 12507
7565 7507
817 12503
2951 4429
4549 3836
3077 1055
12443 3285
8755 3863
4395 6805
4680 3937
949 13362
14979 1227
9528 4278
11343 11673
662 7608
5659 965
3050 7514
1870 12592
12304 12598
1212 9437
8904 13151
3941 13617
12839 9680
6730 3598
4766 5315
12591 3556
11416 6415
9290 693
6053 10278
10346 5797
8404 9785
9136 14424
11863 6750
3673 3231
10895 3667
4422 3321
8249 14771
6461 9782
10 11697
13652 10380
1037 6828
3588 9708
6451 1489
1677 1614
3772 5225
12503 13308
2605 9261
9959 6115
13203 8908
5542 1208
2669 6816
12263 11520
8191 5523
11031 12106
6835 10850
4472 2671
2926 2902
10059 9124
11174 4478
312 3193
5551 8924
6693 6115
7884 9691
2917 12891
5729 5625
2636 966
12295 14570
9693 5771
10109 14303
9215 9877
3516 9983
11424 11546
10665 6633
4368 287
9287 793
3273 2070
10981 14208
3740 3550
4473 7871
6817 14666
8660 3064
13688 4307
3206 11036
7047 3911
13435 10981
12523 12273
11811 368
5598 6628
11526 6030
9167 10942
3235 7932
4980 3702
2166 2197
6707 9679
1049 4593
12546 9661
5687 8273
1663 6280
5991 6221
5563 2467
4099 10040
10654 12831
5284 3462
380 783
6649 14835
12168 9528
7669 14102
3600 2048
8970 3729
4347 6089
13607 12763
4938 6548
7688 13334
1687 3149
7168 14624
3838 10656
4982 1278
11024 1456
2905 7548
13671 9811
8081 8501
441 1037
5457 14600
1572 1572
8470 14039
4483 3314
4015 4211
2059 12092
4331 1514
2228 4197
3035 10775
11031 2043
8227 5562
12122 9202
4385 13894
13229 1127
1825 6718
7686 8632
8326 1859
6241 3586
6667 5028
2174 12075
7305 12075
12204 10481
12833 5880
2780 1534
5158 3715
3542 299
5882 7918
10307 5455
11736 8045
3987 9713
14104 13030
14293 6886
13006 12615
117 4635
11643 8432
1820 6288
5198 5855
3382 12908
8871 2414
3305 8223
13354 6401
11040 6329
11361 2173
13025 2097
5487 2064
14188 407
9491 13394
247 4057
12944 8395
8786 9013
14976 13846
4615 10372
6775 406
3967 6332
14722 6352
5586 3363
7540 6291
6129 332
8709 782
7100 10800
9638 7125
8502 13919
8310 11571
6974 1254
32 13492
1955 14092
7882 13653
6059 149
14000 13992
9689 4136
8868 9318
3215 5742
8353 13244
13679 9117
4081 860
2547 737
12219 1237
1105 7306
7926 4728
2945 4249
7490 12101
10428 13781
12880 425
13408 13932
10047 11815
5713 5158
9213 14172
914 6579
9890 10531
8178 7902
5602 1355
2604 11285
3131 1064
12642 1599
13716 12887
2022 4457
5472 4018
11112 11320
5977 6861
5568 9195
4729 5330
13652 2213
7617 5735
7238 8011
2662 7608
14682 2667
2368 8348
1810 2014
9 7019
242 9620
11300 413
11964 11180
4741 14519
9854 334
11942 12021
13899 5947
9513 12376
7742 14581
12468 13386
2507 14134
9334 7252
7299 6321
13767 11735
9542 50
2224 12748
11980 12993
1683 4072
5521 5978
8153 9385
5239 4736
10163 3274
3398 4293
3151 13518
3054 11289
11325 5770
14624 8299
7272 7288
10282 9180
2915 3204
12363 1217
14364 2952
3793 7445
2456 5693
8031 8582
3184 11410
138 6110
1848 3863
4560 11558
5954 543
5732 5602
14126 7144
8478 405
5859 5075
8749 990
2109 1525
8579 7949
12926 8068
11878 7396
66 4720
3410 2516
1870 10954
4943 12994
3648 11536
1909 12245
3203 2314
7778 5817
11907 14879
13771 7048
12958 12589
11147 9658
14470 12699
12000 2025
13773 4057
1494 7202
494 7261
4216 14343
14287 8432
9635 14184
364 2229
7260 9004
14471 2633
12716 3166
6374 5879
14865 4597
8304 312
6711 14215
7478 5039
7646 5660
7159 8920
11617 10878
13724 14284
11494 8278
1789 14464
13818 6575
3514 12379
1518 3989
11012 2692
14038 2559
8098 1500
1618 2727
2479 1823
370 5354
9510 7433
7199 14072
8370 9346
5077 14187
8034 8605
9672 5605
1324 8983
2836 11033
163 10855
8792 6047
5884 5908
4133 7410
11863 11909
10317 11229
5609 5794
10930 8301
700 10337
8272 14483
6069 1548
167 4073
13893 4442
13440 5276
10211 2652
792 4676
13430 1561
8505 1695
12253 4500
1694 5374
13884 8316
2981 10254
14659 14499
2186 3477
1197 8079
10119 9643
5748 14139
12725 7631
3093 120
9938 13163
8653 11213
10618 5965
7746 11977
10198 1067
10847 13909
4191 10498
5161 9824
9234 8286
8254 3363
9397 1785
2799 2646
9557 14497
3101 12059
10082 4342
6411 11954
1610 13178
9602 2576
13006 13791
12112 5035
8629 12903
11504 10553
7550 3786
587 5024
4797 13964
12721 12661
1972 12649
14441 3790
6009 4788
13322 8756
1936 5214
1834 12554
7258 4227
3820 14034
468 9646
8730 10622
8918 10063
1736 13134
9970 2837
7169 10703
1144 11460
7094 12638
8410 14022
1064 9972
9963 7430
6839 3261
12250 3271
5375 5841
6738 5766
2396 11825
3363 2351
4378 12661
14266 8588
2432 5020
10110 2406
14285 579
10224 9920
3737 2389
6379 3680
5546 8559
14802 8993
10645 11645
11365 6467
12648 6189
8113 9610
14151 12400
5765 14385
4761 7350
10044 12678
13921 6818
7131 171
5880 11102
6953 5805
4721 14540
3042 14449
3827 6157
791 1858
13908 12727
10986 6075
589 8080
14344 14542
3926 4086
11408 4566
5576 12830
5466 12097
894 1695
11129 11587
4689 6211
2945 2313
170 3257
9003 5201
4389 8268
1487 13911
12773 7608
7500 2808
14166 4544
11433 14760
1868 1780
14173 10324
12731 13253
3007 13615
7070 12630
7046 1688
6092 8334
9757 7795
14636 3685
10334 1745
3972 11175
5365 8775
8655 119
12074 3376
10119 8885
12176 5858
12210 3483
14744 10362
6490 10499
14358 3657
628 5210
7390 2927
8801 11706
14757 10653
923 7424
2842 11798
14604 14269
4809 4835
4211 13673
8617 2684
12142 3967
13693 14541
6310 8000
165 3069
12931 5127
10741 3447
12769 9426
4394 12685
4649 3467
3439 14752
9354 13148
9681 11245
2132 5030
12080 5433
4859 12953
13669 13235
4089 6822
8696 3470
12578 14730
14782 1222
3359 12852
12823 14845
10422 6812
6383 14191
12609 6477
6884 13851
7921 4552
1394 11736
8584 859
7694 6603
12053 5686
7450 9684
930 8143
6671 6999
12191 13735
2651 11838
14915 7818
575 13034
14461 5599
6460 8844
6840 13911
1450 10778
8214 11275
9932 736
5560 4545
6569 3866
2086 12695
13420 10851
6297 4899
8893 5225
11849 5975
1177 6492
8756 9166
4567 486
1089 3241
12947 10066
3479 7209
5252 6077
4200 13064
5329 26
12629 13727
6504 8035
6840 12200
13643 13118
10093 1127
9238 14508
4958 1296
2220 1938
5988 2602
8267 4575
9185 10046
12428 6452
6193 14168
13043 5229
2809 10221
12018 4693
9075 13412
13931 383
10783 7832
6129 908
6307 9596
1335 56
11849 2432
11279 6267
9838 11884
8142 7059
13489 876
12404 13513
7251 10226
6474 13206
1597 9418
11387 5481
8400 303
228 5551
7702 8010
11357 13410
9681 7850
8550 7762
7104 11627
2127 14701
12933 3367
9402 11004
11437 1213
124 12725
3209 11589
8928 12260
1613 7117
13872 1692
14115 2360
8861 6541
4811 9583
9595 11756
6796 13621
3833 7919
3566 9771
598 4463
9813 3622
901 12345
3456 8942
1780 13137
6861 1486
6361 11768
13657 6557
528 9497
2975 12114
12629 1673
341 7504
7540 13364
12967 3755
7784 11151
2504 3580
7248 4347
1017 9509
9687 13903
5726 6308
1835 9078
7167 6325
8315 12727
5598 6308
12683 8257
11738 3466
863 12237
13712 11789
6444 4703
4591 7335
174 9496
11631 9705
12121 8348
7630 4417
13415 12600
14540 5113
8957 10039
1430 12268
12876 2132
13205 11233
6693 7474
10139 6192
7327 3844
5999 4356
13723 13268
216 12797
5120 1338
4721 1247
8225 29
14680 7862
5679 6399
12550 13004
10625 5188
5896 2290
7520 13610
11528 12439
4099 11358
8506 9276
7297 7200
14081 6017
13367 13411
14936 1463
13957 1990
6468 7256
1755 4648
13543 335
12747 8079
12105 11844
8683 12287
8779 1488
11426 4797
2490 1281
291 7590
8577 5910
12827 113
5163 13496
2687 11136
8545 4058
13344 6169
9660 11035
2977 5737
1937 8146
1882 14045
3336 6864
11044 7106
2980 13938
9211 8118
2126 11200
5646 7649
8877 6318
12302 3633
663 1366
902 1239
13693 2718
8052 148
7615 4684
14522 6097
12106 3518
12910 13278
3147 7934
11276 9885
12792 3256
5800 8334
5425 9541
3113 12766
1746 7267
8143 5393
5164 5112
8453 10387
9489 12494
11994 1506
6077 433
6440 14575
13996 14963
11457 629
1283 13193
13586 12842
10828 6748
8504 14012
2596 10538
7550 198
9376 12267
7874 2684
9554 10260
10027 13085
11015 12545
3985 13443
7839 7782
8020 4731
13755 4681
13472 4215
12194 8890
14000 12349
978 10347
5939 13137
14359 6715
14946 8781
13789 13964
973 6100
6458 1911
12081 6495
2114 3064
6262 4821
9778 10041
12988 2656
10277 5188
14962 8222
3844 3070
2831 13870
7164 14846
7749 6214
5134 7793
292 3539
1977 6237
4865 8899
2960 3398
14382 10837
10443 2807
13662 11334
9129 4846
11652 11240
11517 4591
11064 1276
1396 5217
5583 1873
149 14249
4504 9617
1568 11775
11882 13957
3551 9850
12570 85
13630 11674
1759 2425
11046 3968
14670 10457
14278 10076
10442 13337
2401 13094
3974 78
13356 8705
3144 694
2733 7857
13537 1795
9132 7240
11282 12831
5781 9624
12822 4731
2545 3229
312 4931
7961 8681
13176 4548
14746 6127
5218 4061
762 2143
6262 7106
4085 14286
12011 7177
2663 136
815 5869
7987 5017
3017 13040
5596 7742
3719 3889
1296 5078
9315 9371
8225 6051
12674 6914
13411 3174
8999 2510
5016 13267
8488 10995
14728 12593
13243 9973
10426 8136
6491 11387
11481 11804
13253 9802
2624 8131
1097 904
1178 10288
11963 9775
11478 5963
10067 3968
13527 6166
9579 9490
57 1499
4759 11793
11091 1661
634 8600
7965 1895
8631 10939
13221 5908
10800 9407
2600 14435
7206 12039
5634 10863
12049 5417
55 2240
10490 1923
7708 6186
6444 9201
7155 12429
14506 10450
215 7523
13942 7771
8858 2007
11962 6629
7770 271
13827 1164
7284 902
10746 6485
11359 14484
5471 14074
4175 800
11869 5772
3182 10176
13715 701
10614 4391
5629 7144
4017 11305
4581 4722
8433 2413
6141 10708
9070 14244
1654 4950
277 396
9753 10563
9899 3657
2955 2298
10689 3378
9088 11385
1664 1378
3420 6766
10616 9922
2891 10761
8044 3409
9041 428
6962 5259
7510 14648
4017 9156
10367 10094
8013 5234
9221 13499
10450 5220
6702 12295
10838 7482
2007 14771
2296 13345
14091 12031
7515 5347
1456 10972
12934 3662
2309 11927
8704 12277
5010 12675
7124 13223
1147 2403
278 14581
1997 4323
8016 14891
7636 3828
4516 2522
2137 11405
8000 10495
13465 12647
11012 2777
4712 1609
13257 8411
11198 11594
14806 573
13743 6924
2266 10103
10280 2626
5079 7815
10858 2044
12189 12138
2519 7764
6543 6482
9918 1491
5894 10627
144 3027
1248 12051
1589 7845
10222 1896
11982 3002
1605 9388
175 13526
1819 12737
14365 8858
8027 9109
5730 2026
5428 3365
12644 4590
1156 8037
4724 6938
6091 7057
3216 2929
1767 6063
4776 13509
10914 8946
12005 12654
7725 13773
10544 10238
12389 7562
8232 14092
11182 11887
11596 4705
2620 3980
7857 8852
11234 426
2542 12140
8569 13075
10845 13012
2531 2995
4148 11704
10052 11425
7976 1432
9087 1254
5808 6796
14977 2460
6202 8564
9657 7907
3311 5392
11709 2397
8367 7221
4222 7861
13733 1768
887 3058
5354 9686
114 8794
10430 9629
14846 8886
14111 5934
9432 10109
10321 5896
8373 5089
1216 4508
14178 11836
933 10298
373 11754
8866 13919
12272 11800
8541 6297
14733 4170
5745 4275
815 2724
4895 11746
7971 4076
6435 8704
9463 13065
11462 9235
14224 5755
1416 3397
10815 13391
101 1455
13661 4664
10432 1569
2612 6885
690 9254
4717 7797
324 5183
13289 14738
13793 9463
6878 14748
4492 1975
3351 2759
7290 12597
7933 12121
3938 3359
1085 7228
1300 4024
5031 886
10148 4644
11395 7610
8467 6380
12130 5302
8252 4758
5533 455
1495 1829
2403 7950
13727 6519
13674 14282
6216 672
5516 14055
888 288
11640 11529
412 1673
1106 6650
11880 13731
2972 2801
1170 10891
10608 1942
8929 7487
14151 13319
8822 6036
13477 5152
6925 12884
7787 7813
1174 5403
7688 11260
8041 4266
6151 8262
6133 10755
5726 3804
8744 9864
13923 8173
2765 11297
14896 4325
8387 1253
8915 10781
14605 6393
12556 8659
11426 5912
1476 1478
12513 7303
1980 7819
6412 13498
1072 9018
13612 3164
4661 14514
7103 11140
10179 579
1866 3098
14008 3740
1192 13601
8864 11802
14485 10746
2663 14066
1034 9351
8445 364
2879 13550
5024 3580
6635 5071
11837 38
4938 8440
4050 12920
6560 10397
5230 3277
9618 13262
14391 5730
9602 184
5615 1060
13620 12833
13028 1583
498 5157
667 10122
3724 5949
5844 7006
5917 14090
9971 11507
6391 12792
3452 10397
6246 1567
11240 12352
3006 5880
7082 14089
6981 4344
8136 1584
5381 4614
1052 11384
9836 6364
13028 5820
1448 3310
6957 14686
3913 4132
13081 11561
11188 11498
3498 8227
4003 2473
4820 147
3007 14001
6348 14095
1541 2810
14638 13389
7677 4001
6056 8445
7080 11553
10435 9084
8938 8810
5701 7107
11335 7183
1822 11382
14972 1478
10768 727
4712 14436
9801 14208
5371 7299
6022 3425
10739 10162
4669 5016
14549 14354
1435 2017
12003 7816
13247 9176
11754 9589
3277 7057
1015 6762
3535 14356
2831 10083
3842 434
7288 11262
2440 5502
6382 12685
13450 11572
14980 3907
7274 11693
11801 9492
11325 12272
10796 1442
654 12727
78 4574
5174 10297
10283 11544
6217 12848
5784 8879
8249 6476
6928 13475
4526 7016
8697 12275
7582 1722
7380 6009
406 10357
12950 9205
6665 10256
13256 6873
6996 10019
14765 3631
996 9133
6784 1923
8689 5388
13221 6026
1539 6731
464 4109
9016 2604
11351 4487
13228 1457
10841 4116
4867 10930
1084 14957
8104 11568
6484 4251
13103 22
13170 12004
1217 8320
3944 5821
13915 12550
437 3501
8002 11375
4491 3753
10376 9775
5164 12367
14005 2859
2725 5101
10654 8049
9752 4431
11865 339
2501 11863
9654 1430
3173 4014
386 10581
6869 3774
14459 3727
11389 10979
1351 964
7922 6611
11618 5893
11919 8513
1865 9666
10298 3266
12694 6511
8419 10740
13865 13050
2217 505
10716 11647
4585 2001
14541 9332
1842 1100
9083 7550
9463 4792
3871 14635
5108 9531
5786 5826
14133 2042
4140 157
9582 6355
14618 702
1143 3738
10971 13060
12790 12474
8746 10471
2051 11956
4015 12196
6711 11961
2989 53
14814 10870
5773 10649
801 10388
14259 13491
6341 6245
7772 13737
2907 2516
12048 2042
12383 9118
13815 4431
14479 1701
12810 837
1613 14657
13500 3284
13624 8133
6859 4448
1327 14745
