7000
9786 12602
13559 13377
3218 7082
13237 7737
8621 5263
11165 12604
14084 13651
11475 537
4001 14574
2563 3445
8533 9514
5275 3286
13575 10704
8707 9070
11574 6740
13639 9046
8172 3406
12629 13942
6495 6168
11863 12012
3736 34
10511 6583
10342 8945
4740 13136
2787 14512
11228 9517
2530 8730
8438 2005
14092 831
883 6049
14422 8632
12699 9964
5981 6885
9878 5041
10893 3156
12582 2007
5034 1192
1471 5033
3878 7752
1734 4830
14185 11793
13616 5061
8383 1374
2118 13629
8048 12792
8093 13692
5177 9571
14224 10839
1761 12158
8311 5294
806 13602
12999 14871
906 13087
8552 12555
3903 2939
1967 10736
12883 3249
7124 12551
546 9811
12901 8031
226 10170
10711 3630
15 12316
14579 4770
9376 4677
10944 3465
12618 2716
9188 13505
5591 12239
4983 3178
4336 3709
2629 2038
1860 946
1020 2350
12616 7367
9527 14502
4719 6908
11015 3132
3818 5834
2766 6004
11607 13523
14685 7612
5554 3654
6226 14690
3128 643
6776 62
11342 7087
12561 1329
4057 4183
4140 2211
5377 12668
5916 2266
403 4381
11288 5820
14982 12403
12873 14499
14085 12962
8592 14231
11057 3637
1853 6816
3664 5723
2332 10170
5782 1271
2111 12375
10994 13232
4493 6378
253 4745
9112 3442
6778 5440
7330 3067
1259 1695
2481 8498
7748 14346
5306 10992
766 1131
8929 1315
3613 4286
6906 5493
8753 12018
2122 9827
12958 5881
9802 10296
10986 8185
10738 13530
12771 9517
10480 3329
12796 14971
10993 420
5789 12221
13665 42
4013 6858
6795 5326
1663 5453
8209 13582
9783 12350
8209 14700
9073 9422
5966 3044
8314 867
3417 763
12397 6367
366 11765
8974 1985
8088 9868
8454 10867
7842 6789
7260 8694
12089 3761
2348 13008
5670 6907
7880 12509
329 8321
5802 3421
11944 8661
891 8914
7241 12029
12863 12858
331 10446
13973 12186
3068 3276
12526 10877
3392 13777
3975 8012
6077 12392
1481 2485
2804 3302
392 8214
7069 7020
1322 11635
1611 8581
7419 14695
12734 1379
2830 1803
5727 7839
10995 13705
8236 8576
5522 13401
3570 3466
10973 4685
13736 14943
8703 3774
2422 2644
7439 358
5529 5202
5503 7178
651 7839
2217 1795
2567 4418
6891 14750
750 14448
11432 6805
12158 5056
7045 850
4119 12363
210 12024
10912 2631
5030 14957
2375 187
273 12431
11263 4994
9811 12949
13389 1380
4745 3162
13727 13432
4558 13367
6202 7544
3008 14179
10176 8826
10783 71
5275 12746
2985 12325
5699 12894
6268 3299
7742 11833
14241 12061
8585 5892
10470 8940
1081 7400
5148 12658
9349 1951
13991 5710
9145 10452
4989 5461
8171 574
2076 11097
1594 2616
11051 411
11347 2369
14249 13619
6937 9776
4242 12461
7100 4326
5425 9461
500 13568
3041 462
2347 3836
12613 4836
11316 12109
10834 14583
9440 6242
11973 7001
10665 3460
13780 12787
10544 10200
5657 12193
10038 7331
4721 11174
7004 4527
7425 12075
7194 14918
10171 8673
8478 7865
7286 8256
9806 3577
7315 3467
9609 6783
7638 13654
5518 4256
14419 2196
11548 6495
14915 14567
2348 4365
2896 6554
6073 7412
2211 13810
3200 12911
4557 6399
4567 8210
13206 2221
9098 10250
2265 10612
10084 9653
14356 9768
8350 13552
3009 6519
12373 13660
11082 4785
2744 12016
12946 10206
5229 11967
12881 4717
9901 3465
2776 12233
695 6699
1798 3825
2343 5996
7792 5071
2456 11005
5259 309
1349 9351
1352 13109
4089 4410
2780 2723
10558 5513
2421 3079
7567 4324
6667 1866
14039 4537
13392 11563
319 13367
12968 13159
8834 5950
10733 10945
6561 619
2069 6782
4930 11568
3933 782
11003 11542
9256 9996
7623 10477
9842 9096
666 4772
778 12988
4837 7930
4335 14577
871 7024
7201 10036
11134 9901
6141 8745
12674 1025
9995 10761
8231 1375
2757 12904
4217 10256
2393 1082
11452 13877
9247 10963
6115 555
13077 3146
6821 364
150 990
3231 7583
12344 8232
14792 9212
4920 243
965 7720
13302 5064
12124 11407
8839 8626
4651 10955
12786 2052
4064 464
6953 10230
7628 6504
477 589
5076 7744
5304 309
11718 6462
7684 13193
9300 2167
142 10632
3226 12966
13304 912
5903 6858
8711 7716
3838 5122
12931 3064
4432 8000
12725 1336
5823 13860
14538 9110
14860 5423
665 219
14510 11945
9143 13195
9681 7498
1780 12868
11423 1491
1400 10658
14497 332
3649 9681
3083 12603
5112 1842
5690 10366
3565 4820
10161 3277
6144 4871
13302 6464
11465 1708
7723 4103
13546 2890
1693 11935
11788 8583
10358 13388
2385 11418
10804 5608
10836 2769
11781 7166
3339 1995
5218 11828
10688 7830
157 4737
8875 3331
6353 14206
13439 5947
1301 12105
429 12988
10798 7648
13681 2783
1102 6015
10883 4590
14113 176
4518 13344
7400 582
6231 2666
8445 11663
8313 14107
8742 12248
13855 12520
13509 3541
2632 10404
6653 9422
10335 9403
12713 13722
13516 7821
6710 4066
12630 7162
281 5846
4599 8744
739 14593
13647 11976
13816 9132
1269 3546
11373 11926
14007 8617
7431 8458
11704 2702
790 9076
3976 13746
8406 14339
8214 13872
2685 6117
2117 3580
4149 6950
13661 544
3782 10996
8457 10077
10313 1876
12314 2261
7638 11341
14795 10510
12746 3634
13859 4922
3183 13589
2820 13427
9818 4231
5095 2804
6783 654
1575 9952
13163 3077
10305 7652
1516 10753
10707 4522
14013 10298
3415 8866
13740 786
4732 12238
10130 367
9823 526
6123 11022
12918 1472
11836 9527
6182 14980
8841 1957
3217 12180
6806 3684
13167 6920
1867 14175
7602 4607
690 3392
11939 13887
7581 10225
6839 4067
617 5221
9177 9166
13816 3921
9424 7699
10907 7460
13908 6158
8905 6468
6404 13453
14687 11384
1819 14197
11439 13460
8401 767
5958 9995
7121 1784
3605 3774
12643 3923
62 13869
5542 3202
4498 11097
44 6228
1668 2420
9112 11693
622 14870
3044 7650
14700 11369
8846 494
10464 5651
11668 10611
10057 4649
5091 13952
9084 8588
5262 12951
10235 11728
11962 9565
4326 4316
14317 12503
3291 14130
7758 2133
4471 6626
10428 37
3994 14561
671 12922
9702 6162
14288 2971
13287 2034
5150 2349
13539 12638
5349 4880
10867 10556
5421 3162
14717 6917
3588 12148
11079 2883
7102 12528
1797 5704
4477 46
4047 3783
2679 1443
1783 14134
11336 6009
395 925
5303 10946
4387 9096
13675 12157
7417 12669
11293 3481
8829 7590
5562 14129
12106 6828
2716 1942
8929 4991
10605 11586
3204 7039
5181 7763
12433 6576
2123 13570
13433 14242
9614 10955
6739 1145
10710 7719
1755 12431
6571 3177
1274 9294
12885 12439
2433 10745
9333 8590
9625 10108
10568 4415
5948 11099
8365 10948
1355 4579
3334 9723
9934 10243
2755 9177
8621 750
6626 4840
9452 2601
11703 12464
6445 14438
8482 2242
9237 1839
8284 8449
5681 8727
2077 5265
10331 6958
5256 2943
10982 6450
9834 11820
12454 14145
5613 14544
7334 14903
76 9920
10492 128
1527 1185
8267 1179
12383 4211
5671 11535
14986 11975
12040 551
11882 5920
14518 14722
11796 7760
14609 3900
6853 11312
12002 1344
1959 10572
14941 7898
13894 1708
684 9916
1423 14260
12665 482
666 9629
5870 13210
9780 11473
4160 4004
2535 9970
8905 7769
9399 414
8849 13707
8837 5968
13442 2939
5646 728
9157 5871
11878 3965
8218 291
9543 1188
592 8422
2580 6704
10360 9105
10583 1900
1727 2912
6452 10714
11566 9148
5780 9837
6295 2991
13346 4416
3183 9675
3404 14838
3276 11760
9692 11818
14237 3541
13712 10728
5949 11022
1422 12987
14191 11383
5978 7323
5942 9413
9599 10951
9837 10281
1031 2473
9955 10472
10503 14576
14142 11624
3987 7726
5011 2859
1672 8416
13098 1063
5242 876
1249 14680
3908 14484
6251 5877
9040 3380
8721 10702
11214 14629
6818 11051
11107 2479
8511 6433
8787 11618
12873 9221
12266 1983
1099 4332
1801 7456
13413 12486
14201 12181
4591 598
13731 3474
4232 14653
6390 12435
2073 11713
10005 1073
76 1931
841 13078
324 12939
1219 1905
8837 6551
1996 5692
8618 13957
6551 2847
12931 3038
5177 11794
14329 9574
10629 7561
12046 1877
9644 14090
8472 10012
2935 10819
3777 7266
13459 8248
12365 3707
14801 14285
11492 7022
2469 2410
7814 5100
13833 376
10521 11096
4145 2668
8849 5575
7806 3924
998 11729
8333 11081
2334 7867
6454 9414
1222 10
2510 13378
10688 8251
6314 12502
14412 58
5656 2189
5086 6354
5673 2308
8995 12519
6665 6941
13045 3670
14645 10165
4296 1306
7781 12127
5394 13172
6564 8169
7298 8400
4640 1124
4064 9860
8547 12734
14779 454
3426 12717
9310 13097
7717 10175
11070 4436
7316 13241
4828 6372
12953 104
12180 13429
46 6298
288 6356
6441 11141
6063 3908
6779 14636
13587 9283
13182 11475
8947 10135
8909 9654
6050 719
4341 4905
10619 12993
14376 12803
5159 6632
5694 10520
501 2597
71 8422
4168 10526
8303 2703
14321 13360
12797 13016
9120 6789
14017 2134
8207 10590
2724 5765
11746 14050
536 2554
2740 10805
956 9719
1139 10493
9609 6405
8442 1458
14084 5662
13727 979
4971 3853
8844 11957
6133 14264
12336 12736
5773 2817
604 3998
11564 36
9799 8020
6042 7293
7723 1040
1632 9594
4453 14287
1198 14277
3849 13849
10082 6688
12544 10969
1600 13345
7205 13915
13809 5254
9434 162
8089 11046
3916 13112
678 4288
5192 1507
37 6728
8515 8153
3438 3800
14198 2683
12267 487
9701 3364
344 11804
14233 8329
9387 12330
14908 7001
11935 3791
4882 9986
9140 10446
12297 5886
7718 7882
11531 9375
13502 565
1046 10647
1081 6538
14946 1229
4880 1781
9926 4873
10731 12948
5212 2754
9793 548
11173 2241
7043 7538
930 12998
4457 11249
12468 785
8498 13359
5732 812
7669 11343
14049 12044
3452 7861
98 13559
9153 3367
9103 10811
12446 13181
899 4234
10201 12174
221 2068
4502 11715
8170 3222
5039 7609
10663 4979
3393 1552
973 9830
4796 12798
2178 14366
10910 834
11709 8380
14547 11144
12793 12454
5111 7225
9488 7989
1033 474
8633 98
8515 1038
7406 11730
7445 12004
5886 7293
2855 7394
11769 6482
3060 1649
71 9889
2505 9854
26 4535
8193 7589
824 44
3737 10796
14587 8856
7521 1153
1661 3822
10158 5312
6449 12389
4277 8218
1258 4127
9021 6862
11017 8645
4564 13045
9502 14979
9262 8383
13280 7056
1726 12153
10932 9655
12169 5941
7484 8054
6588 12187
1051 14330
5634 1578
6780 2363
526 4618
5274 12052
10267 6476
1040 12889
1208 12904
802 13087
7484 8302
13357 10463
649 9179
9307 14414
5094 3863
11980 10428
10715 7628
1375 9522
8568 7529
12484 6900
7699 9662
12327 4911
4746 4080
10641 11912
8253 1093
5116 12666
1434 6341
1931 8373
11202 3301
12064 4301
1194 11673
7333 13565
4477 12045
5209 4669
11047 9849
3297 13741
11821 7564
11936 13007
8490 3457
14650 1515
13330 7850
12472 2636
3584 10311
8692 4958
9525 6371
11491 7128
66 9372
3425 2816
4208 7088
9629 13032
10681 4363
119 2470
8228 3516
13936 3325
3028 11474
5439 6131
5712 2003
10792 7105
11869 14785
8640 4630
10011 10623
10894 5266
5473 8051
1580 9316
12282 2879
7961 7906
5040 7812
9819 7958
7728 11728
11434 14044
12993 14407
1729 10682
13725 11692
10235 5286
6403 3703
8641 8576
2655 14030
2460 2781
3056 9595
5909 2293
7208 5592
7371 12760
2522 865
654 4570
4157 9424
5822 13952
2007 9890
12348 13406
5306 4637
10957 800
14634 12561
5493 9104
6608 3679
12823 14992
10190 3290
13425 105
11044 6335
7600 1106
2290 5461
14132 4011
8519 9981
9714 9171
13890 7925
725 4949
2063 10768
5861 1272
3855 6357
899 6597
7302 8011
2 2150
12320 11853
4130 7133
4457 11757
6032 8562
2427 5552
10340 155
14458 4466
12782 2735
13450 8962
5957 12452
11856 13986
12342 5679
14157 10733
9139 1501
5436 14953
12490 879
5741 10014
5281 13384
4174 12487
14952 12881
9665 4753
1246 928
572 6066
6734 10800
7975 3533
4524 11977
13294 1699
11657 13479
14593 13091
9084 10959
4546 734
5952 2734
2408 7346
5915 10445
1741 3354
398 6791
4984 5547
3681 7591
3408 13913
4898 2224
14438 14550
3464 14488
14909 8639
6426 10386
9095 796
5192 5543
12117 10428
2331 12732
7111 2669
1962 5987
13725 9293
11867 11723
13461 10017
4505 8378
8822 3529
10505 7150
5134 7970
8907 14461
13699 8598
6811 2511
2897 6736
14358 4375
10946 8765
1885 13179
1000 14563
2400 9215
4333 12494
1260 5785
3467 8787
84 5041
6522 11752
8196 11586
804 1560
10504 2112
9599 3526
12899 9450
6838 9432
9306 2428
2727 1965
39 8050
14816 10474
12129 8464
4140 1011
3082 12826
2122 2551
10489 2767
6059 11579
859 7935
6421 10431
394 13515
2212 11743
9133 13367
8360 14018
13939 1673
8266 9757
13530 720
12251 8082
10389 10546
9195 12059
7611 13569
3606 5820
3022 14784
12660 8162
799 5188
13979 1636
6083 13260
8274 10489
9585 11511
10778 13048
623 5651
1589 12551
11008 11069
9960 2699
11398 8029
3328 1592
2360 284
6334 13346
3038 6179
11901 10476
2734 491
5786 1159
2057 3312
14892 9188
9561 1665
1199 12365
11367 8912
12903 6152
12233 5559
5758 5018
11734 3833
9116 10480
13903 13195
3706 1083
11152 9247
11420 5077
10996 2515
3572 14130
1021 346
1310 13602
8703 14814
5213 3027
13496 10728
13110 7724
176 4630
8602 8141
9327 12652
7907 3737
13927 4853
5123 12272
128 7316
11180 4648
6546 10048
14904 13963
8094 1958
4922 5767
13902 10671
6689 10120
12626 12277
14183 14510
9039 6635
13434 8810
9456 3479
10098 8256
12286 11859
14042 13283
5637 2998
10289 12735
609 11225
9772 6103
1258 9438
7954 11748
14211 11100
2918 4371
3874 223
653 5706
4731 10146
4739 1114
127 1908
5985 1446
10338 7303
296 6626
4683 5736
5102 5384
7218 4680
10134 12089
13109 11477
5609 12555
10438 14623
13794 2667
12584 3711
731 8591
7353 6205
14958 12142
12784 2351
10502 13421
65 3264
6232 5045
7244 8869
5975 10761
4783 3667
2024 14091
5557 10143
10580 2385
5838 11768
1329 13944
11015 11464
9287 903
5385 11328
8827 12611
5457 4982
1062 5712
7905 6366
5237 8209
10294 570
6494 6701
13278 5915
5586 13558
8371 12352
1424 4807
13171 12139
2866 9947
13416 208
9212 993
12321 3374
10606 13797
3225 9068
795 13749
14915 937
11800 9790
12867 13407
618 9240
8454 512
9682 10057
6072 10140
12361 10177
13673 1717
13046 12263
1198 10385
6486 8815
12225 8446
4413 3173
11074 7117
11754 18
3304 9577
1924 12496
7322 2011
5151 10304
11476 4529
4499 11466
2734 5778
2704 6949
3675 1498
11839 873
5127 3735
5560 2815
5758 2616
14151 4576
13338 11560
11969 3689
13754 9009
3478 10377
6860 323
4971 3901
3803 12248
10905 5874
7647 5666
4520 13229
2606 9381
8994 1041
2508 5404
2476 775
2303 14324
1573 11332
10826 8766
1589 7306
10237 2693
10772 10126
14888 11258
14840 10602
12812 11897
6975 13755
7056 2223
12814 7736
8048 6845
6842 5599
2574 2460
1502 13846
2443 3209
13581 5274
13918 8431
1936 4164
1959 6264
421 12845
13896 11044
10729 10742
12312 7410
10936 590
12966 9529
4974 5505
10578 8307
611 11565
8418 4785
14633 12024
9974 4586
4518 7737
6898 14229
13967 14968
3697 8416
8520 5220
6029 3719
14014 11451
13221 3430
7619 7590
8709 3185
7937 985
10715 5454
7249 812
4027 5501
11067 4023
5116 13953
4168 11111
9517 4722
14709 12076
12336 1336
8422 14186
2060 1804
7161 13887
3847 6632
14158 3992
3320 11733
5709 9436
11657 14861
5856 3204
9923 1112
10828 13355
12406 8102
5537 2105
11208 13727
2848 7439
9527 9893
14856 8878
12826 25
5008 9422
8905 12179
9528 4700
2060 7136
5159 14474
9146 14209
5039 12290
2192 10316
14500 4063
12410 1461
10749 11339
4669 2791
2534 627
695 7604
13587 8728
4668 778
11142 5003
6417 11324
12374 9700
13976 2587
4487 10052
14649 14664
9297 6787
5108 2728
7493 10781
7934 5907
9211 8545
8031 296
6733 10956
9042 6121
5149 6359
8205 4792
8820 13069
9494 11625
3492 7649
12312 1239
13098 3311
12457 12466
14287 6928
5392 6066
11617 6010
10581 5050
749 6856
14375 13204
2462 2432
2485 9102
10558 5612
7543 8322
13040 9021
8655 366
2596 13593
14250 11100
6673 12832
12747 10551
6716 9020
5761 3109
899 7130
2089 11291
3753 13241
6453 1248
1326 2027
13273 1640
2306 6987
10585 5872
7412 7078
7414 4558
3749 10747
12980 2627
8162 8823
14095 12979
3833 7661
7875 355
13183 3627
11147 9695
3074 9739
1851 3075
13379 10412
9738 10045
3582 3444
1437 8155
432 6880
2038 9784
1597 3615
3916 8551
3005 5415
2123 7006
8788 4643
1895 13876
7044 4561
1936 2173
3616 5054
12560 13119
13733 11563
9480 3730
7250 13588
6304 4641
6139 14593
5616 12362
517 5813
7196 4856
1563 13835
1947 5463
8529 11835
9430 1823
12269 11434
13280 10134
548 162
797 13144
5682 3665
3328 13663
4575 2518
9960 5720
1839 4092
2689 369
6194 10312
1226 6201
1184 13154
9240 11322
11510 3243
13293 115
12257 7431
10405 5967
4916 8348
7649 3101
3629 11693
12062 9215
1680 7795
5400 2473
5189 6407
1813 12708
715 9738
11175 8463
13181 3395
10799 2915
7816 568
7348 13497
5325 10299
6023 10948
10567 4333
7295 6835
11522 11966
1591 14616
12137 11490
277 10393
10042 14531
14010 2319
10173 14758
2845 155
2679 11787
5264 3905
5423 2690
1808 2195
4511 9760
10304 8826
5516 4463
2995 4400
13260 9576
647 42
1619 12303
12129 4156
5831 5451
1918 10597
10914 7484
2975 9346
1971 10843
9633 7988
5805 13593
7765 10831
14494 7961
14491 11353
13559 8680
8490 9263
6360 8980
14216 636
13380 3295
13187 10308
7979 13875
13342 2334
8483 5085
14424 7097
10084 14610
14983 2454
4587 834
14333 990
5858 14329
10971 6180
4362 10635
14504 973
3865 10408
11957 1414
5693 14850
2785 4411
1155 12795
8359 8455
14912 14132
6749 11312
8047 12333
6486 819
9575 5119
14374 11102
8723 5519
12465 14656
4337 9164
4435 9653
6528 5351
10356 493
3797 7853
855 10509
14897 10057
11566 9690
11096 11875
14843 7506
10820 12923
982 12312
2533 8978
10743 14834
5418 6880
11690 5554
6354 11964
6241 100
59 5585
12724 2368
13812 3476
8984 4678
8861 12590
675 9935
3766 2936
11962 1302
6876 10983
9735 4565
8993 105
5737 4847
2147 14279
10798 184
5028 927
2948 3524
9647 6336
12654 2498
4395 13538
7479 2158
9107 13721
1146 12632
11343 1497
6005 5116
11577 6714
3039 2525
7852 7824
486 2151
8536 3423
11289 2918
8936 8606
6990 12162
2387 7533
6122 12329
831 7342
8232 10007
14045 9816
6760 5801
2499 4455
5501 14311
5286 10163
10105 7245
3812 8782
3324 7335
2881 8691
5635 9093
14375 12848
10552 11866
5377 10458
11551 5011
5364 4750
5306 9163
2835 12451
8083 13636
4628 6003
5580 7540
1520 6855
13372 6945
1546 9326
3618 14347
468 11046
6304 7416
8269 7832
2433 128
649 593
8615 10260
2422 14662
1563 2277
7374 10105
13451 1382
8444 1914
8014 3335
988 8294
10761 9696
8572 8845
5591 4653
6008 2549
339 5594
4809 13848
9015 4973
11418 4505
8234 7016
8214 13263
14789 9362
13191 178
11802 6588
332 5395
4312 12707
13653 11216
13542 14736
8386 2151
13976 6221
4268 11528
4385 1145
11275 1787
7901 6776
3690 13763
11557 6134
13436 10010
6732 6626
8222 3416
9694 3669
4119 7152
9732 3171
7103 8950
9832 8584
8895 12600
13011 5632
6756 14150
10964 5826
1164 2167
13105 427
8766 12838
6373 8206
3689 3450
14877 13086
13506 10347
6738 1210
463 11352
3103 12593
12512 10941
14894 2390
12277 2422
3211 7071
14606 3838
7854 5686
2591 259
1287 543
5560 6739
8783 10718
11258 7251
8674 8012
8911 2371
11307 6054
1764 12711
14044 13694
3937 10196
3835 12588
14464 10730
12201 5733
9985 14227
7426 1411
13201 9301
13426 7533
2887 3939
14311 11887
5920 9399
37 4112
5114 8093
3336 13891
6538 1128
441 2546
3955 7987
14754 14312
1700 3838
8493 3441
68 6686
2203 9164
12089 14113
3558 6099
11763 6544
14513 6330
6228 4817
14407 3311
778 623
13763 14345
7463 14807
11393 4915
5485 5045
8690 7849
10516 13028
10122 14886
12989 3406
8696 12734
12747 5912
13435 4372
14139 9259
9563 7111
1502 4964
3717 4029
5378 1998
14058 10389
7099 7182
14674 420
1892 6400
11975 2067
220 8039
13906 6840
14281 6572
11796 12038
8264 4079
7646 11495
11286 6533
11107 435
5472 4777
1623 5264
14973 5003
3055 12517
13398 1733
12375 5851
11926 12780
9330 6002
2465 12129
12311 12758
6526 12333
1569 3650
4764 704
8583 6416
6081 6265
14930 1236
14356 1238
12198 13926
4294 6368
9564 1737
2037 1405
116 3931
11310 9181
10240 13867
3870 13196
13996 7765
14260 11854
7703 10056
6046 528
14303 2643
12437 12812
11550 8084
2611 6678
9642 1301
13836 10604
7625 11242
2531 6976
10330 5622
10701 10628
4066 2570
1334 1589
11258 5287
8043 11658
14794 13488
2249 3961
8098 8797
1107 10029
14025 1445
9225 7764
4504 3881
11454 7331
10137 1917
2955 6472
11434 579
11832 757
6758 3725
6080 7842
932 1232
13387 6741
12626 1023
14935 8844
6822 1579
9527 12896
8313 3926
2537 2524
7522 10264
12191 1715
12552 7890
8579 9368
1272 13749
11643 14344
13488 4379
853 13809
11801 3600
8252 6843
12274 10589
14410 2627
1869 11333
2804 10765
4758 10238
532 7462
4999 9983
261 13700
2705 2875
5794 10374
4533 10456
208 2029
1807 12121
11015 4219
467 5068
9199 9784
12647 10313
5498 1524
6997 9122
8716 237
11303 1483
8598 5665
11722 11318
10362 9303
10362 10294
7745 13604
3475 14440
7870 3908
6918 7336
6998 4088
12156 2270
203 4619
13905 11184
3682 2015
2781 11969
2671 14085
4521 10497
1717 787
14270 5322
1769 10139
1761 11144
10640 288
2239 11239
3279 4817
6994 6616
9716 6599
8481 11147
11040 14253
11434 252
13511 10912
2366 2932
6406 14219
10059 841
645 6074
10347 13075
10259 3239
1207 4043
4640 13925
13381 11133
3997 7164
11379 1389
9846 14525
1267 13216
9878 839
3706 11234
4979 14997
14839 1592
13909 10586
1203 7523
214 10932
12968 5175
25 8462
14866 7425
10274 7859
5751 11128
5628 10488
7095 11870
10829 7758
14975 7625
8838 4439
2387 3685
6194 7675
4532 5075
3331 7236
12185 13619
3040 4893
11985 3088
2539 9914
10737 11946
752 7832
3232 5519
6621 6802
7524 5250
3079 12373
9548 13422
10456 10475
4583 2642
159 11119
2254 7397
11156 1707
8478 12516
6585 10557
14633 13062
1740 11219
373 8509
10579 2728
7401 5817
557 11901
6285 12164
7042 14605
10666 3327
6056 8888
2084 2290
9252 6585
9318 3577
1361 594
12743 12118
8514 6969
5545 10008
14327 12669
4449 13134
8863 2309
9848 4948
13930 4761
10834 7037
10252 2257
13000 2719
6871 9514
396 1648
14089 971
2495 13318
14617 13984
8040 9104
8214 7101
5223 7305
8169 8456
9568 5819
14591 6521
11490 7722
1475 6441
12583 1012
1196 4021
701 12362
7665 4028
10806 9523
470 2510
1398 9844
8522 7054
595 2642
583 8185
9450 8452
11738 6284
14142 12610
1688 4358
3000 9939
2510 13104
3942 13541
6560 10196
12623 910
7294 5636
2381 11496
12000 7406
8840 8271
1833 183
11280 1877
3457 1584
4994 14482
14888 9939
148 5153
8769 11049
5374 10854
9501 13909
5471 13620
14203 14918
4413 13479
11258 6288
8259 2546
1775 8847
4700 5314
6122 6528
14886 1823
36 7042
10455 10613
3949 4366
7518 5170
12000 14535
12633 11444
4493 14686
13456 4329
6581 11456
3724 9838
3903 11882
11217 10892
9305 372
1388 383
13207 11689
1792 1123
8714 14691
3010 8474
12077 10444
4515 2174
5077 661
9351 8135
996 6097
13453 14058
8893 96
9012 219
5055 5369
1349 749
7400 964
7815 10125
5400 6885
4691 12661
6538 13110
10374 2561
1711 8274
13596 5698
7827 12528
12212 12101
8045 2722
10698 9486
2135 5245
13976 6587
13899 2997
13294 11363
7681 2525
9508 6144
7341 14142
13578 441
2589 11237
11842 10454
3765 4438
11160 14240
9589 6581
368 9328
9956 582
2403 3183
14804 9600
10444 8941
13679 12539
6617 6847
7609 13322
11860 13456
9359 10573
5798 8281
4518 2733
11661 7997
6515 5069
6107 4693
11589 14824
13832 12340
14225 229
3291 6751
11292 3974
6126 7994
19 2448
12129 6811
13740 12269
8688 14213
11779 6383
1291 11926
2335 5886
1461 2994
3232 1403
1493 5619
9322 8971
4114 10691
3325 8538
1066 12941
8459 14547
7183 12722
4463 2436
2166 13123
6914 7513
12440 3134
5092 10757
1499 8673
10849 3736
8187 11715
10803 10770
7210 9925
7888 13737
14255 12831
616 7023
1774 9139
5309 8305
7635 14103
8752 3200
5239 13763
14624 857
7513 11941
103 10043
14151 13686
6266 4480
10140 10714
8553 10914
14497 4657
12890 5882
12779 12967
13433 8422
2108 4149
14994 14876
254 4560
10106 10224
14587 8338
10739 1865
11753 7767
2692 8738
3944 7110
1601 12689
1039 14460
4929 11568
4900 2093
4236 1279
6766 14345
13393 13057
13948 10914
1299 12653
10494 9562
1902 3945
5040 14362
5191 1830
1689 2342
10368 579
2282 9622
12304 10594
5657 10043
3380 5251
13295 12650
14205 14449
3922 222
7488 6150
11353 11785
2076 3636
5087 5858
7191 10757
3460 3621
2004 12075
12649 11695
2018 1892
12338 14662
2773 8054
3762 2350
6501 12349
4463 13621
11493 1689
3282 4670
9518 457
11703 7892
11427 7066
1839 3689
10817 9683
11925 10130
8296 2475
9348 11845
8348 8627
14184 9615
14361 9989
11424 1713
14923 3073
9502 11956
1168 3574
6558 8111
14494 5581
9077 6854
11838 3141
2167 7359
211 1416
11377 5913
13729 2583
3838 9560
8239 7192
10828 13005
14674 3866
4423 188
11910 1197
14444 227
10621 2971
10792 8506
11001 12197
14996 6571
9169 2664
2421 1363
3944 7864
4061 13723
7014 4485
12306 2124
14509 4727
1610 8164
5097 8722
12232 5407
11968 7223
7499 5735
14398 6848
3039 3758
11577 5782
5780 4460
3520 12018
8835 1270
8236 10081
4712 3261
8528 10020
14415 14304
12316 12442
6890 11745
2483 1565
8124 13988
12948 5363
10863 10332
10974 7835
11943 14557
7141 7623
11808 14108
6978 5854
3276 9242
6053 1140
10331 7482
9378 6173
11161 12967
9623 13775
7392 3090
9312 2920
7984 6923
11303 13308
5124 8548
7937 8977
10172 9147
13126 10585
8931 3446
14281 11552
6052 10634
8912 9596
8398 7306
7975 2821
8326 5110
5818 6302
115 11364
333 4569
2692 4267
8125 6951
1363 8145
5046 2596
14149 6593
2218 10856
7789 1879
9086 12200
2815 10950
545 10071
770 4205
13011 4474
6161 10450
88 12685
6484 5945
3193 3280
6907 14336
7104 4344
528 12864
12339 7879
1585 1055
5326 7466
10080 7069
3573 14589
8967 3606
5454 4414
3513 1500
5716 208
12022 12954
14723 5844
9750 7521
82 9248
11733 6368
11009 1606
9556 11609
10942 6313
3030 11833
2482 3967
4374 3334
8216 3781
14068 937
14444 8449
13192 5448
1358 8938
8984 5329
9558 9406
10721 12945
5759 3629
11554 3275
4747 1947
10708 2379
4627 6267
4600 13533
12478 1493
7580 7222
4351 12106
8939 5856
10723 12769
14372 8746
7348 10629
3489 9798
5586 8283
12652 12179
10428 1244
4257 2512
9685 3543
7402 14172
3039 599
5952 12034
3822 8704
11383 10594
10457 13931
8074 6333
7525 7244
10541 6675
13280 13129
6092 11896
7664 2564
13108 5210
5275 3384
14998 11251
13804 10201
6969 2125
1200 12361
12347 11379
277 5931
13532 6370
11782 128
3946 7214
10222 9494
2178 11396
14048 11441
13522 10187
2459 8422
10984 7172
664 11039
10635 11170
11432 7128
12283 5493
9428 10077
9931 1531
4716 1164
5382 10878
7047 7638
14713 1219
11858 10910
7931 3534
5727 14348
2704 10614
3108 2101
178 13260
11787 12134
3118 4117
1395 13593
174 8982
2938 8873
1546 3146
1356 2885
861 888
12003 2801
3067 4451
10718 2197
14125 14830
1102 6845
10286 7655
1129 6472
1484 9897
8727 13489
12550 10604
5311 14113
542 1184
14798 11138
11187 7605
12932 1086
11549 9837
4774 5486
12232 4067
5122 9663
638 11415
7463 2061
2749 14150
10914 9659
4578 6804
11002 13171
9039 367
13993 1469
14409 9986
224 9203
9480 3918
2091 4644
6807 301
1127 11128
7080 1772
14767 404
2032 11785
14988 4183
11746 3818
5877 1050
10362 3427
475 9657
10884 10297
1888 6957
7322 1275
1516 10686
675 11114
10743 5497
7260 11717
14501 12644
540 306
6064 9281
14431 3867
5864 10754
5773 8159
11040 3299
11568 14276
921 6815
11086 3566
13002 8550
10927 13040
1999 7782
2988 265
733 4216
655 12927
7089 1943
14655 14673
3415 3573
7703 13370
9414 11067
7296 12723
7214 929
13418 5307
6671 9986
4729 1173
8603 6968
2792 10198
2126 474
12518 2419
8527 5450
4779 6058
11328 7313
13851 1847
12819 2394
2095 8165
10862 12593
4957 7283
9415 769
13825 1168
5788 10811
9841 5271
8904 3396
2806 5974
14396 4811
7333 10227
1939 2156
9703 6091
11869 13107
9117 10237
10861 9207
13994 9965
7315 11670
8677 14469
1975 302
2631 2273
14373 502
1675 13162
11592 12288
8691 14539
12191 4837
14914 12175
8031 10074
10071 5630
11895 12290
8119 4096
7749 5375
175 13295
2442 7714
274 3717
12163 5581
10687 13491
2905 4805
5023 6572
14686 4595
784 11448
12813 1248
9917 5588
11606 10040
11491 8937
1477 2735
3842 5498
1977 3220
9949 6139
3550 2618
8396 13297
1214 8110
5084 795
6350 4025
4796 8877
2857 5256
6359 7656
14880 8054
14761 9731
13842 6181
9458 2185
3222 14901
11471 7979
14406 7883
7646 1985
62 1267
535 7365
613 11727
12395 10382
10982 5453
3467 6164
12080 12003
7735 8087
3262 9688
12715 825
10827 11971
3994 346
10602 5413
1823 12660
465 8112
12096 478
5870 11423
686 4974
8107 9045
12392 7433
12450 12943
4505 14575
13908 8991
12035 2096
6596 3885
1256 2805
3917 5524
4550 5701
1718 10795
6992 10239
12479 3161
8735 6608
11078 12107
14215 8076
12364 5707
3624 10176
8524 6415
4010 12137
7588 2817
8279 10058
12609 3397
10734 3360
4618 5911
4915 9701
6943 7949
11401 8579
3254 7726
12587 2871
13167 10294
481 13015
7989 14054
6692 14534
8850 8954
10630 6962
7503 14331
1992 8597
10517 4823
9703 14142
11983 9737
12838 8830
9789 12700
401 13015
8478 6303
2177 2614
5804 8025
6508 13896
9994 8655
14579 8991
12019 12882
9257 4188
10343 14800
1801 2031
3120 10793
247 4729
11492 8256
10661 9694
11103 5755
6470 474
3150 606
3729 6425
6928 6675
6262 2682
4578 12015
11933 9413
11667 4724
12660 13958
7574 12588
14555 11295
14124 14533
2425 11400
7719 5026
9208 7020
12932 6510
10631 9077
12857 383
12194 5641
9960 11745
608 11912
3589 6918
2692 7267
11081 5085
8322 1717
14472 1218
9438 10457
13158 11965
12279 11556
12327 8288
9583 3788
819 12835
13980 13723
11429 8817
13459 9310
11019 13527
2334 8153
346 6089
1081 6759
496 1239
7074 713
7730 7488
958 13251
14285 7033
4978 872
6725 10922
5056 2613
10597 13719
785 13342
8042 3993
2087 13204
4577 6890
915 12157
13131 6118
14646 2057
10148 11077
130 6379
8622 5590
10086 13888
10298 9159
7751 5745
12909 2036
7517 13625
11777 12347
9603 9208
4744 1069
1046 4889
10664 6118
180 1665
5426 6661
6917 11194
9791 14779
5376 12229
10335 7944
14862 6767
59 327
2270 12144
1764 14133
1721 13089
1764 3521
9711 5032
8797 5955
2095 2785
13911 113
13663 6609
5056 11053
2700 4852
9203 4507
4522 4903
14524 7420
12090 3069
2710 4621
12965 12800
12901 11393
138 14856
4145 3315
2117 10487
13608 8637
715 6359
8633 10543
786 8830
5505 119
1065 6524
264 5754
10479 9438
4498 3270
9488 703
8963 1253
7721 1260
9714 12708
4273 4195
13729 14099
8232 10732
1817 12296
9704 8021
7428 2265
14615 13243
12846 14121
3956 7186
14376 14893
14755 8120
2156 11193
10523 6049
14583 3467
11812 9524
1784 223
14324 8344
3521 11789
6770 9543
2190 11668
14144 7761
1081 2256
911 10909
6915 5067
2304 12558
8405 1609
12541 662
11267 12651
8458 12628
7507 4220
9163 1544
840 4742
14319 11890
694 11848
11361 11354
12166 9330
6093 54
14125 7128
410 8537
13151 1198
11479 950
10149 8573
11457 12696
13501 9669
4237 12172
12761 1184
9235 5063
13509 705
14661 5056
11928 8065
3545 13618
14246 4956
1791 14896
10689 1156
8949 1302
8755 8410
2900 13001
12316 8501
10577 4613
12622 13515
5363 6436
4251 4475
7336 7797
782 6303
10782 12383
10864 333
7512 13754
2605 8938
5261 10998
5479 4268
6707 10602
12321 2328
1153 13019
2062 6262
3112 11205
1369 13204
8897 8658
14205 14192
7913 12573
5235 10125
1791 7922
13150 4979
10327 14318
10934 10731
5627 10591
14037 8116
14189 10858
11934 462
4151 10890
11879 8820
14527 8155
12117 10126
14372 1264
3823 2678
4577 3633
10718 5078
3525 3602
14977 8627
9711 4464
5446 10486
1679 1727
14395 981
9118 13078
13907 6337
3636 13798
1601 4752
13472 134
8024 13383
7817 6000
14666 2144
14525 8934
7634 3883
10494 11806
14866 12284
5522 6093
14897 4342
13546 3424
12473 9698
4268 12008
6856 10222
7112 13130
9727 6900
9327 13138
10487 9514
8280 12611
1237 14203
12022 9473
136 12565
8287 9450
1197 8900
11727 4285
8977 320
12800 6903
1032 6953
8331 8563
13830 8429
4513 4375
13554 11713
8645 4506
6499 5482
14024 4943
14423 10178
14622 1890
9918 13785
12402 13705
8093 13230
10562 2245
2747 12377
8245 5695
9556 12768
11766 12798
13973 12579
13191 2366
7007 7831
2918 4696
10563 7223
5622 4957
13723 4692
14392 8935
13809 9403
2064 3982
5539 7142
2507 11855
4605 7837
7633 3666
7517 3893
4 1666
858 7791
5774 12689
7143 7428
6705 4670
337 13372
1305 7178
10987 3817
14115 8253
12566 2453
4171 4035
3946 10041
408 3272
11984 1210
5609 1030
13356 13960
640 5082
3855 5084
13196 1391
14275 6129
6112 2972
3289 6967
12086 14666
5566 14616
14250 8297
8730 157
8131 4596
3158 9491
5613 14160
11123 654
9936 8519
13945 13031
9254 12514
12955 8101
8071 2765
143 542
1260 11555
9084 5552
9751 13114
4683 9939
14751 10589
9693 3758
4559 4212
841 4111
8432 1907
5977 4681
3658 2933
4107 2625
2288 12212
1502 10571
3751 2797
1921 13000
7150 343
13404 10559
12085 4569
3204 5197
4867 12736
6366 515
12412 7705
7576 13270
6962 5739
3389 503
179 1058
7108 12699
147 35
14843 10412
2145 5468
14570 13089
10764 178
12438 7103
12254 10044
5558 2419
8174 14889
6511 4610
5807 11322
8627 2491
11724 2464
4743 3597
4777 5089
4562 9645
48 10720
4307 12155
7749 6202
5716 1889
11638 10525
14256 10304
8616 653
1612 10254
2504 415
14160 774
10121 5082
7475 7579
11136 13186
10947 14106
8683 11789
7171 12013
5104 13936
3706 12585
3380 8003
1516 4311
14413 7089
9447 12487
9093 4779
601 3976
12411 5724
6013 1636
231 14537
12266 7806
11708 10126
2691 12503
8174 12683
14895 12460
1309 13874
10917 14088
13688 13252
13740 10734
9592 318
7129 3250
6506 13679
11628 1053
3172 13719
12416 9339
1487 2571
4728 6872
12134 6253
9035 8792
8017 7183
8392 5483
11987 884
3991 13887
9459 11980
5458 9387
14979 5102
14309 4145
12450 4350
3908 8184
5374 9013
8259 2549
13204 7903
12318 8937
11157 2443
759 3444
11409 12794
2264 11867
10933 5042
9306 12341
12218 6550
7939 187
13954 3405
6250 2225
3628 4588
1050 14374
1969 11991
11540 6848
8257 5151
9633 2094
12954 1099
12297 10426
11651 7856
9507 5071
2863 6041
11376 548
6618 14502
3345 2708
11733 14877
5350 3813
274 12255
12720 14617
1497 2486
9073 1427
14463 13903
11076 13806
5413 12107
2289 3600
4574 5803
7377 3806
14360 4458
1718 1508
13344 4319
11321 13110
1675 2750
9937 11346
14387 8309
12627 10798
4904 5305
9073 1619
14873 2982
4878 8290
9643 3645
11498 6049
14458 14081
13346 12831
10285 6771
2489 9178
5582 10737
11283 13413
4291 12959
13468 4540
2514 11934
11413 9361
1138 13952
9692 10365
4101 4699
4103 13494
1486 6550
9304 7843
21 4190
5755 1432
13682 10388
12181 1665
10857 1727
3209 1566
6272 427
9560 8213
1951 11415
4942 9947
11082 1569
6578 5824
655 13535
14544 12004
10110 4624
11709 14905
13595 853
11859 10632
7289 14797
12421 10851
1734 11265
10220 6563
12858 4074
11785 998
6735 14665
3405 12264
10404 1266
1038 9063
12940 14532
13405 2966
12126 1553
1 770
5824 13897
6156 9789
13832 6534
7134 8582
5824 9186
2168 8223
156 10095
13267 9114
6530 10586
6579 4169
5441 6779
5557 14488
9540 13954
1402 1157
2575 2078
13721 2743
7081 2163
10546 11806
11021 1878
8960 8722
5235 7938
6430 3316
14877 5991
13938 13153
10526 3069
7012 2293
3100 1945
9848 12083
375 12347
9298 13195
784 4290
4517 4506
14330 13569
13842 9546
3312 12074
3571 6091
13385 794
9002 5279
1180 8443
12177 12011
11488 9560
12255 4831
11712 5661
4607 11825
12525 2034
3596 6983
4215 6529
11040 13172
13641 5308
8972 3945
4873 10244
1690 10109
9905 12691
3717 1880
14112 6623
9323 12707
3940 35
2902 12132
4963 3428
5306 12310
2076 5982
3910 474
9102 8043
9737 2190
12573 11616
6637 13275
7027 11485
14751 2831
801 5256
9201 657
3270 9354
2928 9452
13039 7131
9838 550
7713 3446
12641 3067
10219 8052
577 4940
9807 10222
7106 9035
5691 13474
13103 6142
8862 6217
13122 10859
3726 5004
521 4616
11437 14820
7220 7858
3300 11806
1275 13735
8835 4928
6012 4898
692 9854
3849 5879
3498 13804
9293 5344
13538 286
14849 5240
3762 3537
432 12297
3691 4413
11476 12807
10075 1663
14428 12889
4227 7805
10051 5638
8957 7026
4655 4015
4901 1098
11929 11841
11892 14524
14005 14292
8970 6383
6588 1523
8613 4667
678 4841
13122 6366
11246 8059
6379 2273
7904 10542
3844 2809
199 6189
4629 8428
14307 1403
10695 1611
4939 8235
6394 8037
9657 1280
10048 12440
8090 6525
443 12124
7179 6118
8436 11484
14304 11291
5054 10312
12152 2474
5874 7688
838 258
9222 8426
3871 3318
2134 8321
13851 10567
9785 5823
3453 4610
5689 4910
7643 14972
14457 14044
14746 649
1609 1940
6802 4678
9375 3128
13278 2715
13330 4424
4142 14729
8341 9475
3484 1868
1165 310
11806 4103
1665 3769
6308 595
725 7828
4088 5752
864 1242
6731 14671
13427 10138
1244 7472
4933 2038
9940 5920
1505 13349
10704 11172
7499 12908
10288 14536
7487 6094
7768 4569
3832 5133
11529 2358
11786 11475
5713 14977
8016 10797
242 12863
7528 4496
10575 13491
14760 2123
6773 8265
12211 10942
10833 8472
5703 14714
2961 9287
4956 5529
8900 14167
5905 11145
7590 2539
6104 12540
3399 2238
5581 11898
3086 14825
6027 11897
13916 8815
13774 1967
1471 4073
13098 1531
5430 4901
10681 5211
7540 2754
4383 2168
2652 4078
7881 8334
6124 11439
2765 12834
10361 8011
8883 3260
13563 2046
13926 5930
9562 6707
739 12857
2611 6914
1371 10938
2257 9707
12167 12085
10128 8133
9884 6787
5098 2341
5102 13993
4597 3725
13412 2743
8828 4522
4534 10922
13094 10112
334 12482
6695 10304
10536 826
13464 1682
10341 4985
538 9312
1623 10516
10991 9562
4531 5385
1647 6626
12860 9068
10027 7114
2019 14476
7042 5580
1065 5837
4070 10710
6262 9203
6732 12105
9791 12349
6368 14398
11328 2255
8464 5094
632 9077
8994 3929
14388 3921
5629 9909
6377 11096
8380 4976
434 2186
13749 11232
3819 8929
5753 11575
12423 822
10538 4786
13901 14417
3049 14932
14114 8843
11936 10624
14621 6883
5948 6495
11020 4086
9427 369
9024 4189
9904 4600
8241 10667
6425 10988
4417 11101
6930 1348
13561 7977
12043 2655
6984 45
7166 13407
5997 11497
5316 4580
4154 8584
369 14204
13739 8851
14493 9060
7324 2839
11095 3168
1729 8657
3126 12217
3488 10461
12581 8684
14943 13251
4095 14056
10351 5462
202 13062
917 10641
6548 11328
14307 12754
5682 3382
4102 4114
996 2110
12476 6742
2710 1721
7751 529
64 1448
4480 2103
2784 9098
10667 11362
12067 146
12407 491
5076 2232
7676 3200
5196 13497
7103 6717
4044 3566
9031 4924
13408 1782
7478 13415
14497 7832
11290 1652
9217 10479
292 8330
5456 8038
2051 4223
5992 1314
7054 13952
14228 10268
10225 3461
13417 4711
8497 4259
7277 14412
13259 6137
8873 4977
1836 6546
3450 4719
13093 6130
6989 10602
10670 13587
4407 5840
14061 8493
5514 13274
3651 11914
4456 6604
3881 12891
2051 8389
5621 9988
4887 2495
3484 7294
10050 4236
10349 2640
6972 6833
3251 8869
4869 4885
9988 13263
1514 9325
1762 4504
2087 12118
1593 8416
14612 14231
2679 5612
7874 6196
7565 13204
4566 13765
14395 5350
2514 2681
5367 13265
7262 4331
13478 12193
9648 3803
3629 8810
11625 1606
9526 7981
3697 1506
9362 12014
12867 4133
10672 14103
237 5264
9464 1079
10507 1403
3758 4389
7751 12059
1024 9490
7309 14865
13246 10350
2913 7728
12587 3078
3303 7424
12550 5804
135 12167
5293 12503
2107 13631
6583 3848
10686 12295
8803 1745
981 7205
2597 8759
12187 4055
12122 10487
12790 13060
3848 6422
7783 5998
11324 6008
9804 12156
2212 1120
1663 12606
6716 1945
5146 5437
5105 14266
4921 2244
8568 3224
12343 14727
7013 11303
1151 7862
871 3954
4153 7521
9176 13685
7855 6405
10090 6365
5012 13056
6025 98
4695 3587
9017 3863
8006 4902
772 6741
2467 9940
11136 3926
10078 11104
7255 7070
7726 7532
4434 427
6510 12649
7917 7725
3283 14849
4135 14677
5599 11126
7420 10155
5975 9578
5307 244
9711 13580
655 10663
8423 4962
1736 11764
6370 927
14327 2650
9044 9773
13974 1121
3059 10830
516 10039
8087 2704
3602 11028
5850 9445
7205 6305
3691 1798
14005 12782
1003 10197
3514 12121
1442 5966
3419 6436
14519 12108
4344 8439
2323 5425
10544 998
5992 11223
3570 2362
8094 3522
13738 2355
8180 11281
3973 5331
12466 1436
4139 5621
9686 1893
6287 2727
3719 1865
12671 5382
2521 12535
5774 14204
7910 2064
6658 13361
7689 2029
2942 11910
14796 3267
5704 14185
19 3234
5936 10042
11403 6526
3663 4835
5409 1230
8808 3932
7051 3815
3898 222
1410 10504
5841 6318
4627 12727
590 14632
9943 7938
2780 3458
10740 9996
2522 966
112 10333
3674 4350
755 10927
14033 4334
1783 4725
13350 2007
3989 6026
10351 2731
1305 1641
5474 8788
6495 13401
9934 12859
9710 5734
2461 2045
5768 6239
6325 453
9727 12604
2793 14667
7109 1650
8001 8000
7224 7761
6281 11155
2941 7222
11599 8412
10173 8339
3256 11471
9881 6566
3834 13484
4005 11403
1689 5830
3905 768
5156 6600
14960 1205
12651 8192
3932 3034
5500 9488
14290 7517
4266 4828
8068 3250
584 7344
6261 13504
1288 3562
4983 14251
8756 12283
12542 2256
2257 3457
11235 4828
8044 3103
5649 12044
11160 7269
14717 14581
1790 3501
4746 13096
14543 4456
13753 914
9097 11008
2336 7693
1209 10265
2671 3876
2944 5856
11967 6219
1074 12241
11829 2635
616 6313
6800 8239
14154 7786
7268 8620
6048 11792
2962 2035
10476 11139
8213 4058
3762 8563
11542 5570
3018 2610
8576 10055
2173 1030
12219 7942
976 11726
6549 3881
1032 796
13483 975
6198 1301
13146 7006
11013 10088
7477 14249
8356 13357
12708 5906
4297 3019
8410 6905
10017 3676
9783 11924
1891 6543
9239 2943
11604 7122
4725 9234
12401 11495
10602 801
11029 10037
10872 12822
2760 2546
1148 1956
8175 1390
3158 1650
14804 9849
13124 10933
1145 5712
1618 3826
5330 9558
11528 8028
5451 190
5749 4287
11749 2481
1997 2886
6637 10499
13976 14607
2348 9478
12810 6944
6181 10108
13218 14164
11857 8801
6295 4799
5540 13090
4034 7250
1819 5832
2148 7463
197 30
2062 6968
5936 98
13381 8640
8764 10273
14779 4567
1105 1052
11551 4648
7841 8217
14362 3067
9690 11574
5858 5244
5353 4425
749 12835
13872 5324
11401 1386
1895 1730
3755 5703
488 1971
6823 11710
11392 9139
13742 13027
6866 498
8189 5292
9348 12717
6051 7482
1349 7915
14140 6462
1542 3598
14807 14071
5264 10566
12596 3987
13639 3230
4316 1695
3098 9918
13910 11544
4029 5043
12056 11158
10344 1365
9010 9661
12245 14958
5205 12165
9902 9710
2042 14629
13871 5011
8996 14478
1978 13017
9773 7734
7194 5426
12051 13865
3290 7165
1738 2575
10984 7941
3577 14692
9375 487
2429 7021
563 8177
13484 7198
2127 7828
146 4762
11035 953
5729 12213
10866 9477
957 8721
3487 14941
3428 5004
11753 6130
4679 8869
7001 1219
4266 11256
5356 1105
5107 7885
3360 5431
7849 8554
8563 6029
14871 14170
12241 6446
11836 3829
554 5867
11094 5716
9252 3397
3346 14337
6831 11454
12786 9137
3408 2304
10482 6309
11540 9074
8648 12469
7968 9020
13870 11077
14851 6249
1898 6615
803 6646
3066 7444
5519 10046
4720 5023
3761 12692
7657 8099
3406 6506
4757 5811
2530 5134
14048 14744
11359 5358
4990 3002
12936 5856
10851 507
8620 13999
4909 4239
9168 4775
6142 6690
5432 7538
5174 264
13434 5286
11706 11056
14058 333
4530 1233
5974 8024
8588 8754
12406 2513
3108 5790
5343 2116
13351 2454
12652 11236
9240 7949
14904 13701
13678 6744
7033 1186
554 10418
1167 3030
8411 13487
10451 5824
4295 11475
7773 12631
8958 2765
6813 8164
7575 1560
12438 9568
1083 4424
2294 14666
627 5260
12013 4542
12107 7615
10178 5217
5998 12378
10080 3067
2927 1149
14162 13288
7029 3599
9829 4062
2034 1257
9447 12272
2374 10134
5712 4129
13184 8328
9142 10836
7998 1000
10279 13514
4198 4051
8865 14655
5784 8829
11199 5801
12310 1018
295 7697
2938 9764
6868 12167
3583 11286
2211 4298
1291 11970
7561 5363
3230 6457
14605 11791
4479 8761
4580 6488
1623 3121
11452 1117
547 3905
10788 9944
12348 8573
14756 9522
949 11589
6450 9960
10292 12775
3910 9590
5330 9624
13349 1935
5637 3416
12684 12153
5071 4896
5412 8007
11376 5872
2195 12983
8496 1339
4243 958
8049 5857
6507 2588
12883 6567
9013 2828
439 1333
5744 11632
121 14104
12210 2055
14397 11432
12254 14353
4216 13139
7319 2791
7442 4964
3948 10309
1305 14913
5048 13632
11266 14304
7915 8805
8185 3445
10077 12144
10916 13988
3325 6024
13362 9895
4783 3188
540 7544
14810 2514
5739 12815
14282 5843
8766 11494
5640 4726
9692 1339
3968 9328
6485 2381
3263 2828
11842 7149
12223 10393
7 10470
9929 13460
5830 6876
2034 2817
4992 8559
14768 1964
12503 1940
6439 14485
9149 14555
13264 12009
14680 12817
7523 10218
10563 12197
10644 8067
3083 12012
820 7838
14486 8110
2089 6317
6010 6976
14772 7095
3427 9709
2523 8823
4501 10314
2203 7617
7927 2728
1820 673
13197 10524
2435 9682
763 6929
9754 8
8471 8081
10292 5267
11508 14620
5158 9341
5168 6495
1565 1763
7551 9087
1969 11264
12665 10332
1167 8297
7714 9441
6851 6475
2522 1421
14596 10171
3204 2727
13060 4012
4421 7356
5093 7421
962 4072
5224 14836
14515 2006
6088 2753
10647 2001
3932 1463
2104 4444
6365 14043
1205 14575
13395 11218
11425 8993
14599 11765
8225 12499
11408 13861
776 2828
13006 12775
3268 10767
8787 956
4340 12224
3125 3577
8827 11539
981 10063
2585 901
7573 7820
8346 3683
4923 12366
8407 14738
2157 12230
7190 1405
2306 13489
11996 2077
14612 3699
4742 13595
10973 7828
9514 1276
2577 11068
10738 13239
14772 11847
6675 7010
4600 13658
1876 3166
6670 6923
7145 14053
7675 7709
13025 7571
10846 442
6048 8662
7213 7606
10332 205
7078 3768
5103 6072
3614 14101
14503 6514
13898 13241
13018 962
13967 4268
13272 106
14739 5994
4976 3302
11217 13740
14420 14061
7422 14855
12336 6953
903 6049
3614 8933
14472 8962
8385 14414
7660 3111
1227 5002
9489 5437
883 4060
13636 7088
5698 5693
4390 13588
14900 9808
3091 12241
12767 3676
3517 11863
5386 3284
12995 14206
8872 11933
1476 14978
4649 4078
3182 7789
3669 1825
1408 5166
35 12648
11273 12918
12273 9544
944 4217
3904 13947
3651 10205
6942 2442
12216 629
6228 6594
12184 8916
3731 487
10441 7996
11375 1390
4772 14767
14278 9839
12845 9292
3709 9530
11302 5588
1806 4813
1740 7857
2154 2807
5649 7736
8491 8791
14269 7583
2554 2459
470 6269
8870 1503
2644 13993
1866 6730
8207 2289
11384 3176
10259 6200
10863 1841
1374 246
13728 5894
1107 533
11198 4391
6607 8763
7390 12330
8484 13154
6836 11174
299 14762
2235 13279
2165 968
2159 11904
4162 12973
9597 12348
6325 1223
13186 11573
9065 13064
4681 1698
5811 4326
11021 4552
1482 2511
4399 9578
2835 8300
1590 13021
11082 14829
7045 13724
5846 10584
13116 13908
1522 1648
6210 7464
13393 151
477 2768
8335 4664
1365 2711
1782 5382
12191 6861
11616 331
3574 14060
2711 2637
2066 9391
9935 2666
8659 14366
7249 8304
10665 5449
10676 7212
1775 14860
3858 8944
11359 6383
13036 7133
11169 1744
8162 157
1245 13844
8425 7972
1686 4068
14232 20
11832 14012
5660 9863
3832 1884
12414 4760
843 14238
12084 12569
3889 6442
10673 3484
10828 6275
2147 13991
8279 4643
5990 986
619 6029
14198 8597
7334 131
8129 13063
3384 11261
3803 3197
3272 7917
4442 5937
4647 2543
12816 9839
789 8365
12729 3121
985 1545
13633 13083
14670 12735
4107 5846
624 5037
2631 5737
7691 10368
6624 3434
6930 11779
5097 3815
11465 11572
7629 7024
9380 10334
3801 9280
3843 4693
10094 3316
3209 12676
3438 13040
2541 3601
507 13008
6290 6393
14605 2184
12085 14473
9642 10324
6613 6150
6260 8419
7249 12678
6385 1880
3553 11959
10510 2550
11808 4025
6493 11165
7457 3414
6342 14835
7839 9928
499 10607
4523 227
4267 8179
11015 9484
4853 2371
202 8910
4323 1129
11381 1027
8693 9630
6340 6106
8354 5963
14042 14493
2409 3517
4634 9477
10856 12979
4841 9204
8835 9072
5396 9343
3600 2492
9627 992
8681 11593
11421 10725
836 3103
1209 6900
14104 2204
8744 14793
13986 2315
9616 12151
9521 11627
10252 4296
7849 9153
13011 12013
289 10334
7675 10435
10255 6295
8644 13657
6237 10035
12910 4885
2692 14274
8077 7166
6213 14284
4781 2048
13840 344
4474 12453
14575 13960
13235 1748
12222 4457
3335 12377
11698 8625
10587 9072
13690 11331
13853 3211
485 8722
8295 4073
504 13637
7680 14022
1758 1333
11070 7421
5658 9563
329 249
7025 11947
12098 11253
14244 13701
10803 652
3759 10956
253 6185
7086 5528
3068 7988
6203 4284
5034 2718
2685 10072
6861 4076
2949 10089
2079 14418
1789 3758
340 9610
3441 6260
950 4802
10447 14887
11930 2755
14721 13991
3548 4238
4697 8101
10088 3530
2418 7950
14889 13265
7520 11423
1222 5215
2801 9945
9912 14678
4610 3848
3484 6356
6714 2410
7958 765
4038 8011
13094 5573
10030 3725
6495 13259
14495 12196
14282 11703
1957 10511
13233 12979
2641 6100
6776 8742
11618 12168
12554 2927
8342 10447
622 5790
7150 5440
11331 6295
9519 9751
6066 12844
10961 12421
4167 8195
9489 12367
3544 14756
11372 13861
6811 5232
576 7673
13122 13701
9905 30
14056 11843
7620 273
12456 8870
7176 8171
10224 3313
1403 13749
1374 2377
12719 843
11720 8800
11633 3891
7225 11719
1481 1751
4993 3776
11307 2739
834 13546
3467 5643
10823 10383
9456 8420
11281 9520
7 7005
11465 7424
13986 7142
11099 14694
9613 8595
6520 2449
1351 6500
14569 11206
14414 12297
5772 162
4324 9884
12108 8300
9653 5338
460 10883
520 14364
9357 5608
8723 14447
10181 10725
11971 14028
1459 12402
6846 4433
2704 6876
14297 12480
12861 9899
2462 873
7576 5413
10250 7045
14167 10374
4868 3170
452 10870
7197 2606
7373 2075
10694 9875
3444 7431
4130 3499
14991 5112
3919 13844
7564 11464
4366 9203
7794 2771
917 5149
1919 5899
10742 5231
8912 3323
1690 8087
1065 4919
9234 4065
2554 2997
5972 5080
8475 3012
7193 1561
3709 1855
14896 12287
7675 758
12067 12009
3244 6489
13674 10263
12679 6631
11893 2145
11353 2277
11636 8756
8316 6101
4382 11442
8192 13638
9031 11313
5051 12800
9739 6746
9514 13982
14609 14589
7040 13357
1188 4015
5870 9553
14569 1159
2793 9764
3143 9831
4177 14447
6244 5379
13314 6711
14656 14955
7041 320
4258 447
10884 14217
1586 6098
4627 7747
13429 14772
1582 5250
2655 3938
12729 5517
13797 7332
13058 7344
12102 1682
4371 4957
14188 4652
7083 575
4955 14319
5003 6753
10714 12884
7006 6851
1136 12279
11656 5836
8485 11233
10272 10893
9265 3807
12704 9201
8558 11441
13746 9365
5774 1200
7514 10384
8631 13454
4216 14364
1137 9883
14473 14331
1457 10317
5200 528
2663 5174
3949 11992
6504 1055
13686 10752
4882 14647
687 3884
10008 7052
5311 4495
1208 10316
6484 9864
3753 1728
9961 3373
1018 6371
1142 14085
13458 14598
2476 4527
401 1906
9150 3789
4753 10124
13120 11041
11322 1501
6771 9947
6274 13877
10054 708
11050 7795
10449 7860
8741 5506
6730 1675
6047 7523
2860 13990
14256 10738
14843 3277
4399 14743
2272 4529
10011 6748
13668 8932
3983 14241
13299 12924
5259 6078
2294 510
8274 14392
8607 5581
5713 2403
7862 1096
5579 2581
6822 4295
8673 10620
14027 5470
9990 12049
10447 9733
466 6993
3978 7464
9908 6197
13474 14923
13472 14416
14171 4344
1756 9637
14994 13900
12711 14523
7836 11171
14977 8600
12159 10267
12972 9362
8561 13581
2391 5593
12235 8645
12054 7439
14206 11208
346 9257
1147 841
14452 11241
11466 7008
4023 14416
8886 6895
12249 11405
7211 14639
10508 2317
13418 253
10866 5416
6461 5104
2419 7237
6265 11645
10141 10052
12615 7599
12423 12750
11380 929
8896 11035
8886 5361
7975 8939
6258 6582
3829 14722
2324 3213
5447 7032
3278 11803
5211 5261
11654 12334
5906 5703
8270 569
5684 8594
958 13325
3773 2891
10383 1719
11326 8341
1480 1371
1417 11901
604 249
7283 7054
10880 1407
8141 1824
862 3228
10257 7694
4188 2635
884 726
13265 14582
3823 5252
9909 9724
12950 10911
7315 4178
14555 13482
7718 4725
945 1870
13125 3108
6532 2103
5992 13368
10372 10359
9884 560
5138 2145
14586 4307
454 1276
14208 7435
14796 14507
7485 298
14017 13777
7403 11905
10132 1951
14844 3786
10159 178
5097 2246
9687 233
4049 12983
6274 3960
1905 5997
2697 666
2510 5742
9640 8520
6465 1183
9238 277
1558 2666
12607 13527
5300 5531
9647 14028
6959 1420
9815 14742
3124 8724
2079 2425
7275 1318
10846 9485
10932 12868
14974 10447
307 28
7490 10111
2900 3653
10192 8793
2753 10659
2679 13567
9274 11349
10993 10752
5961 10769
1110 2647
4508 11926
6773 9807
11583 10363
14588 4469
1459 11748
7382 5668
12899 4504
4692 5533
8241 3613
4506 13145
14788 9072
5387 5611
11382 10601
13933 14136
8838 6850
11543 9357
10587 14622
4189 10155
7952 2933
8441 2138
5601 10433
3786 6493
6724 8461
11236 13775
7514 13663
261 4294
14747 9714
12462 8711
6923 2234
9689 8438
5891 6411
14415 12324
9746 12204
6221 7282
4465 7752
12362 14042
9550 3760
6899 5127
8833 1277
14976 11739
2653 10802
13053 7685
5680 4704
14493 3746
9334 11057
8109 13062
10199 313
7018 6495
14211 14823
4213 3308
7701 13853
1707 546
3555 12511
8773 780
6099 12654
1173 7149
11215 9188
12045 12738
1452 3310
14941 10012
1423 12899
14452 2096
10047 8338
3037 331
4170 6362
3334 10384
2967 5131
8506 5382
5186 4130
3414 3628
9974 7623
9151 7522
1871 12669
13159 14283
2054 6477
1800 3069
3974 5649
2454 31
14348 9798
4579 4436
13995 1240
5388 11839
2950 5347
1391 11775
3926 9308
7384 5887
5729 9950
14619 11825
2443 6086
11139 11346
1813 2504
13061 1937
8100 2179
5528 1938
5971 9340
1116 1345
5915 11364
10314 10259
2906 14799
4329 13418
12191 6354
376 1629
13538 14919
14505 4247
9845 9240
10505 12397
7559 4198
5652 1102
752 2349
1428 1558
12007 4900
12283 14955
4555 11619
4483 5712
12184 1576
8112 13611
13025 3147
8236 7353
3743 8495
4930 10102
437 7872
7265 3139
12248 14163
7401 10229
2983 12206
310 14143
910 4394
5226 6437
3321 12865
429 12570
13293 11605
3548 5678
6699 9411
4534 11149
3675 623
4007 2344
2363 11355
10161 1613
645 13541
8604 14297
11362 202
12644 7351
1121 6304
1737 963
14559 6365
2372 13380
5268 8684
884 79
7191 8442
13277 12950
9983 2101
9189 4559
5608 6178
8986 7094
6356 6759
13392 2012
4278 3114
14900 4028
2107 4404
4888 8097
9544 11696
4742 9331
8117 13467
1553 7144
901 6843
10464 1001
12818 5335
4213 14805
5273 4430
13732 72
1316 14886
3615 5443
10288 11270
11735 1863
312 703
5801 13392
1923 9118
3211 7536
14836 6343
13549 5411
7026 11415
9102 8006
8537 918
8275 13868
7486 12618
4924 13349
1130 7707
10179 14597
967 693
2280 4520
4880 1550
14548 3917
13121 9981
2858 5233
10818 14357
5068 6070
12673 8996
1644 3929
10707 4492
14107 9623
11459 10562
3412 4879
3068 131
8494 2558
10424 7054
71 10850
3561 459
6961 6176
444 13941
12964 8774
9651 6195
8245 14723
14498 10070
2012 6127
8408 2117
1129 13905
409 7002
5899 1517
5044 7505
10029 10338
4915 2676
13467 4301
14323 12563
14771 5218
7303 6814
5836 12054
3545 5772
9661 12801
1585 4419
14667 7022
14210 11278
12172 3947
6067 2782
12339 1623
13555 10575
13151 10881
9955 3529
6694 8113
7118 4876
3562 14476
13110 5932
12118 8444
3687 11432
7995 2832
2902 11487
3982 4935
3957 4597
11173 360
3972 6642
9414 3214
10840 5661
5755 1073
10128 5870
12295 871
6003 7373
8147 8291
10335 941
14626 8587
5931 4799
5488 1555
7963 4919
7186 12820
6035 5837
9859 9
8648 2296
12664 13637
12148 10833
1044 8286
8871 8764
2467 732
2852 8554
237 4737
8677 10063
10902 6250
692 3713
14034 12650
11486 12741
14762 12052
5419 6788
4485 1924
11363 8157
13654 7130
2103 3117
14384 12027
4859 12897
6868 12887
3660 4783
8172 14730
6911 842
4434 585
14828 925
13255 11813
3924 13778
3183 6333
12453 9026
14655 6292
11513 14275
3544 967
11381 14862
4197 477
11397 2584
10156 2361
3503 11337
10300 820
1443 1796
5425 2651
4397 8291
6774 8582
13067 14732
884 8600
4748 5751
4183 4854
1961 14922
12431 14270
11761 4989
13402 4213
11944 366
8868 7381
10134 4556
10051 2294
13587 12400
7392 2063
2438 931
1622 1192
7927 3293
8542 6942
2756 10863
12955 1529
13039 13274
11647 10222
11439 3377
4935 10228
288 10146
5703 7314
8306 4131
6294 5917
11046 12797
14577 14213
1715 12988
3738 404
4024 7042
14878 5726
3236 14354
8912 8111
11151 115
12843 4399
11401 11618
6462 6188
9826 4898
9150 8261
12509 12002
10216 5925
10699 1932
10475 4671
12163 1699
13278 10524
2040 9866
6854 10254
5022 4240
733 6066
2080 6835
10955 11574
8943 12402
7131 3913
6717 4670
8656 1783
3934 8633
13168 5161
561 2456
8015 1186
3206 14715
7006 8988
3185 956
6188 7700
6516 5923
14220 10054
8512 14280
100 9095
242 2150
4220 10132
10434 3144
3714 6931
4013 539
14543 1241
13833 6422
4192 4440
6011 7500
11581 4579
1310 635
6195 2060
10797 7452
13266 8101
9003 13757
10167 4591
14780 6747
4036 14940
14569 6591
8527 5491
3912 10993
14394 14999
5971 6399
9800 8328
13074 5986
12478 11458
8283 5982
14812 13286
14942 5427
7287 8304
4706 1338
10263 4698
4956 13226
1660 11134
3589 1146
492 13521
11243 13400
1100 5202
14379 10112
2358 14358
5780 1597
1658 11431
5531 11063
31 11218
5975 3385
2283 135
8102 8172
13956 6783
3294 7199
7526 4213
4177 223
264 11782
8366 11832
7214 5021
12641 5653
10948 1955
13271 11056
12454 11145
5173 2823
13543 1294
4207 13070
4412 3989
4830 1581
8875 2748
4547 12431
3993 220
9844 14900
2676 14555
11520 3145
5740 11678
12656 7889
5848 6154
13569 3966
533 11991
10244 2654
10981 5014
5757 12177
11102 1320
13612 9403
7859 12788
333 14155
1697 4287
1235 11767
4317 7476
11200 13236
4665 13215
14702 2526
412 13370
11827 914
9125 8521
4064 4877
7722 11809
11 11388
464 2639
1959 3646
5 8371
3262 10578
13163 1589
12496 14723
1245 3349
14348 8348
8350 4761
3248 4911
13507 8302
9300 10235
6859 3966
595 2250
14609 8232
468 8235
4895 4957
8600 6643
2019 1109
756 12275
10413 14835
14237 8046
9810 13665
13457 12039
13985 5862
7127 4697
14556 8324
5792 7652
13164 11397
13667 2928
10188 8596
9595 2545
2909 7561
13144 12644
10286 8596
12429 8817
6242 13008
8821 441
474 2277
4024 11440
10120 10862
14790 14117
8436 10293
4888 12833
5234 9176
11820 14231
6332 10719
14335 8555
14620 8683
9262 5305
11180 4440
11146 2815
9866 11012
2622 74
818 3102
1374 13240
4805 11410
8047 7523
14228 1358
8539 3157
6966 11739
11176 227
11689 12690
13511 3415
10593 10027
11395 13079
6116 10538
13842 6412
499 2108
3807 14784
10757 1015
12669 4614
4166 1015
3813 10735
4355 165
6920 3262
10605 2198
12933 4272
14525 12744
9078 11154
13896 1046
1754 2201
5942 1591
7776 4872
1047 6441
4078 2197
941 14436
13281 8466
10508 14246
9361 13460
5190 3054
7848 7463
1437 13551
3835 14501
5917 10279
2118 6111
14802 11433
11172 12650
6322 4870
4519 8674
10145 8907
6322 6136
3755 11129
4506 12302
10478 4905
8566 3980
5744 10256
4036 11075
1718 2374
7977 3457
8033 12622
10860 9655
3145 11280
7014 13011
3725 7595
10714 989
13270 5046
8243 11584
3871 1210
572 9609
7573 7167
12550 5068
12291 14787
4088 4629
3098 5223
9514 9136
2252 6063
8030 14811
12445 5515
9072 5999
6870 9152
8729 273
2359 734
3732 403
9488 1572
11902 12030
10842 13201
9675 13233
3735 2338
13229 3833
6219 1989
5473 8934
3492 3658
12351 11083
2198 483
13876 4174
6110 7217
570 8212
4344 7891
8648 12531
13713 1919
7076 13038
381 3020
9016 12332
3693 10774
1879 9308
10447 9440
5865 3816
10602 13828
6299 7026
10065 9273
905 3680
5914 10621
10085 5267
13942 13486
1667 9800
8425 1271
4687 262
4959 3389
14300 10806
10700 8155
3153 3833
11047 5289
3835 4990
8514 14831
7264 10579
12056 48
9161 7395
2546 5688
7920 3025
2950 10747
3014 10988
1430 11038
408 7021
8367 9769
12765 6803
3432 394
5020 8805
13048 11124
12379 671
10962 7192
11491 12134
2022 9519
14907 13166
1481 7731
3593 12503
12789 13976
10518 10417
14806 3527
2416 3123
12082 10100
9466 12409
5337 1062
8671 14101
3604 3515
2879 2755
8626 952
5844 2765
9147 12770
5699 10145
3911 13526
9391 13122
606 5658
5197 11906
11717 12278
8053 6050
3938 7403
5380 14026
10703 3917
3352 8384
11697 8064
1212 8833
7472 12209
12612 8542
10392 6183
4168 2656
7844 1264
49 7904
1364 10790
2889 6537
5908 4171
7360 5011
14822 918
11527 3852
9218 10894
7859 13833
4714 11951
11076 9508
13802 10423
9292 8317
12792 9294
229 12659
4835 11233
11615 12175
4645 5858
7084 14865
12706 10902
4738 7242
11319 440
6048 5134
4710 13425
7360 1938
6326 13520
4250 4223
14527 1443
9747 11045
11315 3222
4021 9519
9691 14409
712 12173
11688 179
239 14972
10000 2073
12145 12523
9409 14436
3265 330
727 9446
9651 12490
10884 6962
6923 14738
4694 10497
12222 4056
14676 10979
617 7305
7588 7768
5663 6048
14389 8195
3382 10379
12225 14513
5372 8608
5740 9346
13747 722
337 11875
2714 11623
9374 10980
131 3763
11080 2275
10536 7397
7596 3687
13646 8979
14214 7208
838 14382
14062 8136
8670 13194
7988 1842
13379 6525
13577 5660
2504 10414
11061 285
13528 1258
814 6462
12247 404
9123 8945
11289 12679
2971 5445
7369 836
5871 13197
2201 7796
14712 7107
1726 127
4127 14693
2457 2647
3143 3940
4814 12751
10595 14103
5984 12111
157 9362
3278 13108
13358 5988
14826 689
812 951
7475 11845
10392 2479
11893 8978
5614 4235
7550 2410
4926 8689
919 12745
12357 4111
10122 4204
3294 8667
1012 8440
12872 7504
174 9847
13004 5432
5263 4205
10911 10786
1951 14288
2216 4785
7644 1168
5360 4740
12077 3062
321 1995
14058 13373
5633 9164
8871 124
7006 8518
8884 5842
10635 1979
10237 4538
7653 14890
3862 12070
2404 4475
3539 6537
7622 12263
8147 14645
7245 815
7549 10331
9609 3063
4518 2310
12639 7699
1348 6256
9924 7272
8904 8433
6980 13131
12133 3034
5371 751
9998 23
7542 4396
887 930
1611 4484
10974 1208
12483 4424
1636 9871
7921 2957
13593 1358
14293 2141
12423 10526
4425 7210
9955 12128
9131 1931
9505 10902
5444 7521
2019 1341
9085 7390
8228 6654
2399 12482
287 1747
1813 5048
7326 10479
9944 14561
2583 11023
8313 9176
14352 12388
12973 11186
6971 3866
11244 13638
5371 415
1322 9107
5870 7792
13094 13606
10402 9832
7328 12579
10443 177
5030 10253
3587 3833
5709 2518
8104 8067
14922 10531
14702 3009
4877 6569
11341 723
9417 13078
13723 5511
1118 715
12935 9771
1873 10523
13427 11948
1259 6729
14558 10715
10578 7769
9857 12161
4504 13839
1873 11907
12312 9016
11547 11507
8087 6366
10672 10558
3637 13168
5397 1521
12696 2326
14331 10985
11335 678
6822 3547
8618 1986
6288 5893
9182 555
5035 12605
6974 12702
1816 2724
13534 3613
6932 294
8916 4914
8843 7776
11352 1070
5429 11247
2473 14891
11349 12159
13164 9168
12031 1440
9246 12729
11234 2993
2582 4980
3677 13346
1792 3262
9457 220
3356 13872
11345 8995
2087 7647
12450 5486
7501 7105
7914 13803
5313 8505
4844 720
14552 1344
351 10507
9093 5702
13455 13907
7096 1232
8434 3014
4661 6392
13896 10287
5349 13798
6537 3651
2305 12477
3998 4876
12108 13539
12232 14086
14685 7835
2011 3649
14559 4587
2327 10263
6812 5578
10334 7481
11529 1015
7755 2637
4354 2376
2386 7581
4132 10217
12052 11957
13310 7099
4978 11871
7392 5783
878 2002
10622 2300
183 6931
3779 4457
14317 1764
11629 1642
5137 11512
9173 7012
12993 1776
5056 4573
1004 942
4507 9804
1353 8151
1304 4103
8207 6409
388 9366
5483 1996
12383 832
514 5484
5899 14686
1029 7018
1413 2566
198 6674
6749 9919
8156 2758
7909 13348
9781 6823
4319 5755
5473 11078
4159 13770
9829 13186
10839 2941
4036 14430
12570 7545
7601 14404
7393 11306
8824 5951
12960 7132
10609 11731
9927 11871
7206 528
4082 6497
6788 9523
4071 7492
5569 12002
11192 2338
12946 14992
3017 5297
5831 10125
13324 6632
9494 477
3755 3682
5593 2531
14268 6071
13675 5235
14991 8544
1801 1326
8049 11970
5475 10439
2559 6102
6551 9756
6461 10905
14695 4128
4849 5283
4738 4620
3998 5929
4486 6655
5694 2383
1668 14998
5770 5777
14603 13210
14310 14487
9455 9782
2284 10561
1922 13393
12220 6481
8236 4819
12469 8006
10482 2787
13971 2918
4050 11015
4990 11721
6047 5688
5858 13974
3606 3623
12207 6908
13846 12802
5691 2509
14985 6623
9165 4188
3103 5792
7926 11375
10218 14075
10463 2587
3502 11459
3491 8234
11443 9744
12614 14357
10486 1501
9915 7473
4233 12104
8118 1666
13338 4735
7372 13158
13231 12521
5465 7452
4277 8731
11591 257
6815 2194
10660 723
1703 10670
10788 6526
13144 12413
2801 3425
14721 4107
4471 9906
1652 12589
14350 3523
8386 10289
10213 8639
3673 7367
6116 11604
6745 6762
7097 11820
7508 3806
7355 5562
3706 9648
2770 590
3850 7530
8611 10644
887 14962
803 7031
9994 8535
7720 10281
12228 10093
553 3942
7869 6851
14265 8165
676 14493
11284 8917
7683 11802
5747 4011
7837 7292
14597 5861
8596 8135
11300 7162
10100 7724
12977 1492
12206 453
14864 14823
5203 6266
4719 2135
1208 9750
9898 7864
13512 12359
10097 10029
6503 11540
14532 2348
13080 5961
352 11473
8816 13558
1230 13570
14702 1888
14655 3101
10109 14160
12064 11172
1143 3826
10305 13904
4188 8661
13908 9952
13368 11670
6890 757
7240 9078
7077 9887
7340 12987
501 5301
7011 11283
3429 14262
3508 2354
10402 4613
4973 1884
12225 1041
9465 9922
1553 7171
8888 11535
13300 2756
4471 5234
2529 12440
10685 464
3206 7413
9906 2995
2249 4261
4907 3306
5676 14288
2758 2118
8392 2508
3122 11668
12263 8074
10501 14820
260 14616
13547 14145
13905 2281
4857 8187
6648 8674
7811 7516
6065 10038
4857 10363
1404 2213
12248 10570
6415 5161
7829 14059
7886 969
11308 14071
12639 14574
3876 6321
13248 14
6196 4512
14920 14944
12298 14572
12243 13368
2808 3063
9537 7793
4806 2795
12676 2542
6173 4827
14064 2266
5911 3840
583 4916
8702 1975
8023 11964
158 12318
10631 14992
14229 12936
6616 3641
13205 12362
14659 12522
5700 5934
3730 4520
9508 7071
4106 13708
14067 4307
12585 8414
4243 9396
4716 4615
2982 5931
7849 6837
914 2158
13086 9570
12669 2153
5929 10179
14217 8367
9868 7514
2968 9782
11252 14332
8869 14456
4302 11746
6866 3867
3434 5687
2322 9058
7448 1682
5034 8004
7921 3299
3644 10087
8331 10136
219 6813
3518 1214
10351 255
11674 12650
6462 6978
7710 9108
11566 5201
9651 10580
11100 7730
7688 13706
11523 4706
6676 11358
8788 6436
60 3217
14394 561
8857 2398
14658 7534
12369 14030
13794 8129
11913 2692
11639 3725
6517 8473
4508 6144
13651 742
12113 5330
9055 10938
3780 12358
521 14170
14561 13250
6343 12329
10665 5262
1358 403
11826 14152
2993 3037
9549 11696
14806 2977
2298 7098
13281 720
4789 11508
3394 13061
8445 5068
9751 8109
9195 2420
1538 5775
594 14940
6868 2286
10651 2836
9730 5478
3791 9520
13803 5345
7074 2890
8533 2314
1451 9001
10438 6571
500 14518
9014 2375
8444 3999
136 6926
4920 5242
1466 7957
13476 12249
12616 13597
5958 13202
11158 1043
5400 9854
11170 11980
6775 8247
1816 13980
6101 14257
10092 4062
3928 3281
5995 9067
6146 4992
8379 9982
11866 955
7123 8206
8758 12516
1686 8267
417 73
6247 5268
1029 4234
467 2028
6477 14053
3401 9900
5320 671
9964 7063
2567 10159
12532 8932
1798 3151
12628 8801
3307 6839
14694 5856
6138 428
12306 1361
1020 12179
14612 8542
8296 7987
13874 13993
863 7518
6649 12337
6983 402
8949 8392
14460 12753
6619 1443
9995 13801
11116 7370
14566 4746
6522 2637
7120 10482
13127 5479
2157 13054
2152 4507
6501 6723
3182 14916
13760 2163
11535 682
7763 4201
8255 13747
7697 10761
1249 3258
4009 14198
10037 5369
61 11146
8822 11609
8213 5763
5024 11849
5303 13598
723 5644
1279 6309
14590 8124
12226 3998
10437 9970
3530 11526
7802 2241
7306 342
10066 14453
9265 9054
5238 5397
1833 13115
13220 9556
8978 9818
2722 10297
3836 11078
3979 8262
13192 5533
1802 9175
211 1134
3327 6507
1309 2787
14308 6161
7404 12980
5778 11142
9362 9287
2575 5980
8210 13530
787 567
7388 7527
7151 5329
9630 12095
1490 10613
5260 13650
9070 3868
13607 6337
4671 491
4523 7387
6549 10260
2748 14168
3736 11452
9102 9826
3423 140
8798 1394
8123 2673
4318 13720
13471 1681
2846 12788
10143 4152
13835 11030
311 4622
5256 13732
13355 225
3304 7374
12386 11069
11128 424
10714 5976
624 9126
8464 10436
797 2006
11573 3518
7936 14147
5364 5903
3805 14685
10346 12870
1372 11738
4537 14226
3150 4468
7330 254
3405 290
4528 55
3157 6992
14519 3927
5860 8565
4594 2072
11831 14323
2447 6760
8877 6796
10714 6753
9191 13036
4144 5760
5857 5406
7944 13799
7312 5198
8285 10181
3714 8837
12294 4098
6721 2046
8627 5946
6210 4409
14790 8651
13216 770
2142 72
9059 9815
3911 6108
1622 12131
11801 11313
4332 3982
6876 4034
9115 4825
9774 6082
5780 1469
412 4729
9360 783
4100 13421
5789 12711
1738 9336
930 13672
10093 2713
4565 6315
13435 12912
12086 12606
7499 8000
3130 6299
5934 9143
9558 8702
10670 7847
6896 13508
6867 3717
5051 2618
1129 7134
12956 103
2648 5510
11542 4592
6647 924
6290 7396
10161 4469
1979 1137
4379 7371
742 1480
12098 1698
9554 8405
5142 4231
6784 4795
10605 5501
4410 1206
3664 9879
10601 14005
10659 3391
14762 6739
10060 353
13560 3690
478 7018
9471 9472
13435 8203
237 10761
14420 531
1168 6056
5951 4161
11312 10070
12821 3460
5858 910
13083 9840
11962 8968
11627 8029
2560 9191
7316 8288
12135 11154
8469 8807
8746 3595
3193 1372
1595 4442
12741 10004
9691 5865
12363 14684
512 2541
6910 10432
8843 3986
2724 123
7000 13185
3690 2883
14385 1929
10008 10657
3286 4094
4832 8383
10235 6822
439 9647
8510 7527
2615 10483
12854 4640
9975 1374
5329 11394
11239 13376
11655 3497
6145 4169
539 10822
1208 12088
12430 223
1204 13715
11469 7711
14147 12972
7837 2855
4011 10715
1145 11190
4453 1498
51 14578
7177 7386
10708 13484
3493 3455
3540 7330
5198 1801
4225 4309
13736 7395
3639 8160
2749 1268
3429 14611
4264 13298
4462 1468
8188 7569
9206 6298
9400 14516
9799 14324
14362 13112
2817 8120
11351 5610
1183 1540
5245 11305
4213 11593
4602 12572
2130 11420
5681 7750
12806 386
10879 1817
14947 2470
3134 8147
6306 5634
3693 14880
1296 14321
11461 9437
7102 9074
8816 10406
2244 10555
11222 3708
3119 4361
7792 10208
10638 12662
2429 5642
10046 8089
8325 14568
1860 5718
13546 5574
1317 1437
272 11529
1323 1777
3767 1237
6442 3605
6800 14264
4323 13718
3547 8071
2388 7702
7426 12945
11549 3002
3991 884
7647 6098
3534 622
1854 12856
11319 9588
11201 7942
840 14877
8184 7114
2766 5044
6626 2413
3535 6392
298 10145
7249 6793
13270 9620
7826 453
14416 2495
1699 3274
9649 6760
4017 14767
277 12829
9890 1787
1183 14254
14603 11293
14462 1308
3860 214
8760 1428
9136 12896
7323 4402
13004 10676
6641 4952
6472 12947
10974 3390
975 9521
11891 13511
1272 10680
8454 7881
230 12867
9213 14617
1711 10923
12958 6908
4579 1781
7769 5802
11032 10854
11576 597
5974 8206
9505 12090
2731 3425
2790 12112
9130 9339
985 7322
5925 2730
14804 11900
1885 8729
11791 11652
8883 4033
610 13039
9954 7923
964 8749
9794 8968
3623 4776
6495 7958
2669 14117
8717 13230
14122 1133
9310 3992
12513 10246
5821 11238
4169 2244
1483 11455
5581 5582
4609 4204
8852 8092
5392 9035
7989 9228
3714 3165
2165 3244
12187 171
11266 9649
14907 66
3985 14969
4112 6221
747 3823
10952 2215
4526 4960
10173 14560
11133 6438
4839 4143
2150 2067
5711 4395
1794 13831
1146 12677
12213 8092
9293 11750
6091 8436
3604 193
7293 12558
4799 3941
5753 4770
13787 8694
11982 10560
2098 4250
10177 14612
9522 14024
3496 9803
10735 5430
6869 12622
13762 4695
1342 11272
9346 11579
14506 8230
2494 4176
5710 8688
12164 10643
8860 4375
7889 1699
347 3426
4436 14963
3511 6905
9098 2736
12465 4578
8861 13439
6937 1073
9827 12250
6570 7342
12750 11288
12949 5936
12838 11477
9648 6653
4368 9524
689 2149
12521 14487
14591 11398
4945 7596
13651 12388
9653 12470
235 6864
5357 9710
7711 981
2296 4324
12637 7256
14695 14052
10868 7852
12015 7970
12212 110
6221 2419
3484 6578
4071 8636
12279 13132
9976 4719
6721 12005
10980 2136
4360 4681
2814 4436
13368 11103
11903 5953
11648 7619
11766 14985
624 6074
1598 7224
11200 374
9110 10858
4224 12022
12765 2653
6282 5674
8394 10429
6437 11963
5544 4867
8026 12061
11525 1174
2749 12340
4192 5562
7248 1889
14892 10087
8513 13381
5237 906
5356 7388
4432 12905
4280 7540
3256 3419
185 13414
11697 11608
4592 4640
5388 901
442 7228
10131 10439
5343 12766
3255 1573
14781 7390
11089 960
13673 9214
11640 2861
7697 4320
2501 13852
3519 12598
3073 8106
3754 64
9759 12482
5089 5649
9741 11189
13385 10046
5197 1599
8016 5397
14840 9419
4950 4236
11150 10284
2616 5619
10580 13162
7594 8817
7623 3534
14073 777
8648 10441
4993 12585
6949 12725
903 10093
10856 9560
4501 3997
4798 12118
9132 565
5166 6155
1926 4877
3311 597
4645 2176
11899 10358
1731 732
5367 2277
3970 2862
10329 4435
4279 3905
7004 10363
9179 14952
938 5000
10730 9094
9989 7525
5142 179
756 8081
5109 13676
9392 4414
7304 8987
12607 10537
6304 1496
8583 4964
12968 5219
10240 4800
13509 7748
1317 2624
6115 5104
12864 6563
11914 1785
2325 12325
10979 6688
9417 3453
8286 11944
11799 13890
6686 14552
13555 10456
8279 222
2505 12069
5320 7239
2680 9494
8180 13577
7409 6669
12447 11336
12858 2709
4870 6215
11776 8703
13198 4918
145 13951
3088 9498
7400 8095
5172 13713
11056 1369
1776 13133
1864 5605
11027 14429
4138 8271
12556 2536
11220 1897
7069 12178
4063 11947
924 7807
7542 1805
3459 7021
11382 1490
11803 14916
9866 11194
9307 4033
10932 7543
7208 12445
5832 7770
6846 5207
459 4733
7541 13677
4979 8666
13495 4354
11209 1239
11283 3038
5715 4050
9627 13449
13917 3623
634 2456
5063 9331
11279 9967
13247 1673
3942 8360
4526 9645
1308 2399
4771 8699
14731 3988
7919 12727
13771 6136
5615 1656
9913 290
7176 14832
6215 12222
5406 4343
10905 10005
9324 1127
8201 9480
7041 13159
2253 6360
10749 7829
3889 14411
13567 11057
2026 6769
8961 11998
5242 12508
10763 11637
13862 4062
8973 4116
7674 3948
12780 9897
10800 8565
8584 14983
3692 8835
13254 7181
1735 12700
7508 11250
3830 13060
6956 13095
2433 14442
14838 1952
7922 11532
12416 953
3627 8366
14825 11658
7252 8018
517 12606
1776 3496
7740 647
9735 1384
3014 11265
625 12814
1848 11189
9500 1919
4476 5947
4010 9752
4550 9507
8207 5930
6542 6451
12830 14143
10199 13708
6946 646
14283 8189
12830 1229
5467 1719
8771 12156
210 1758
13751 9003
3651 6368
4572 5773
7407 3231
13281 2900
7261 5160
14528 9839
5938 3682
14185 596
7910 8245
9251 11103
9787 411
13851 8198
8525 7988
10059 14524
3935 1618
11214 6385
1237 8641
538 9301
14681 13760
4884 258
8800 13337
10383 3159
14893 4418
14906 3208
8213 7053
13805 726
749 2935
3508 5853
9870 13260
10970 1624
3395 12815
1249 11055
13877 2788
3168 7909
12741 12813
8576 9131
5041 4977
13504 4840
12142 10120
9807 12393
12098 2211
14900 9367
12689 14901
10717 5937
1166 8702
3004 1662
12011 11387
12859 11588
7550 12847
5874 4600
73 8845
5587 7618
1237 5404
8324 5471
8454 3251
8544 6309
10148 80
10595 10387
4025 2023
3096 14715
13418 11635
3090 3754
5254 13759
1123 2616
11774 10398
10897 13630
9352 7112
12798 3746
12502 5144
8806 13641
328 5039
9193 6416
14173 3310
12522 8304
10482 6310
8582 3858
5328 12920
5621 8923
12511 3979
6820 8435
4657 3777
13374 13182
2767 9126
6471 1763
11035 8667
10009 5059
10862 12266
6413 12891
8319 11454
10866 14056
12622 6115
253 14317
2890 10460
8031 6843
2245 1291
14217 13881
12536 12635
12738 9264
14835 3520
14929 3265
12733 9664
267 12656
8553 8633
1874 9549
11943 6741
7888 2588
8543 8384
9231 6599
12752 10797
7983 12583
14115 9921
7887 14051
2557 9735
12738 7255
3879 7310
2217 9501
169 1955
10498 14176
1310 4148
14112 4957
5379 415
1229 1441
3382 999
11441 1611
14608 8056
4786 9536
11420 9471
12049 7792
740 2559
8547 6316
14412 14217
11167 7092
5418 8499
7260 7618
12609 13318
2476 10059
8685 6888
11760 1369
6371 8325
7451 10989
10190 663
12895 14307
5130 4478
4029 10661
14066 5282
8448 4655
8345 5638
7721 3889
1142 664
10648 14025
10509 5757
6476 12720
11566 7571
412 10628
8620 7875
2151 8203
452 2921
5589 12045
14175 14825
972 9014
13239 5939
1859 8266
5921 2082
5075 3803
820 3128
3172 6367
13952 2669
2804 1139
14169 12623
8097 8318
1591 13218
4461 3221
14164 6689
3287 6148
3281 12176
668 9298
14466 6051
12621 7901
12106 9643
13847 13245
11278 10015
14804 11150
154 5352
10757 1924
3047 14308
4212 13540
6470 5308
10425 4538
9500 8320
10260 7481
6310 12623
2356 5184
5663 9068
7574 11742
8343 9356
12675 3956
4725 10645
9121 13946
8643 7940
6401 8131
3485 1089
12955 14996
294 13933
13257 2572
2403 10041
10104 2024
10829 9922
6689 14130
13577 6872
9986 1794
5816 3323
8998 9016
10638 1561
2925 12400
419 10760
13503 12881
14620 23
3118 10276
4577 10305
8306 14023
1778 11631
5235 6510
14716 7988
12431 13918
11613 1386
6082 6284
13470 3735
679 3863
6007 13175
1240 7768
8662 13969
8073 12966
5358 6766
4941 13984
11885 11381
12073 4512
7339 1006
4412 3072
9731 11865
3429 5876
7760 85
3535 9299
12376 10271
9067 11114
5557 3249
11254 13495
6052 10639
6247 12068
11751 12736
424 14588
14821 7106
601 6113
3668 8739
12667 6961
2790 8149
7837 12321
13076 11020
13305 3673
8033 10925
13505 14776
8973 5891
12281 6795
2812 12365
9442 8981
6880 10894
5302 11841
4244 13514
11383 5251
9739 7680
13967 2508
5660 1598
6546 6799
120 8639
6602 3227
834 14497
14833 8436
12550 9524
6681 14092
12297 3514
12104 5197
14082 2209
11195 13942
2961 8489
3474 11345
14506 6214
7010 7491
14676 264
11149 10889
7600 11840
2754 6061
5803 14530
3047 13602
6200 587
11799 4438
2914 4387
5060 4989
2493 2661
682 12605
1299 691
4993 9971
7636 10073
8016 2915
6571 9108
10290 6758
9889 1358
2960 2453
4193 8297
3722 1564
4081 2821
441 7603
7109 9235
7402 2759
9669 5466
11421 784
6953 141
2016 11066
6570 9726
11791 9807
14476 10350
13953 3046
3798 3090
11355 13189
14395 5620
292 6150
4282 1414
3721 13922
8627 8788
13927 3051
13089 11252
2148 3739
4027 4156
11631 12902
3239 996
9758 13364
1778 3015
14203 440
3545 12671
11387 8677
2984 14316
13680 9242
12851 8647
4364 13357
4114 12067
7362 6378
7018 5740
4937 4640
7670 7272
2107 5349
3972 5731
1157 616
5650 1571
