7500
11937 1564
12670 10204
3825 261
13561 13720
13363 10235
164 4131
8836 3361
7026 7187
7875 11821
1502 11870
440 3560
11446 8999
2123 9174
7689 14615
9442 12604
12428 7304
3928 6328
4735 13564
4286 2825
1976 11337
1131 10395
14191 952
4326 4609
7640 7528
2501 10164
13362 1148
7397 3995
13541 10088
8121 7372
11899 6101
14548 8452
913 9122
6194 2586
3599 7651
9092 8242
8161 13876
13353 387
369 7685
13699 8452
14044 2369
3761 808
1263 5352
5551 8319
5894 1756
14141 2147
14916 12285
9981 9247
2317 6814
8156 3542
2144 2350
6903 8212
6591 8474
5960 870
9893 7662
4167 14552
14650 8897
7725 1732
4968 3170
2220 3258
9 11617
189 6740
9095 12519
8639 6188
7843 2600
14564 14885
12128 1719
6879 385
9799 4922
12450 11506
10721 11892
9179 563
11357 2505
7666 14480
3721 11472
12397 12410
8222 4877
11337 5702
4904 8634
4841 9242
3472 12406
6410 6899
12775 6587
388 12132
14476 13748
8592 11678
591 14553
2774 10916
8863 7443
1410 4512
2226 12924
6903 6139
4018 11405
7865 7925
2696 10025
10928 11039
13175 3046
1101 10851
2924 9969
12234 13086
12741 4854
14542 14865
12153 75
7272 3446
9673 14681
3840 6691
9182 12481
6809 3366
13877 1248
2342 12170
11623 14344
10646 12476
10124 8609
6093 10334
14525 8329
10396 714
7203 7388
5140 11691
803 8520
12971 13993
2722 11744
14079 2171
14744 4465
2810 599
4775 14370
763 7337
7677 1398
10601 6704
7847 5621
9424 4514
1963 7778
13135 14843
6409 4252
523 10466
11167 14118
2283 8100
9093 8305
168 13318
6712 10352
5375 5631
1873 11917
14285 5932
9257 4211
9280 12923
9066 5666
6755 6786
13059 6728
6323 8446
7853 219
6609 6020
5259 6348
7031 8916
3057 7738
10454 6581
14320 9556
12522 5801
13559 4204
1395 13968
10889 2411
10820 10577
4834 3815
11753 7193
3945 4823
805 1100
2217 11869
3496 162
6727 10915
3205 3801
13299 10732
3071 8696
3691 4165
9899 1083
11917 14127
5201 4133
12889 13911
6724 8679
6650 954
6571 10476
10124 9439
13104 12155
14505 11228
8991 11588
1665 3914
2439 1240
14087 5427
2042 7409
2531 6453
5896 12919
14706 8187
11279 13700
9394 9153
2731 2120
3668 11646
6151 5404
11318 66
14767 5869
4445 9066
5641 13769
3104 13552
13962 10791
1048 9658
8169 13181
2062 530
2339 8237
5013 10984
7207 3332
10834 4852
896 7051
14548 5024
11764 13115
5760 9334
3869 5224
12981 13084
14670 9148
7795 308
7472 2074
7313 2930
7576 5912
11830 3249
2115 10521
105 12418
11553 1669
2648 13734
6355 10036
13020 1632
12564 13781
8836 11301
6718 3742
1691 9244
9531 9501
13248 7483
7997 2968
830 3867
2056 5834
14441 2438
4707 1156
4174 9117
14138 12727
11838 6339
7871 10282
816 7372
621 3243
13326 10886
4296 11849
10168 11355
1990 6785
2421 8463
7525 4673
14501 9375
1957 12943
9675 4385
6861 12787
11747 11319
3021 3942
322 14305
11240 14820
6950 1057
11910 7016
4822 6511
11533 4266
8808 5849
2975 14470
11122 12890
7161 4727
12586 6522
4231 265
1085 5772
254 9068
10321 14105
8463 4271
2487 288
3471 1625
2034 14979
13048 6464
6147 3363
12529 9813
12844 274
431 326
13511 14891
4168 10127
9022 2448
14448 6581
9669 12755
2305 3361
10815 13593
12745 2638
12715 10016
6096 13006
5208 6418
107 847
12308 12413
4887 6588
7368 8343
13225 14541
6548 12980
3589 11769
3390 8974
1329 11814
1498 1328
6533 13161
8779 5945
2449 2281
10504 10209
13895 14371
11079 11862
9437 6042
6854 547
14062 11294
2989 7603
4419 6989
10798 13904
7756 7139
13767 2975
5842 14520
10270 12253
2416 9427
2785 11388
13319 3845
13151 14002
10948 6385
515 11311
13116 12
6439 2839
8531 6587
14665 13647
837 14918
3237 8548
13500 12001
11416 4514
10356 2955
7056 8552
9643 8746
732 8043
10205 7913
7234 8889
10827 829
13597 9443
6504 14989
8033 9762
4753 6616
8545 786
8492 7264
13889 10578
5483 9217
470 13156
586 8984
8918 3778
1060 13098
11909 2383
3156 5103
1557 4471
4093 14321
8094 14122
10227 6273
6832 3533
2559 9354
8938 3898
9112 9350
3258 13424
10178 768
14872 751
5537 6566
3821 5181
7493 9922
2965 6894
12642 4411
4131 2154
3936 14606
6705 6433
2284 5916
14621 621
9990 7353
778 4596
7030 4046
12562 11526
14305 7728
8059 9394
11842 9424
4876 13916
5119 4282
6735 2870
8335 4216
4631 342
1807 3291
8430 9224
1935 2352
14356 1856
2697 6575
7348 3826
6054 11329
1476 10335
14031 4323
7487 3968
1213 7864
7643 10033
8275 4595
1177 14640
1592 3370
9594 7869
2045 7749
2563 1300
5132 13591
396 8618
3244 4400
8679 5103
11021 7978
2147 13659
12525 11118
1215 4175
12617 6312
4519 4323
9289 1243
2859 7737
5230 6921
1313 1256
7280 9262
6589 14558
11830 2839
6136 11284
3983 975
14159 7291
10692 10210
9406 14243
5845 3712
9242 2594
1334 14749
14730 9242
1922 7555
11165 11103
10405 14436
11397 11960
7799 2374
13227 3811
14427 5467
11477 6096
10958 1266
11664 3397
8896 2479
2483 7811
510 11572
2384 8893
7994 5118
14997 13485
3958 9849
10640 1043
11657 9064
14695 8809
2960 6133
4321 3406
10733 9152
2922 1730
3917 6688
14017 6673
5886 2486
11101 3424
14891 6060
10180 4557
12568 14437
10016 1451
7718 6963
13 1202
2944 12430
12367 14919
9427 8
8575 11979
2482 3010
4339 10776
11005 3789
12863 270
1143 12816
6379 13699
30 10188
10883 4029
11604 5100
10554 14203
10535 7948
2491 10730
1888 1453
12026 3610
8355 5708
7331 2409
5821 12869
4492 1331
11502 11042
2152 1370
4431 11124
5388 3339
2438 286
14610 13391
3856 13181
10305 8998
2985 11521
4024 6204
7534 8866
7866 5879
2033 11206
1216 12928
3656 11201
960 659
13808 9581
6639 8634
3055 14358
1492 2140
4394 10804
12644 14189
11302 1156
3076 8468
12990 13064
10704 6012
11791 12241
14217 2609
148 5494
12486 14711
11959 1939
1562 12185
6084 14349
10932 8325
9644 7395
7624 10274
14972 14401
5176 10746
4231 10096
12518 7258
1918 6617
6272 12986
1099 2308
3108 2359
13636 1145
12178 11733
2915 4928
4835 7431
1010 10804
4138 1395
2651 12918
12782 12849
8597 7687
3060 12948
10198 12810
1603 13912
2097 6033
1136 3987
692 902
6297 11815
13382 5583
3619 5080
12807 14605
5658 10801
9825 14139
3379 2741
7095 3496
5122 10800
157 1129
75 11479
9905 801
1423 11423
10947 6647
11540 2546
3738 6879
10705 3793
2047 8884
10932 7383
4007 11079
12137 3503
6902 11240
4544 10074
9885 9698
903 10258
14168 769
14062 2665
1387 14201
7249 14984
1250 12426
2540 14436
4411 5592
12315 11469
979 11514
4398 5285
9403 6195
11998 7983
14335 1232
13958 699
8658 5278
13488 8733
8599 1013
12822 11013
9174 13732
14608 12980
107 8644
5257 6096
8668 32
13008 8194
9735 12513
13517 13814
7732 13811
3110 4644
6523 11401
3846 7517
11545 364
14130 9698
1641 4609
10572 4095
2774 9919
6687 10780
12612 12109
4126 14221
538 6328
7968 3767
7939 534
1009 14416
2448 10508
14622 5980
9422 14513
5388 323
3507 1296
11536 8401
1253 1739
6364 11812
2795 13337
8605 9352
747 5689
2757 13119
1531 14535
11621 3168
8723 9253
11866 10979
6085 13107
10348 9315
1505 10647
14012 6360
8053 11243
13732 11217
7929 11516
10591 9786
12667 5112
10014 13377
8946 3126
14817 13708
2900 70
11121 8665
13374 14891
13202 11006
6156 6360
3824 12216
11922 13033
9968 8064
11738 2453
6426 12128
10259 831
6561 4365
9406 7154
13171 10868
14864 810
9709 2308
14359 6157
2561 8896
14758 11119
2582 400
12142 528
5732 700
10785 8433
11382 1748
2115 5547
4204 10863
5621 7950
5720 8880
9855 10730
1573 3814
1723 13345
3015 8185
2494 3757
5736 7523
7680 7905
4247 14040
13541 70
12450 10160
14009 11552
5653 9161
5905 12581
12757 3693
191 6397
4674 12898
10102 5246
8522 3825
12490 334
6664 7180
44 14100
13443 3656
13297 3177
9405 11393
452 292
10591 4369
5510 4170
14037 13702
7758 8822
8203 10443
6920 45
12325 9088
1977 5042
2869 589
14875 8154
11432 3452
2683 14098
8676 11534
11191 976
706 2192
5404 1630
1253 9405
8423 7187
7376 11624
2585 10491
6494 13534
13311 12105
10883 14773
14814 14416
4330 4093
12027 12764
4038 526
10479 850
3669 1079
10960 4410
1838 1265
8394 10212
976 2028
11861 6565
8570 2687
4976 12711
6781 10863
7869 1852
2532 4266
9036 10715
9713 972
7930 11462
3792 3947
10340 2503
8752 13191
3542 777
2049 14318
9950 7248
6356 6207
2037 3264
9321 7606
4480 1897
7332 13182
6464 6079
5122 13210
9938 14862
5733 9562
12427 383
10261 14876
9573 14719
2340 12527
14029 5770
10063 9593
13354 9292
4575 3118
6757 3285
11014 3138
11927 5628
10105 5210
3829 13938
5246 10217
14583 7218
11908 4110
5525 1208
273 209
7722 10230
13419 6943
12003 8639
3655 8372
4480 2034
6189 2913
11948 8859
619 10109
1782 11345
281 14449
5708 8209
7258 3175
12857 14442
14205 7584
8887 10271
10646 1984
13938 9850
7059 4509
7343 5672
5335 1983
1606 5164
13835 3993
3820 13300
3538 3093
9544 10716
4988 801
1395 12406
10649 4944
14674 8796
13913 4657
6912 5520
1159 13835
1924 13937
11612 12840
6502 5609
4840 5369
3506 9479
2129 845
13243 14534
1020 3250
7177 13422
973 11128
10404 4788
2452 5146
8557 13021
10247 2260
2177 13830
13207 6923
9561 1794
3829 8710
13991 4404
6773 4040
1279 420
14138 8332
13566 3250
7192 5668
8301 7676
7780 5119
3199 14614
5006 12907
8285 8156
3309 9135
5920 11718
4651 5143
7606 8547
9515 10167
5443 6144
351 14149
13948 14738
7094 5490
2263 10992
13327 6808
12489 9324
5241 2514
14713 7033
1824 1940
3427 946
7260 10946
4317 6292
1304 2418
13530 13967
10319 4062
12068 8466
13863 3008
3967 9448
11304 7116
3902 8986
10666 2032
4516 1325
6829 7452
202 2992
9028 14000
936 13093
6246 6483
14851 2018
11729 11520
1444 1617
2500 12190
12500 8439
592 7193
5569 1610
12913 7912
4904 10534
2949 7680
11275 9095
5564 2730
4700 1275
14663 6681
8069 2113
6597 2928
6536 11977
13272 8145
14211 14979
14857 1130
13820 5328
9523 11184
14599 9877
9164 11981
5028 11160
318 2598
2944 10776
14327 4400
12677 7032
9630 4300
2190 14232
5948 9039
1527 7567
13813 418
6331 9674
10139 10677
8098 12480
651 2517
13231 9041
1786 8721
3239 11787
5741 2215
9655 11111
5052 8265
4448 1617
1532 7837
9564 10753
8734 14822
14006 12276
11724 6416
6021 1343
10273 6906
4913 10925
2908 6122
7093 7740
2714 7561
8371 9367
5330 14894
1326 9172
5714 845
535 11713
9616 10128
2071 9925
9019 8652
13516 9609
11935 1408
14481 3560
9460 10291
10455 1877
5379 7209
5335 2342
13976 11182
7770 991
8478 11824
3970 12696
3808 13323
1184 7127
277 11858
4760 2838
2410 11355
11980 5794
11159 9511
6004 6714
12493 8531
750 8931
6904 8629
14860 10405
9206 10943
12303 11009
11809 14722
11663 1642
7698 14833
4669 5070
8898 4866
14738 6655
11724 6873
7957 2780
1342 14656
5305 8182
11076 12109
9198 11614
2003 12511
11938 11351
3698 3022
13062 10890
3789 1423
10548 1217
5960 6375
14280 12216
6572 2296
7064 2233
8687 14900
10548 9988
3366 7480
11901 9232
4093 2731
7683 4675
2452 8321
7860 7345
5473 3623
4446 2975
10960 9051
1089 12881
4800 695
6458 13919
11034 350
14312 1686
5711 13651
2569 3353
7686 1571
2530 7042
10413 4750
7157 8718
2649 3764
14654 9654
8688 8800
5628 4189
6126 1177
2570 5349
12156 2429
10631 14020
2542 5296
1688 10797
10206 2464
4242 1978
363 15
1181 5502
6916 7419
3485 10305
2259 6459
12754 8243
9967 11546
5462 4095
14319 169
8081 13330
12126 161
4781 4651
4725 4423
2664 9603
577 1602
5404 8077
11288 14012
14620 4212
10432 3284
1181 12791
8137 12968
2640 14870
1823 2540
6257 13725
2726 10476
13699 2298
2949 13324
14189 9608
6170 2729
12566 6539
6991 8509
5422 3765
2775 5369
5222 13670
8863 938
5389 5732
61 13958
6677 1534
14573 10190
9047 9900
10924 4540
2760 8878
6847 1717
8504 8750
7445 10258
9252 8566
13712 250
7071 10374
288 3916
6745 8790
5883 10107
11661 10139
5391 14819
10772 2138
4452 4243
11367 10452
7338 12058
7607 773
13086 2966
11935 4993
1374 14787
4154 869
956 1083
10759 7968
1960 1800
1325 11868
1918 9454
8434 3178
10576 5460
12420 2621
11555 13807
2333 8522
10042 12739
14088 3954
8029 4261
6819 5494
11984 5378
4197 6812
4789 10269
6191 11182
738 2924
10998 8086
4832 1562
3375 14641
7703 9837
439 3562
14289 13220
1202 1584
14257 8877
5154 3146
10326 1706
1278 5745
5353 12628
1355 2931
12642 641
11599 3903
5048 10194
12988 11506
10522 12088
1146 6740
716 6225
2354 2471
14892 6026
7569 1463
5112 12117
8067 1228
6067 2913
8924 8267
5949 1723
13697 14430
14875 6450
9857 3245
12016 14075
12012 8947
7343 11806
271 6520
64 3842
11199 10392
6240 14103
11541 1464
11283 14578
4723 11551
4830 12817
13297 2376
9202 12578
5272 13950
5464 8530
11349 10299
9844 11463
12127 2967
6290 7430
11325 5480
14966 1320
4288 7574
8288 435
512 4588
7424 10076
7942 1595
11190 11168
8182 7566
3763 14125
7981 8264
13852 635
3408 7260
6222 13188
13232 10402
12312 12232
2579 6198
1643 10721
11867 589
8168 12944
7010 7353
1825 13177
9864 6450
9111 12907
10784 3880
12759 14769
9209 549
6422 14595
13103 4437
9137 6543
4227 4520
12654 5185
1719 13641
2378 8021
12318 11029
1361 6809
4346 9838
14595 1997
14032 10491
2541 360
14275 14532
4292 3605
10982 1952
7339 5317
3484 10405
9331 13102
12423 7167
11067 4400
6243 6068
10002 7136
12448 3411
220 11396
10880 7377
1517 9203
514 6645
13104 11506
9473 2336
368 4487
5487 998
4010 4905
881 944
11417 13606
71 5759
12438 6701
8519 2373
14235 5643
10391 855
6803 7720
6309 5680
14256 8116
931 12416
8776 8637
5443 150
2225 11503
3829 6140
6355 203
7212 490
13551 5278
6406 4924
14317 6441
11230 9168
7479 3809
12863 1168
5613 7114
3165 6223
1818 13731
14130 12875
4396 7793
7797 8737
14421 7019
7774 6487
8229 9334
13452 5903
12561 663
405 1141
2574 1487
8434 7005
1559 685
12453 894
11880 4698
10645 7083
6275 3663
11984 14730
10657 14479
2744 3685
8909 4647
9187 10060
13867 1669
8622 12190
11192 5598
6551 7569
14788 11502
1923 13275
6267 13352
1674 5455
7779 1938
13395 12612
1647 7692
11124 9075
11270 5691
2243 3119
12110 7280
9863 4850
7463 3782
10869 7527
2555 7773
1646 3415
3382 10038
13439 715
1425 10684
14177 8677
3282 9395
3533 13180
3965 3549
4206 6396
5575 14944
13555 11003
9973 4999
6410 811
1539 9811
10072 11943
12149 572
5534 10060
4195 3512
4668 11941
5401 5451
14691 8955
14870 3886
5475 6237
11980 5376
4857 14033
7879 6373
12943 14779
11842 4239
8904 10305
4990 2270
12744 12906
1454 2812
578 13864
12332 1549
634 1844
6254 48
10972 2630
7794 6900
13021 3445
6612 157
4905 12255
4033 3954
749 10744
1564 8347
6986 2339
1242 4361
12773 11786
4383 5496
3732 4940
7183 6481
13338 2151
4545 2201
74 6110
374 8217
11833 3591
12205 1194
7062 7510
13463 13955
14709 5414
5027 3435
3868 3751
7096 12630
12612 7410
4261 13094
9044 11131
12114 14816
12655 13974
4041 14164
1376 5271
3983 4136
4324 4884
10375 12413
9231 1179
9239 8184
14950 9659
8585 10591
3516 4738
10083 7392
11666 2731
7583 9571
316 1978
9989 12058
3657 12553
6261 11528
8923 13242
4119 6235
6861 4092
4702 12225
8035 3331
8322 6885
3762 11120
8349 13968
7298 4323
14412 14144
13591 6615
10707 4127
8071 3068
313 14238
1088 2300
7223 6350
3196 12532
4749 11601
979 8814
8271 7521
9878 6752
6454 8823
6163 9075
10596 6661
11333 10444
8457 41
5456 6168
13922 9837
14767 3511
427 2681
12999 2617
3498 6928
9412 4215
10768 11251
3148 994
2999 2097
13336 14873
3525 10524
13169 485
12597 14356
11245 9999
2367 10110
8914 6281
7268 12808
8519 2949
12245 4792
11518 14329
7863 6506
8246 5500
3645 5390
10235 14438
8091 6482
11561 13368
6564 8590
60 6431
8374 4620
2036 7124
8449 9313
14939 1475
14922 110
781 14233
1434 2679
12700 1950
1314 13689
5868 8627
1945 3747
5830 13404
12018 800
4112 4183
3702 11549
8250 11039
8887 9076
10471 12298
4453 2575
14816 8440
8161 9002
11571 14779
765 7929
9534 7553
304 6048
14945 13961
12931 2035
4889 8972
9701 11824
7118 688
10566 4831
12136 735
12769 2289
5706 11721
13393 10171
10784 8160
13807 7663
4054 14490
5889 10865
2256 5773
7412 1638
2842 1543
10847 7827
367 1690
9560 13210
889 4050
11483 10239
9801 12501
11097 5951
2981 7902
3870 10558
2506 7815
7580 14256
5270 14827
7431 895
4119 6379
5681 281
1540 4309
7830 6072
5686 6226
8805 6886
10829 2389
1513 8617
3060 2135
10021 14411
14949 7632
14870 13070
13051 434
6332 2056
6068 4309
1227 11581
2492 966
12541 2671
11116 7031
11122 14474
14687 1137
7163 1420
4319 39
2636 7794
13984 12378
2278 11253
9826 7051
5933 3001
5675 8101
10433 8810
13674 13874
12930 6067
6493 5370
2650 4312
9843 9795
1905 4692
13522 6189
5469 10675
2135 3291
12441 11748
6714 8341
13400 10609
4998 10358
11804 7986
9627 2002
6573 13183
192 4993
9477 6590
14995 14864
12141 1406
9616 13834
9783 272
3209 8972
13368 14065
10427 8433
3809 9489
2193 9118
11467 14018
12274 7649
1103 11279
9111 11224
14882 9665
5822 3358
4243 8907
859 4109
1722 7642
7599 9922
4962 12018
12714 6423
76 5188
4810 7182
5899 11194
3745 11692
8529 12304
3437 6858
7470 2721
2211 5597
4320 914
5022 1728
13658 2496
3526 5117
9705 5635
9608 14002
5815 8535
5919 4312
286 10
12966 9532
2614 6490
10468 6716
14013 1206
184 5131
4494 12505
2116 2766
845 5429
14439 11775
3111 2421
4422 12331
1154 11537
9325 3822
13689 14376
865 11053
3389 7685
8650 14722
4290 12945
6291 1966
6959 14439
12988 10831
6109 6619
664 1605
5007 13249
13520 3131
4837 9463
10882 13989
11221 6244
6591 8406
5842 2194
14183 14240
2490 10501
14302 14842
9277 5093
7120 7666
10115 14838
329 7240
432 2756
7608 1488
8590 6349
8855 12859
8278 12533
6363 1927
498 12656
8308 8893
14202 9763
14476 8688
2027 8942
3539 5659
5591 4843
12952 6165
782 1826
13491 10855
7350 5814
10151 960
5358 5062
7916 14237
12221 2355
8935 6021
11700 5409
8801 14448
2757 3771
10517 4258
11461 2083
11405 14604
12965 10081
2577 10055
13271 8241
9698 112
9467 2081
11842 3006
14114 11962
9024 9652
8657 6158
1276 3652
617 8135
12452 8449
14647 8717
5852 14015
1916 11591
13084 6083
3803 4825
11530 4905
10 3676
1415 13490
8097 13005
9843 13648
3508 14806
10096 14676
7043 8253
2004 2431
13131 10402
2234 13164
4693 11858
9626 4227
424 4819
7498 274
7663 1843
4775 8455
11548 6194
2277 9902
6038 5663
442 2704
11658 3474
3142 6228
8818 13495
8335 13974
844 8732
4838 7497
1294 8457
3850 14946
3323 7068
12110 722
3240 12644
5987 12471
1583 11602
13209 13586
1662 5501
8307 2214
14107 1311
6717 3579
1740 11067
6001 2645
7439 13401
487 12912
10365 5190
9173 4193
9940 11829
14690 1041
6741 7251
10079 7423
4228 9886
1898 7229
680 1131
1697 2705
5843 3420
4714 9066
13939 497
5609 4049
14326 13714
11238 12785
7558 3113
8460 13846
4692 6694
1448 8272
10650 6926
6951 11584
14332 12665
11028 10162
453 3279
10965 7702
1265 14980
11921 3029
281 14438
9922 10284
1007 2494
8326 5559
1979 6291
7024 12822
2902 4877
10587 9052
14610 6549
11057 347
954 13562
13591 14399
6141 5072
6680 3559
13250 1660
6686 1520
2532 6702
9327 3129
1475 7617
4659 13268
9810 8201
6760 4810
14638 14425
678 5346
4071 13116
1470 6198
10682 11231
11564 9646
13942 14544
7876 3079
5290 6191
9502 1628
342 4023
4673 7906
3219 5718
6391 5006
13410 9244
6989 5835
4720 14448
4147 14700
11407 1700
12014 8365
3600 9679
10521 262
13989 3115
12501 1383
9730 3418
13884 1170
5346 7202
5361 6810
13256 5381
9422 12346
11155 2447
1648 1159
6755 7310
12173 10956
7533 11581
11676 14612
4201 9754
5340 4988
14060 10286
2769 9264
11259 9976
9412 3542
13162 12354
9600 3319
9067 7335
3600 4967
9328 2899
12355 9957
12991 2155
6506 1831
10335 4453
3862 7330
2253 4609
9077 2266
11479 1142
12517 6353
2534 3516
10289 6714
9402 5044
14362 328
10929 963
2335 4970
12802 2170
8143 1433
11257 13988
6556 12357
5415 7995
3060 6511
7413 274
3509 6853
6164 12544
5126 2665
10824 13863
9336 9727
7794 8539
209 12973
1636 5044
3607 8359
2925 9397
8772 9636
3310 6591
12780 2589
4431 1797
3936 165
11078 1856
4051 8048
1945 2472
2076 8623
10778 8874
9334 12493
1957 9222
788 2721
11489 13375
10931 11958
2332 166
5301 6383
12897 6387
13080 2907
2873 2351
12305 7895
7671 7627
8873 1556
12663 9856
11139 10547
8353 8685
1435 8759
10468 3503
11766 6356
3814 12589
4856 1176
8430 5641
8445 8881
676 3327
5354 7960
10261 8965
4913 10591
432 14706
9078 2535
9918 10780
14235 9909
10569 13253
7466 312
3963 12206
13786 702
9750 201
14979 7422
2042 6492
8003 3964
1834 11654
3646 765
10603 14179
2764 7391
2770 4993
7755 8628
13918 1451
1832 1056
6783 11786
7460 2230
3536 8433
10168 13499
11340 6141
4266 13681
5807 14973
6883 5105
12023 13326
7239 13497
12895 8877
2031 3346
13560 13201
9881 4982
7648 6587
6166 6126
10898 2902
11351 7457
9916 7337
12216 5417
10744 6837
13321 11300
4003 457
4894 8085
9396 14571
2121 76
10461 1241
12311 2532
6058 6636
7626 13114
12627 904
4058 11167
8850 7006
10715 203
11566 7368
11973 5414
6370 3116
103 12792
5369 3632
7845 13508
11264 6144
3976 8838
3033 3210
10999 3994
7485 1984
441 9087
11700 1660
14838 9768
4146 10975
5146 11287
6124 3911
4341 8191
931 12019
8598 7276
8853 5255
6391 13976
12207 7791
6692 12929
6769 1068
11103 7232
14830 10413
7607 927
10351 3257
3997 1949
9251 8474
11934 11841
13190 3545
8583 12793
11040 4673
12724 12534
7332 12381
6482 14552
3895 8875
12321 8295
10491 1099
1552 14963
14183 2208
13521 7796
2812 13089
5552 13783
10946 3492
6707 13611
12942 10558
5767 5389
9785 1496
1711 2944
5564 12821
372 7485
9635 2481
9697 12415
6589 11697
12291 9542
1399 5359
8214 12951
7090 4240
387 2775
12606 5580
2914 9026
10441 10724
3649 7163
3778 5182
2658 2668
6185 10561
3972 14822
13687 5555
7102 5648
10171 12900
3989 8759
5667 369
11417 3895
3360 10880
14923 1861
11389 12216
1300 10323
8375 11616
25 5722
5676 620
11244 1272
4248 4674
13783 916
8295 8529
8888 12695
11475 12424
14083 9739
12231 8122
13644 5847
13985 14385
2835 728
8444 13503
7737 4970
10188 10547
1241 7942
11145 2245
8428 13804
1762 9217
11707 3754
216 8130
13226 5584
8033 7166
11312 7399
1135 14699
2661 1514
7447 5397
7929 8948
13803 8409
11718 10814
3163 7883
5208 273
5712 13378
4327 5832
1018 10058
9557 9842
14855 9777
3104 4447
5840 7905
965 10359
4603 7845
7580 9085
1231 9673
14475 9275
6585 11606
1729 12236
14172 8739
13824 8893
8673 13995
14082 14273
2879 11626
9851 871
12503 2267
12879 63
5817 11973
11022 6594
8788 12927
4380 6639
14641 11518
12845 9814
2995 14877
10422 7368
8270 7372
3029 7213
12113 6619
3210 13569
1450 9605
155 7790
9756 2861
3099 3220
2544 11614
4074 13924
6266 2907
14965 9760
7046 9846
8506 7975
3292 3908
2871 11312
6012 6327
4793 11753
4746 6995
4168 11818
14611 10984
14467 13240
6563 9524
1572 2442
9550 14641
6366 3044
954 13570
11061 2855
2459 8104
5570 9492
6102 7116
4168 205
8347 6447
12058 1185
13314 4119
13156 610
6098 7086
10149 6522
6483 3648
13681 14345
1587 4134
8267 5976
4808 10131
1455 14661
4508 8056
5227 11965
4328 3661
11516 6598
6190 5965
5747 13552
11561 13469
14342 9549
12465 3993
8366 8022
1591 9927
1934 6817
4241 4388
5053 8922
4228 12185
2689 12137
4325 592
10599 5319
7891 4897
4992 5752
13058 9553
2329 3851
3348 10162
5182 14782
1068 13212
7147 14363
7794 2843
9551 48
6532 11568
8007 8483
5660 10300
5684 7680
6930 14756
7432 7972
1870 1717
14361 11549
12619 85
3791 2347
2569 11506
7141 8820
6159 4417
3457 12644
5923 8674
11263 8337
10834 10727
593 1635
50 14179
7547 12018
12911 4518
13389 14514
8174 8229
13917 6809
994 6459
8786 11288
10152 10639
8705 12492
6159 3646
6459 13309
10823 12708
5614 14457
8304 4865
8600 1375
8048 8066
2350 3202
13287 11680
6453 5626
6352 5417
8655 10480
8542 13141
9492 14666
10866 12756
5192 5788
12806 3251
6516 13412
14876 9152
12411 12597
5232 7390
10724 11189
5677 5200
4617 11849
14091 8727
8923 14557
2542 2945
9046 91
8165 4743
2085 11305
14128 13541
13224 13494
3579 2759
2827 7085
3689 3678
9147 4878
8331 6560
8938 6227
11984 5242
4153 8058
3394 4294
1145 11348
1986 5989
12468 7237
11689 14549
6855 13283
12755 144
6754 14502
8995 13247
1239 3461
12101 9337
2817 6050
11700 13018
3156 9194
3355 2552
14213 10750
13154 5628
7144 3965
3158 5891
11551 9050
1897 10880
795 9538
3609 1112
14772 466
9149 2095
87 7525
2978 8430
3249 2654
2628 7647
10808 12243
4140 6723
4583 509
10102 11809
14646 4713
849 4292
9192 12244
8674 2596
4275 5090
2792 12512
6630 798
562 6623
6749 8089
14041 12141
4717 7024
4156 12453
10502 6980
14844 4913
13395 4516
11906 6664
12512 10714
9652 2677
133 4975
1368 7248
13267 2205
5501 6911
4442 12230
14723 9541
13742 7734
4956 12999
725 6982
3985 6979
2555 3530
10162 2912
5286 7417
13949 1977
12042 8484
14543 11321
558 4247
13631 9883
3821 863
856 7041
11493 7002
6205 1453
1927 1237
5174 9171
4832 8985
10904 13271
9049 3408
1546 3157
11043 14515
4159 11067
9410 6687
4304 4172
6667 479
2903 2165
13754 2948
3892 1305
11563 9239
7925 5502
1684 5474
12270 220
11725 9378
13531 9003
9338 11734
2076 2051
3724 3674
8911 2940
12906 3064
4225 7304
2571 9753
4870 2338
5894 10605
9340 11337
1483 12598
1679 13677
8162 3038
13275 1215
10969 8266
4363 2411
2731 14873
2969 11492
4964 5651
13358 3800
9342 12362
9814 14544
2323 7841
13248 8367
6733 13914
7145 11041
1552 290
13787 2358
10308 3759
2263 5292
5818 1781
2465 5734
12237 13163
14138 11297
9141 7002
14400 10883
3581 11470
8211 5103
14402 7846
13070 12242
13160 1148
5811 9019
10593 5491
4914 8874
13402 4198
8859 8215
6555 4597
14697 5379
2860 3126
13601 1723
694 13460
8952 2698
14133 3575
1855 13363
9468 202
10704 11515
7023 11945
13500 10311
4099 880
8402 10130
11850 9434
6294 14367
9595 5150
14646 11938
13901 13928
14300 7595
10052 4351
1818 11319
3932 5405
12557 13181
107 6462
8785 9819
13394 7123
2889 6089
9829 656
10698 11525
2618 8980
2727 9102
2072 5143
7217 10335
9711 905
11884 10929
13272 10484
60 14574
6420 10463
8146 3189
13816 7848
3903 8670
2690 9444
8822 10476
3863 7301
9336 6430
5162 7199
720 10250
5394 7824
3536 11959
14248 132
8738 10289
14501 3875
3161 14463
2698 7127
1187 12557
4286 12993
268 14050
3610 9872
2867 11055
3277 7813
4996 2927
13839 9657
7320 1837
3988 9806
766 12127
9561 115
6608 12675
8497 13362
8640 10486
7497 10933
12923 7878
5960 9875
2012 8564
9533 11820
1486 1271
2036 2737
13132 3803
12393 6000
10740 10446
6638 1505
10214 11408
6019 13596
5279 12614
13283 9175
13044 11809
7102 4002
10212 10105
2966 8787
3289 14653
152 10558
4960 13288
8081 13962
8764 14483
10863 5314
11664 113
1648 7940
1026 1974
13954 1788
14811 11965
14940 2657
6644 10173
3047 11017
9162 10012
14285 2826
14890 3289
3291 10636
14580 1174
14501 5435
5948 4782
4927 3202
12061 789
14191 11463
14656 5961
6174 5884
1021 9947
4214 4628
80 1680
13610 12117
4950 8873
14890 14022
5870 9287
5982 4150
4623 11791
2996 10479
6478 4234
13691 4337
25 8019
13114 14693
12750 2121
344 2149
5969 8259
10561 14164
1131 76
8783 11689
8820 4356
1033 2917
6928 385
750 12741
12992 4704
14630 2205
3918 14233
1687 2448
1130 1339
1015 10099
12047 7968
4276 11236
2762 3201
12134 9779
5981 11986
4434 2762
6252 6519
318 9159
13505 745
4892 8414
5191 14272
11828 1830
6516 8796
7276 5248
8645 5154
9965 10865
7824 1638
7961 6898
13113 305
10075 13449
9933 6682
2639 5456
1995 2243
11461 10180
3662 10046
3400 11924
6429 12165
2797 2983
8336 8086
5674 10524
13161 13267
8182 13255
14211 4988
8355 12235
3581 13773
11653 6109
11041 14950
11818 6213
12925 11419
11300 11397
8505 13696
3996 2470
758 11731
941 12174
13732 14276
14384 7610
4455 8734
7581 14962
1994 12694
7870 12684
14526 5747
3794 9187
6448 10558
7113 8124
5062 13811
12042 7973
7520 10641
4487 7066
116 8627
2086 11250
6278 2831
4334 1406
13729 1214
12238 3502
1861 3347
2644 13475
14027 2528
4976 3036
7699 2996
771 3160
14322 9015
10187 10505
5979 6434
1050 9133
7754 10428
12828 12195
10333 5111
12724 7023
3733 2252
7246 8964
7296 8100
3863 347
11926 9269
5589 12421
11259 2542
13292 5304
11422 7343
9639 11694
8983 3449
5518 8908
762 5807
9850 111
2678 10678
4871 10408
9977 7526
12090 4612
1069 11497
7150 6113
14279 14038
3005 11496
2605 5181
1501 3136
9455 6257
5264 10715
10204 1200
12596 8903
7024 14961
6214 3066
3930 9746
11533 6696
11620 1316
8505 9348
11869 7334
5633 11576
4978 7088
3651 10645
9634 10660
13473 3868
8970 12617
8467 255
7667 6990
8970 6575
14456 14830
4539 13417
9672 14298
13239 11658
11552 6011
14586 11195
1544 814
10495 8261
9076 2710
2781 2264
248 4782
4857 7629
12246 13460
8601 2856
12692 11858
5215 183
14719 6007
3144 12156
3971 7370
139 7469
2432 4954
6818 7894
945 9663
3471 596
6627 7302
4180 10532
8149 8578
517 7207
14535 8882
7520 9185
1831 11658
4136 8955
11320 7158
4715 9763
12903 10512
13504 9343
12362 5203
9208 14267
9708 1522
999 2101
854 6736
12065 8450
114 7881
11189 14924
9614 13008
6829 3677
2927 14974
876 7383
8328 5435
14385 6981
12076 6720
2011 12082
10303 9589
14911 12356
7217 7705
10621 9351
10001 6388
9364 3334
2901 441
180 949
5106 337
3128 3846
5755 5054
2829 981
2093 8586
9831 11535
4046 11306
11269 10221
13873 9326
13752 11346
12862 4566
9844 405
2231 1603
14661 12704
13162 13543
10180 11236
14805 6746
2123 6285
10660 7985
4289 13146
14114 1156
7037 11350
2466 997
6337 8833
7056 2518
2210 6214
318 700
10902 1905
5051 10097
6871 4420
5811 8272
12737 12095
4650 158
7695 11568
7690 12530
4184 2247
6456 13494
5793 2750
3033 13728
204 9088
518 14047
8634 11637
12657 12544
7994 6094
866 11584
4095 9061
14606 10310
2658 12714
964 14754
9286 1951
2167 11016
3805 3488
13542 5986
9824 7059
2906 7480
3166 5136
705 7858
5530 13828
332 10863
12035 3835
690 9183
3798 9060
4784 13268
9214 10034
12786 9075
2803 12567
764 12893
9634 4141
803 10821
3811 7595
10485 637
12723 1774
5253 8878
2926 15
6764 147
12712 3156
4550 9366
13769 14764
4980 8136
5744 2855
2838 7924
5994 12248
7856 9891
13073 1946
14849 1253
678 5379
10358 8408
11142 11060
3896 14049
5412 6591
9500 7357
644 11208
6676 2591
356 3329
14645 2804
14486 12610
1433 6041
3546 2718
9912 14359
9162 759
10470 8291
915 721
4269 9064
13225 7239
3894 1333
7533 4521
2381 2915
7442 6693
14756 10421
5555 5174
5038 11438
3967 6799
4849 9513
2433 10023
5902 11528
13289 14391
13512 9602
10931 10523
14774 14154
12998 11048
1969 13015
2692 7476
7686 7831
4998 11372
4343 7685
11584 12987
578 2476
11931 1139
10638 11709
1026 8820
4210 11404
2273 1215
5674 5439
11730 11099
11354 7817
2554 10640
12633 10451
4827 9198
3846 13515
5351 2040
1737 10218
6491 6730
9123 7654
7225 5876
7459 10189
5760 2190
1118 2533
2128 2055
5386 11832
7437 9916
11512 5643
3446 10032
8197 8853
1372 14195
699 668
6012 5977
11718 12331
3981 567
14883 2078
9013 14559
3113 9868
1735 14869
6013 5127
1800 9736
6709 5292
5893 12266
10952 8889
10195 578
1221 1693
13628 9012
3694 4679
899 3439
1740 6121
2139 3055
1531 1285
5573 7118
1393 8961
3915 9280
11266 12014
4978 8532
9500 3223
2107 703
341 2084
1649 1862
9655 13808
13007 7553
8837 13914
12191 11702
8891 10513
8450 4402
1816 2755
5235 6922
8874 5954
463 10833
4063 12701
14068 3731
7930 9577
14954 4286
2220 7546
14214 13952
5475 12997
1485 11055
6930 2896
367 6167
3177 12393
6507 9051
223 11330
1847 9394
14514 8169
1824 9445
9380 4139
2310 13888
3670 14313
7613 13836
3102 1584
12116 3576
3086 6576
9785 7208
6277 5879
2408 4530
7016 13425
4487 10837
10975 2099
5062 4361
8116 2012
5815 14547
7325 1629
7823 4236
872 12138
12727 426
1752 9348
8960 12821
11140 8143
12881 2507
3527 12846
7559 14739
4163 13072
13229 4249
5206 13190
3546 14784
13054 14562
7562 12457
13289 11571
11648 5091
3436 14106
14389 3528
2877 13005
4760 6347
5470 7600
10805 3147
9521 1494
13551 1441
619 5430
8954 11863
12772 7973
12585 1461
1105 8857
12527 11249
7027 1642
3345 4519
9416 1166
9749 9000
7321 2207
8030 10066
326 1870
6614 14059
12661 3062
10556 34
9499 3540
6110 1167
5424 6900
5065 1129
14751 7717
9204 12311
5249 519
5885 14959
2334 4415
14102 2505
9932 2224
12982 12152
7106 9440
9466 14852
11399 8845
3129 11940
12433 7941
8233 2897
4944 8376
7356 5230
7283 9446
1215 2291
10901 1756
11038 12813
13251 9856
5450 9369
426 9660
11856 6390
11895 10937
14304 7218
8182 8072
8366 5281
11819 3958
4145 3582
7391 8346
12798 10326
4602 10740
3295 2846
800 11021
6191 9716
10863 10031
1995 349
4250 2224
4669 10702
4676 10038
5841 1442
10084 13755
14851 7826
2259 7754
6920 14934
5698 10427
6550 7923
3130 994
5534 6197
4980 2109
10036 1376
12225 10775
5241 5037
5019 1698
1850 13315
329 14037
7097 14622
9927 2996
7819 9471
11667 10564
2366 14986
11542 7954
4975 5499
7969 6787
1395 10504
4259 8532
12112 6645
4981 2767
1077 12022
13285 3787
14598 10660
8681 4596
4686 2756
433 14064
1899 11668
9201 12685
9238 4312
12590 5508
8108 3883
2067 4670
7076 12689
5288 10318
4275 10147
13081 7238
8009 10
8908 535
380 5953
5751 3810
11705 7209
12428 5319
7851 14834
1194 1943
5523 4098
7657 14713
7491 4479
13579 5021
5710 8443
4558 2698
2508 11882
2681 12558
6925 91
6332 9875
2717 7332
1771 6189
3580 2229
11679 5041
1111 3676
13286 11046
8522 1591
3819 8807
11289 4183
7297 8182
4185 1785
3336 7087
13670 908
14936 11337
12275 3251
9490 12119
989 1042
8719 5251
6282 14149
2003 68
8855 4129
7254 300
4658 7258
11465 6598
6950 1639
12540 8434
6699 710
11226 7975
11816 7388
3844 13476
13938 14882
3406 3408
305 3249
9627 1382
2523 4424
8640 5466
6696 6056
7466 8150
4998 8858
3811 12515
10764 13589
8019 9738
14110 3092
2772 8527
12688 8863
3606 4210
4139 10504
4056 1855
383 3540
13620 13957
6941 4942
12913 4604
8748 5225
11828 747
1483 130
8288 13139
9943 5126
5820 9448
13444 14713
1242 8447
126 193
10977 8834
1612 11184
14191 1900
7126 11140
4268 1033
11401 13931
9243 11960
8241 11227
1994 11198
2394 6919
14464 4857
7539 11323
141 5494
9512 12716
14578 2861
5399 14597
1223 11196
13065 7183
11229 2309
12398 2333
700 12907
7533 3271
1469 8635
1462 7430
1972 2191
6150 7716
1591 4105
12625 2963
938 417
7211 7176
12780 13545
1909 8021
11114 8563
9151 3521
13609 7239
271 11245
3770 14440
6781 5715
189 13503
11513 8800
5464 3770
11707 9156
3809 13274
10711 10853
4380 8712
10781 8472
711 746
12366 4064
11360 8455
8717 3790
7430 272
10835 6411
2550 14807
7216 1374
12383 3490
9978 3850
11662 3675
4164 13711
14434 8253
7665 14565
8112 3736
12932 12945
10582 1568
12965 8058
4968 2313
3366 4631
93 9562
491 1597
10746 1934
12238 3790
1717 5264
8516 4581
9175 14799
6303 11794
8038 178
7590 6661
7927 7120
4189 6892
4321 1044
228 5367
13373 9583
13411 9942
5657 6925
8740 7537
464 13575
1262 8035
4460 5706
10589 1836
12089 3205
5292 881
2114 8759
474 5956
2828 6836
3388 10009
4310 14623
11460 1074
9557 294
6206 5893
9224 2225
2134 2372
5114 914
11677 1475
3819 8145
3318 2551
6912 13540
8315 2925
3325 6650
1137 7754
3867 1681
11151 3221
7696 1039
3708 3602
14639 1565
10673 9766
14913 3335
562 9417
6137 11381
1540 9529
12599 13892
12312 2460
6558 11859
6124 2912
11691 565
1370 2148
9361 2671
10930 9203
13686 10816
771 6060
952 11139
13216 9195
10419 12134
8873 9443
749 4195
8570 14981
3003 7643
874 2186
12220 8933
9895 11042
860 1717
1726 6728
5369 13495
6692 705
14875 6832
4676 13419
9241 13657
5419 10891
3636 6357
6752 6719
14964 2871
495 7667
2865 7637
3429 4929
9776 8518
4830 8638
11414 5700
10795 5489
10227 6875
14050 2154
11039 7026
13018 13931
7839 3647
6674 8944
13875 2619
3543 12941
4854 3583
8827 73
4786 5342
2846 5236
95 12599
3432 10413
6070 5904
10345 13200
3771 10652
1549 14500
7406 5956
10792 1622
1736 2222
2791 9072
12513 12612
4111 2925
3601 9007
333 14576
4531 5768
12425 13950
12872 461
6803 11446
1825 3032
25 7122
5694 3463
6264 4764
8485 6368
11861 7328
14911 7489
12272 4351
12725 7271
12115 10538
5749 10876
6065 10181
9658 5086
4676 11522
10664 5285
1716 12822
7808 8700
3249 7268
10694 11321
4109 955
8754 12419
14688 10125
2162 8923
10840 11930
3961 2496
9941 4075
1552 13614
3671 4405
2181 3544
447 8978
5879 6114
13508 14317
11940 13361
3237 11521
380 10241
12785 256
5336 561
14114 8365
13584 11117
14101 8646
7108 4475
4873 13339
6682 4521
464 10913
13991 12820
8271 423
1199 11492
13431 2787
5619 2278
4092 1007
7128 12230
3969 12155
14988 8744
7482 2594
12997 10082
13650 4928
5398 3313
4516 8821
8413 5706
6149 708
14591 163
5765 6854
13317 4977
14294 3340
12718 9159
6473 6172
11240 3308
5781 6818
14213 2268
1902 9526
235 5382
12413 13139
2442 9157
11149 10878
8656 14394
7182 7600
702 10021
8712 14883
7009 599
5690 1751
13002 660
14189 5115
9430 5324
7808 9722
5089 10700
11303 11236
4826 6695
1317 6625
9110 4228
11726 13643
4865 8445
1375 3329
8117 14666
3660 566
9656 8407
12892 7709
14202 9086
11300 8702
7458 14552
12954 4257
49 2747
2513 5357
6756 5318
8271 4268
5482 9276
11017 3209
820 14466
3510 8359
895 9424
4139 9396
12882 2539
6186 11743
9600 12423
6446 9584
2695 159
9067 13679
6768 1971
9878 2662
5508 14457
6749 6907
12808 12266
3814 5880
714 4521
8987 4714
1647 6794
8567 14378
12483 3842
12477 2063
774 8171
13879 12711
4946 13268
1327 7653
6769 4665
5221 8225
14750 7583
7473 10451
8393 9299
6037 7551
13540 4969
14387 11973
13802 10023
13210 4487
1688 3681
8152 14968
2807 11768
2723 10434
14363 2093
10778 1821
11714 7303
631 2115
6692 12414
5440 1386
12994 3233
12613 9217
7896 8944
9140 10618
7975 10781
2057 8036
12844 9055
13562 2660
11916 9843
12163 7911
5125 874
11287 11156
7123 5342
8660 6085
6120 1457
3842 4859
5184 5444
1576 3911
11342 3792
4552 2015
3802 2944
6136 12961
1532 11764
767 12129
5907 6948
6850 10164
14870 4602
12502 10122
6348 12306
1216 13320
499 13148
5073 9625
262 8367
3 9268
12066 1116
1852 6795
5762 13106
12135 11379
8930 12763
3811 5716
10793 11302
9224 4485
153 10303
14843 13113
5022 3033
4680 12023
8871 3631
10310 5308
3283 3539
8799 10852
6608 12210
8462 4229
11627 6986
4398 10761
2556 9051
12454 3341
3696 8273
10844 10049
10652 6425
11596 3199
8893 3584
3143 9617
4267 1377
12533 9060
6957 12295
7276 235
8283 11395
970 7411
3384 6377
7536 14165
510 9562
9337 6935
6436 8514
4605 13379
10538 4237
9023 3166
9918 40
4033 2035
7761 14642
6970 7776
6479 14308
12463 10738
2114 1106
6666 12513
12198 11012
12469 13466
2457 8927
9381 9314
7715 9055
2704 8628
10036 1210
1953 11529
12920 13526
12185 11136
7105 10172
157 12868
8736 14133
4259 6650
2531 10766
6236 10843
9771 2638
5669 4349
13802 8370
1663 9970
2426 10401
8461 2696
10927 4392
14140 1763
13614 5201
9061 3431
1631 5097
11578 14925
1988 13910
6722 12158
14177 1352
14377 10484
9886 4450
13817 14190
4400 7136
13923 1527
6967 4648
3813 7686
11518 9841
1199 13984
2640 9102
5152 2372
10097 10819
14953 6333
5708 12628
6381 14804
6181 4639
3058 1967
4496 8107
11952 9760
3948 4601
5194 4770
8529 10106
3505 1484
12735 12914
8480 9243
1131 12825
12270 5549
9422 5874
8718 9693
10309 1375
5346 12550
14766 9110
6364 9488
2292 2724
7097 14191
4366 6013
10060 3090
12683 435
7046 1370
7362 3712
10865 5220
13236 8426
3947 7895
5848 12173
5850 13599
896 5082
14559 6697
14293 1604
11482 3818
9492 5055
6937 3480
4938 5212
13271 12083
1093 5759
10662 9612
14273 8764
4372 14674
12297 12626
5085 8542
9903 10314
3452 4148
816 9531
1183 3116
11723 5882
6431 10354
2973 2107
4494 9088
14683 10844
2124 12335
2025 10985
246 3618
8776 2184
911 6167
9323 9016
13575 2365
12538 11859
7167 12840
11593 4056
2904 14384
9472 11682
12820 7620
13670 10168
11422 9926
1286 12377
2154 4618
14436 5831
5721 3673
2277 3065
2675 9723
3627 8027
2720 5890
13085 1958
2489 9348
1042 12322
7648 10459
9421 2781
5981 10719
8528 11129
10982 3902
9843 13216
5471 1304
4840 11854
5398 220
12369 9659
7905 6853
13890 12624
4745 14072
6259 2103
1074 6970
12792 7834
9423 13214
12187 11383
5051 6422
2878 9223
425 5931
442 10725
10722 2430
9506 14602
13757 480
6052 4512
7851 2910
13311 6645
9875 13139
7354 10164
10488 12196
5058 12442
2795 10459
4487 1300
9108 6537
13269 8613
4700 1969
13162 10520
7699 13864
6875 7691
4909 11796
7601 9124
8539 8015
183 11309
9528 3928
4626 11987
606 9189
11439 11646
4328 9668
4911 5759
12851 5382
7890 10467
9991 7531
2207 13828
13520 9659
10500 339
12290 7834
12021 9439
14451 577
238 14969
12323 506
565 9197
3204 7273
11522 11787
3893 8446
6630 4442
3943 3385
13178 9182
4340 9257
12808 2223
2419 9153
6190 7374
8075 12921
7877 4550
1277 8343
4562 8942
14373 7283
9408 8418
10341 14790
8432 11015
8314 11039
7727 8625
1270 14665
8450 12482
12545 277
4141 9946
5132 4715
4394 13513
8148 5360
14917 12865
2314 8666
4926 4183
9762 12912
9618 11879
6400 14402
2229 11359
9762 5496
7666 10316
7867 7473
10196 2052
11448 13836
7041 13212
11075 1355
6374 982
9090 13793
3939 12596
6601 9931
10689 6845
2626 14958
10278 8371
6763 3858
1760 1119
14045 5941
9673 8772
13278 9327
7774 2501
11907 14179
2113 9002
8101 5702
11836 4492
5861 3701
2137 8499
2648 709
7267 5119
1614 9991
13509 7564
8352 5858
14133 14142
11280 9158
3479 11199
6684 9168
10895 1958
11372 8422
10745 14649
3878 12480
13590 9045
8395 9643
2394 7788
13624 3590
14995 7529
3569 11195
12702 4200
2860 5982
13566 2792
10883 12784
9787 12374
8967 66
12598 1987
13213 5799
11102 9663
7251 14622
2514 13418
11136 6817
12379 193
11573 7928
493 11387
6741 3075
7264 12452
14643 7863
9844 3772
14735 12299
1961 8165
7064 14402
3507 11258
6859 419
8426 299
6262 14629
10471 3855
1535 11526
9109 12550
8052 2047
4812 12833
9838 14884
10008 2331
549 14142
5323 3807
5982 1103
4455 5122
13617 12317
13648 10466
11146 13953
3523 4366
5334 411
7458 8753
255 6677
7341 10102
3315 11569
11828 13949
12938 13091
3855 9291
5281 13844
14678 4227
12104 4168
11962 11782
6 6369
6574 7136
4766 6759
11394 2300
2093 5826
10825 14921
6689 2391
3425 87
12490 10025
10046 1061
3233 9864
1440 10169
10359 5322
14341 7485
12347 6658
10994 5475
5983 3137
4934 11880
2406 11250
4701 5428
12593 12063
13460 6231
7033 9939
11763 11363
12920 10446
3889 2977
1282 3244
14100 514
5104 9363
11882 8535
10625 12577
10237 12519
13012 6547
14561 9375
7871 5233
686 2347
14738 11018
10091 3278
13912 6637
1771 12506
13315 4224
6687 14173
12155 14973
9087 7633
4077 7104
526 7093
7802 13212
3550 3003
3799 6933
5514 2559
6170 5182
1839 549
4326 4758
4957 14971
1785 6930
8387 3932
13963 14496
12516 8816
5749 5878
5143 11827
7577 13819
1012 4487
1297 1779
5375 1444
11165 3145
5471 2898
11924 8324
4570 11208
7487 7847
2589 11271
8843 7033
13761 781
11836 12687
14195 7938
5004 7836
2643 9129
4117 3928
5501 14567
6640 822
10630 4814
6749 1346
1089 14567
7082 11522
58 9358
8138 2699
5996 7644
11407 829
6143 11051
1604 14215
4240 13587
5970 5805
9181 11759
7120 6634
14049 13179
13962 12933
9912 5499
11117 3149
6127 11601
9616 7546
12661 9483
11904 5563
2327 6693
3210 6347
4051 13096
14538 358
2270 708
7153 5856
2381 7485
5379 4960
12119 13891
14719 12951
5334 9823
3980 6204
7430 13122
8199 11053
2681 14959
14338 13008
1218 11804
5722 5414
4251 12687
8445 12915
7998 4234
3444 1208
9603 14550
12875 319
98 7857
12405 9542
8033 1961
7494 13639
13479 8817
9688 412
2990 2516
13385 7711
11476 1523
4881 503
12326 12068
10714 609
9619 12710
7000 5198
13521 7881
6696 13417
13627 12547
3282 13846
2923 1452
2771 10670
11881 11671
1917 14929
5354 6796
6753 11409
5447 2325
1774 2489
5765 9320
8955 7270
10963 13330
5021 12986
5444 1106
5591 13222
1689 13580
4264 6645
13550 2373
13921 1494
8743 14071
11653 12460
13580 9336
4626 5466
13073 2236
7084 3192
6203 9539
792 7180
8913 3229
5024 10662
3609 11189
12458 12708
5389 9901
12051 7477
4161 143
7873 8113
5014 7548
4091 1537
8700 4307
14744 14840
8190 6751
5510 14761
14916 10875
14567 7194
6472 2936
5476 794
11337 9780
5268 10521
10721 7829
412 10517
7591 4560
7968 2872
13454 1561
9122 5413
6105 14948
7625 13814
4296 11908
2063 7293
9803 6780
7690 1542
13667 193
7394 5129
752 13362
13157 6056
1444 6005
9391 4610
8406 13565
652 8811
14751 363
11109 2406
11970 2215
12028 964
14595 12240
8192 4927
14015 8320
4540 9703
3299 10698
5690 7154
2672 5950
4081 10195
528 1358
5982 2935
6703 10046
13209 14267
2642 5614
3731 2773
12459 12836
13106 3599
7542 11315
7934 13034
9335 10061
332 4914
12463 2192
5435 11061
424 14778
4855 5842
5837 4872
2007 77
13541 7486
8498 9679
8656 13872
4689 1091
11275 416
10890 1536
12921 11049
13994 7367
7024 14622
5732 7659
1174 7185
10063 9310
4175 14786
1215 8852
8697 8847
2111 9033
12589 11802
9517 6822
3868 11402
14122 1302
2500 360
2923 9994
4538 12138
9663 5297
3441 8665
8261 9556
1150 210
6438 4629
7752 2742
11103 596
5714 6618
6864 13405
13650 4
5028 4077
13382 8137
8315 5156
5624 8361
12812 2402
6020 12017
14075 7112
84 7238
12612 495
3061 14052
6249 14990
12088 996
6911 2714
5548 3424
9765 6541
295 9028
11470 11120
4322 2182
1839 12399
5586 3631
10888 14474
5543 1783
9956 11699
4398 14821
5349 3710
8197 6917
11791 12704
3339 5783
13108 11081
1094 10247
11900 11998
13000 7419
2928 3302
12029 13936
11404 8618
1578 6491
8363 5741
8652 8053
8066 11473
5781 11642
3067 6701
6348 13219
14166 10009
9062 7833
12890 2771
6269 12367
7666 7740
1265 13247
1309 6196
10038 9663
10791 12525
13599 14518
11240 12906
5351 6284
12134 7902
6572 13957
5388 11726
11819 3778
11701 6962
2285 105
8324 10174
6955 3642
8734 650
14325 7831
13423 5292
1154 1618
77 1792
13881 8788
10739 334
8467 7626
10099 9481
1538 10909
6926 3624
8989 11827
3174 11558
2615 14718
13269 6695
7167 9620
14869 8132
10392 9800
9012 5230
12710 13616
14690 3220
966 12190
4834 8467
26 6719
1593 5332
8340 11202
3342 10436
13437 9262
4591 12905
5430 6008
9406 1189
3988 12222
5078 2160
11297 8579
10561 11101
12863 4010
12659 4692
2978 103
7913 9021
12435 10638
11087 3793
826 1503
11535 6650
14366 1658
10304 8792
11363 2037
11371 11313
1228 951
8274 335
5097 11064
14963 12950
5658 12681
14952 8183
9989 2915
9366 8955
12812 8356
2374 14015
817 2993
14630 7579
942 7208
1190 8796
5537 14673
5434 8650
4527 6695
11043 10559
6757 11882
10900 8073
3794 833
110 11977
10568 7506
2937 3488
8849 13875
708 3315
5060 9995
14832 6674
12689 12555
154 3190
3202 10789
8452 13130
4998 3315
6400 3609
3288 4649
13866 5289
1729 6779
8440 4730
13104 14753
5672 7446
2060 1049
13918 13578
12614 6892
8700 6762
4633 14764
10690 12069
5678 11559
381 14980
13205 9561
8708 4027
12685 4378
8394 1844
12802 5936
12891 10038
6918 14001
2896 14067
264 3178
9742 5942
9937 6333
6569 12567
4974 12719
12626 13713
9816 10117
7533 2092
74 3199
12697 7134
2732 1103
3926 11170
7196 14593
3342 6840
3126 6231
5456 9595
7055 9984
9198 9505
12091 5913
10807 8040
12401 4806
13822 13428
12120 14758
3969 6829
6782 4293
9538 3423
14836 8511
1100 12382
10183 1440
1353 5677
2282 4227
5323 14375
3332 1059
3990 6268
14658 3667
11112 6669
3216 11319
12356 12440
10223 2916
6625 9515
2458 3018
14027 9464
1312 10927
6511 4032
8726 3940
9698 9460
7106 10044
2419 2072
8093 5365
10746 14527
5041 11409
10578 11441
11739 14721
4142 7313
473 13375
13870 1034
1617 9685
9301 9289
12214 13756
12590 3764
11004 14234
4324 14740
14562 8464
14892 13613
413 4967
1030 10356
10932 10406
8460 3534
4378 6926
11758 5783
8980 12398
865 8348
13116 1162
8626 5777
14281 14634
11057 4819
11283 7416
12477 1274
1019 10977
14784 13853
6425 9695
5653 1962
2840 13107
4057 3150
2762 14045
10223 13145
12647 6011
14581 629
12807 2396
11506 4131
6614 8597
1988 440
8500 6634
2370 9281
11799 1043
11022 11888
7653 13829
14947 7445
1595 3322
11838 13809
3682 8767
8547 9284
5398 5857
8416 1018
13757 11850
3709 9717
10605 1296
7808 5686
13126 7920
9303 5877
13271 1444
8088 4190
5432 12792
10122 6254
5380 5514
13603 6952
274 11322
11891 11177
5559 7674
9323 14748
2288 10569
3553 2981
14195 3954
7409 8239
4424 14306
480 1196
3111 7386
7844 4529
12743 11433
2790 5376
8678 9322
724 14231
10239 7849
5350 10899
9193 9903
817 12624
12897 447
3666 1453
10576 13514
1139 3471
5969 14098
236 4668
1055 2782
8853 6954
14972 8393
10594 12166
11149 13226
4015 13292
4209 9533
13727 1535
13650 5006
10790 4486
2668 12108
1608 5377
5827 2707
5840 8183
13998 14072
2131 13715
12112 13833
12284 6027
7687 6117
5541 2475
208 1598
5210 5755
3125 9856
6941 14960
14248 13641
300 9583
5884 660
7927 3457
7991 10703
6215 1165
13897 8412
9536 6202
4491 12103
3038 124
2287 6387
1176 8931
5703 12775
10873 14993
7662 10793
6518 7820
12519 14147
3799 6967
4990 13877
2718 3028
4127 3872
8124 14731
6794 372
3975 10941
14587 7011
1341 5281
5390 6610
7580 11522
12130 5923
5773 8458
9073 9691
10118 12490
3527 12560
7456 4704
1629 13635
9937 2462
9606 4254
11896 14440
10005 8125
14228 6847
7255 6415
7310 10964
3510 318
7365 4317
10922 119
12336 9030
10677 1920
10556 7607
13636 7375
2121 10234
7526 14005
8376 12867
5949 9364
3395 5686
1207 9399
1052 2515
7071 5616
3868 2031
12865 4328
7481 6434
4635 3147
4212 3300
8672 8474
12312 1079
10115 12211
5775 14404
3752 13269
6636 9493
4116 2737
2439 13992
217 7735
14836 3873
2185 12066
6794 3813
8045 5356
3743 6543
9547 12970
9395 13635
5794 9739
5731 7890
9422 1635
8511 4396
1443 2378
82 1821
6898 7606
2847 7086
120 14801
3214 4269
14358 8277
4364 11445
5314 12940
5201 10745
455 10430
12093 12929
13383 2809
7441 8054
10542 3362
1916 1717
6205 6934
11587 5152
6658 731
5544 9560
211 2177
4121 9694
3827 2374
4166 5691
538 14014
11213 8623
7942 14468
1971 8204
8959 13543
6974 3523
3405 1686
1292 8931
11148 2424
4877 7694
13148 10053
14750 3908
12713 6249
7357 2588
9479 14483
14527 1839
13527 13205
3117 7339
849 6023
9516 8304
5370 1373
4177 73
7497 4758
14920 9217
9004 13570
7543 1227
2881 3625
14753 12762
4474 11405
3446 5618
2459 6469
11589 6361
10269 1201
12872 4937
647 12465
10612 3597
11120 10937
9351 10149
3601 5719
11533 11147
8011 3667
9324 13895
6187 7313
9339 5354
14915 9921
5250 3701
2994 12364
2150 9357
5370 2444
121 8889
8497 5675
3333 1020
5969 1917
203 11269
14842 2452
3550 13482
6008 10698
6027 4879
6659 6588
14775 5159
430 8570
7619 7197
12198 11617
426 3704
11581 5911
4354 8077
12040 758
6409 2486
7895 1790
9684 8031
7233 2417
7233 3410
3102 8906
4454 2670
8694 5650
8558 5112
2209 5911
2429 3997
794 3892
11731 13198
12474 8174
8659 2077
10489 2516
12340 8424
9571 6430
13010 2957
11581 10164
8075 11590
5387 10905
14945 10095
9660 2606
617 280
4279 11000
9412 7947
2628 8116
9394 14064
6183 6739
39 4513
2503 2759
7553 1403
996 11595
12141 6167
7960 13220
14792 2394
1696 12401
11169 11637
8197 9001
1178 2225
14835 10429
2386 5769
9428 4187
5773 7801
1458 4220
7531 5231
6748 9926
14765 14013
3929 13832
4881 13785
6463 13093
11832 2732
2821 3799
12426 5677
8567 11722
10942 4562
14702 14210
12889 13571
14451 14363
1698 402
525 10586
7594 1675
4509 5571
1474 133
1676 2664
6119 6568
3891 4893
11218 5248
5385 13824
1871 13264
2695 4149
14180 10564
7897 7102
78 3131
13139 11060
12168 4846
7390 5869
8421 13092
180 13411
14998 14550
11063 11709
1377 13799
7261 2768
7680 2346
717 6749
8498 14207
3168 11760
9838 12474
2831 5897
8987 12957
934 10603
14009 2138
5021 7371
12143 12920
9988 3993
10702 11879
11459 7798
12422 6124
11638 1041
14959 5400
10582 1294
8907 5115
11202 1573
12045 7619
13464 11442
4392 8240
6876 6613
14409 3270
3852 1088
13990 7584
9732 14461
3662 2371
9392 2323
7295 2816
1189 12104
2416 12503
13153 5862
4179 5113
3143 7537
3307 3042
1367 3656
9255 14950
2288 4424
14161 14159
13091 7366
8564 2607
1543 14289
1190 13995
9647 3314
3022 8757
3844 9104
1975 14782
2794 6714
1426 2966
310 9148
13229 5208
13110 10473
5378 13839
7770 438
11459 7961
468 4577
8101 9602
9408 4435
5084 5699
2409 6696
12164 7646
12842 12037
9247 5440
6606 9338
467 4350
7007 10489
6218 8087
7240 6177
10583 14987
6810 74
1945 999
1769 6426
340 7508
8031 14144
4874 2701
12557 6742
3282 4037
4936 10307
10949 7724
10148 10936
1764 8771
10793 12950
3881 11669
815 7077
11581 13055
6591 11890
5835 5721
25 3120
3050 11662
12990 848
9818 352
9747 13444
4918 12187
12252 8901
2099 10019
6905 1727
4016 140
4582 4421
12580 3510
6239 6054
4199 6584
3411 4722
3214 11796
7396 1292
2336 904
14403 12842
8922 1787
4806 8197
9681 6855
7936 6685
12356 3077
8535 1759
11339 2910
1421 11151
6667 7515
13122 8398
11198 1715
2861 12186
10461 2192
14805 6915
1712 1026
11370 9526
735 6514
13525 1360
5314 14468
1681 6819
3907 14319
7393 4385
13711 12038
8220 930
3331 915
2395 12334
431 5925
14420 10511
11290 10371
1498 14116
4750 3170
2981 4744
10016 850
6498 6764
13975 8114
4136 13376
882 12077
1664 13271
10493 14554
10135 14064
3664 8244
8558 11857
3433 4093
3276 10899
5316 69
13765 4014
10525 4881
2308 11636
8291 2228
8260 4342
8183 5615
371 13774
14958 2778
7994 8750
9526 454
2591 1171
4178 4691
2575 3176
4723 7743
7661 2947
1793 7210
6917 10802
12278 3589
10800 14055
7605 12967
3627 13438
12319 12118
6876 13960
630 4942
14077 8398
7568 11402
14327 6105
11758 4142
12736 13120
2984 280
1413 8690
340 12405
1556 5962
3549 2231
12812 8375
3551 12780
9399 4794
14564 2348
11775 5782
11043 1709
809 7219
3908 14505
4378 621
9324 11368
12640 4324
7638 8451
13202 12308
2340 9884
14337 10574
2756 11689
1528 3189
8032 6303
67 5925
6795 8299
11639 7950
3312 4539
2231 10895
10204 10354
5645 4857
7478 9879
7994 8351
12836 13004
12609 10153
5817 5904
1955 12663
6629 4477
743 12661
3798 14101
2516 11311
3441 3726
7387 8913
1990 2356
5869 6019
2459 10468
14505 8467
301 12815
5951 4752
10734 801
7606 11117
2659 3605
124 1604
14115 6863
12128 503
7236 7123
2588 14025
9878 11199
12478 8713
94 4862
1732 2288
4322 12816
12884 12016
10220 2706
797 12443
8096 4145
14270 7597
1629 11071
4190 14709
1160 4784
13177 13012
7562 3439
6009 5746
5777 7555
12369 12108
9878 7231
11732 12156
8942 7919
5936 5446
4262 7979
11291 10100
6280 2067
2625 2631
14092 3695
11436 14064
8477 1505
6599 7192
14024 7333
752 14888
9644 8360
14441 8261
6581 13217
13830 9071
6551 4941
10857 1276
1254 6856
9956 8949
3828 7580
6896 12881
5023 11497
3526 14496
5980 6011
2216 9092
2947 5968
12447 3960
14989 7206
7749 13846
1153 11358
3331 2726
9441 976
9557 6451
10605 2066
12061 3454
7600 12416
12093 6169
11031 4166
6366 10766
1239 118
8076 4510
1499 1464
6549 13920
11892 14893
12102 7812
13076 10599
13765 12864
7997 5784
5700 7269
6027 1937
10628 14955
12753 2080
9663 12936
1512 11304
6834 9107
4595 13040
10642 7653
2182 10257
11885 11243
2361 9964
668 12927
809 2806
5591 11887
1812 5414
6859 10893
10171 501
3706 7649
10062 4765
10939 1672
5622 4510
5604 1066
3049 4033
6593 10012
4703 13933
5651 14914
14051 14498
3680 6288
6427 2035
14682 3734
8984 12322
12520 14409
11234 7612
13266 14227
5165 9888
8890 5764
9580 9224
2255 2153
6015 11439
11784 14875
8951 6408
6630 13037
7201 2433
13929 12883
11414 6020
1560 5353
4807 6103
3364 14881
14345 5410
6551 981
7698 2492
7389 3731
7480 6232
91 12956
10276 9185
9226 14878
2620 14085
5456 14351
6364 9200
8208 717
1292 1943
13964 2823
6982 721
1364 11663
8914 11190
13671 781
6485 6702
8096 2735
7165 6966
10299 3794
13327 13797
2548 5624
5241 8347
2587 3222
2944 9203
14163 1331
3883 9565
992 7880
13166 1731
4440 9212
3396 7227
3995 14394
10011 3427
2715 10638
5329 14825
2455 13942
14773 5415
7551 12742
10497 4874
5562 5082
290 7314
11901 4731
10422 13738
2851 3158
7238 1555
10340 14804
9233 13688
14814 6047
5968 7350
14731 2201
3176 3647
13518 10221
10770 14811
4261 348
2789 2824
3972 7511
3490 1002
14322 8718
9744 4316
7491 10345
13186 8856
8407 7415
9477 7677
9955 10157
4564 14622
4059 10919
8995 8368
8602 2058
11023 14334
10230 13545
9195 11221
296 11170
8041 1700
14426 2902
11985 1583
6167 11100
2048 14178
2800 9436
13018 7943
3682 1208
12894 8002
6315 4121
8861 10760
12240 13334
9817 7777
9579 14836
2449 5440
10172 3810
2428 9076
5416 601
14963 10936
12241 2694
4717 7139
13780 3881
14162 11186
7867 13337
5770 3513
6541 9533
11118 13721
687 7140
4588 12581
14359 3690
12555 4707
6645 511
1213 14413
14865 14829
9892 12987
14101 151
11858 3550
9711 6743
11138 3271
6082 10239
5239 9470
13147 11147
14431 3507
5516 5820
3607 799
11902 125
5065 5633
753 6902
9927 13626
11693 6489
23 3056
664 9150
2885 11955
10292 4180
6883 1620
28 555
13771 12180
5006 11186
5349 12553
9556 3671
2364 7399
4867 11609
2685 11753
1790 9100
5688 4994
2306 11066
10745 2637
1120 4537
7920 1695
11704 7871
4506 348
9693 9624
5475 14139
2237 8232
7570 355
3966 1824
14091 14530
8787 13099
203 9693
6129 1688
7213 14288
3962 6147
1507 13434
373 9708
4498 5370
8531 11297
6293 5573
13218 6936
13041 3959
7980 10703
12109 14400
13014 12024
12842 14762
13359 11453
3451 12069
13652 5773
8580 13568
7665 2456
8207 3993
12295 11242
5824 10603
4744 13697
4463 5994
8268 8598
6419 1270
1150 9087
8558 11359
8021 14590
9946 11485
8508 8526
4365 14193
5110 1041
8564 1876
4096 2824
1356 6799
11478 14055
3056 11466
13765 275
13663 13802
6622 5635
8668 7944
2561 7612
10091 1363
14154 4668
11562 2941
3916 9339
11848 14313
13292 7628
5355 2858
2810 2540
11237 14538
3392 13460
8248 3837
7238 5452
2722 14437
13629 10737
5838 9828
2433 808
13285 8520
836 6782
5713 9270
13950 2491
12030 6080
7326 13618
5125 490
4469 7844
9449 13465
3951 4795
4055 467
8034 495
6743 11793
3232 10589
1665 13390
12880 267
3641 3488
9274 2515
13176 1391
8314 14218
14950 5669
3630 2544
9976 4870
14672 6087
10819 7118
1726 6006
14043 1998
6441 4343
11581 3342
11382 13537
13298 3505
1460 10083
7745 2106
14680 6619
9062 11012
8706 8544
13668 6226
2864 3486
7929 10787
676 3078
787 13289
211 14117
13257 10146
11051 10190
5140 11327
7955 11147
13377 4623
1560 2946
12310 9073
4585 693
1520 11083
13089 13166
1299 4877
14848 2765
3898 7722
8994 3268
2809 5349
12510 14718
6447 7087
12697 14146
12433 13466
7481 13848
7825 10000
9253 10948
6284 12923
9247 7596
11278 12664
10150 380
1999 2900
6026 9119
4389 6681
14388 942
656 1593
3344 570
12017 12285
13971 11462
5554 2169
7964 4871
2915 3523
11306 13676
9811 4686
13332 994
3512 4565
4281 13479
9609 3613
8004 1011
12007 5516
4395 2972
23 3502
3906 7252
13144 681
3219 5869
2005 9743
1163 5429
3812 5840
4721 12576
1712 10330
12623 5191
2530 8172
9523 14349
12606 7459
23 11367
9734 10823
6232 13858
4331 11992
14031 11146
5001 14539
1914 8191
918 5937
1046 5838
5563 2026
12133 14117
10229 11574
4156 9551
9207 6910
9055 7283
3874 11505
12298 14024
11935 8474
14075 3147
11092 2594
11986 11849
10284 2942
14510 7102
7838 10820
402 3004
9167 1912
6812 9270
13570 3738
13532 8499
7963 11765
6404 5055
8604 9184
3310 9197
10881 9880
8268 994
10564 14950
13018 10148
2753 8030
5842 13556
3942 1078
1740 1360
11767 6030
14540 4399
9612 8007
11574 12177
3347 5292
6399 11623
4250 12498
9392 11296
90 7342
12504 880
2917 5275
11803 5439
14181 6180
4264 10821
14379 7067
6053 13345
1948 11784
341 1621
5846 5974
14435 10803
35 13858
9620 4634
1652 7632
8031 11742
13620 6386
2832 12869
14504 4022
4786 6131
2585 2228
2172 7603
4629 1352
13418 14535
4675 3195
2821 3577
7201 1264
12494 11464
1915 1794
7838 2894
7894 2649
978 13801
4107 10405
2530 4390
1829 12510
11620 5624
12243 9059
8094 1018
13814 9668
501 8781
13296 6183
384 6043
7818 8212
12587 11172
2875 8004
13881 2247
2658 12105
632 458
5177 425
9593 3402
4770 9583
662 14983
8250 8585
4281 4184
12686 2906
9956 10575
3692 9260
4480 10548
9371 6989
14357 9541
2267 12360
14165 14014
4228 5446
4938 443
5876 6466
14557 1845
5363 4968
7737 7455
9693 5483
14242 14435
5382 4191
14158 1334
4114 8813
3591 10920
281 12603
13041 7566
14364 14981
13774 7745
6030 8194
14589 2726
4144 13413
3665 7936
3770 4797
5548 1665
11215 11194
7283 7512
1705 3933
326 6786
10189 654
4999 1896
14962 8114
2393 14961
2017 4240
5714 4855
4212 14140
4840 3132
14328 6326
4012 3584
3714 5511
2934 3462
5794 10497
3655 6290
9916 13223
7815 4798
9195 7632
737 1776
10252 5641
8648 4378
14238 6547
7614 103
10109 8267
3770 6684
1472 4319
6023 3298
5685 11997
4064 705
5330 11997
8476 1190
525 14157
11771 2763
8745 6680
11354 3909
4033 8192
11525 14246
10062 12885
6111 6680
7814 5045
2691 1434
1235 11276
9137 4019
1912 7741
8055 6807
9192 3386
13498 12401
13489 9178
11449 476
11340 6098
2027 3858
9406 12683
13283 3711
171 7509
6988 1803
1573 8945
1732 5565
5454 6668
837 10586
1744 8419
14266 6828
2179 6914
7805 2764
5225 6121
5402 13295
3411 1266
5882 5032
13059 14421
1702 6754
2771 10176
1205 5622
10890 5598
6623 8979
14551 7131
10256 5670
14925 14421
9991 12594
6892 1912
14192 7000
13726 6444
13675 6604
12247 11285
6132 241
7336 4977
11888 8858
6328 12222
11725 10478
12725 7561
9406 4155
12868 1850
10179 14990
3650 4054
13597 6362
4805 13166
12382 13760
6883 12280
839 8582
9739 6435
3226 13655
4844 2188
12671 2522
13179 6197
6495 4388
8867 6870
8830 5447
13871 9294
14511 13397
13232 7042
4789 11368
13219 7150
990 13852
6544 11897
1084 12335
8696 7291
6923 2941
9739 10462
3459 13314
13890 9477
5542 14832
7289 2641
7831 14381
12967 9245
10188 7300
5485 14874
8283 12310
5425 5129
11163 1740
12018 9802
2817 4094
11889 1430
8349 9087
11337 11353
6554 2321
7482 11747
12308 5526
976 12552
5663 8613
7509 11888
11962 3103
5410 8899
11778 4987
6345 5394
6346 10042
7398 7826
10757 1548
2055 6066
5355 8312
7493 14443
1450 5839
13090 8287
9925 5989
5207 5990
11093 14958
4234 13228
1016 10033
14422 7929
12313 4462
3897 6190
1132 7400
9601 138
4912 4361
2549 8547
13899 6284
12000 11884
11676 13084
11299 3340
895 13049
4917 2246
5889 4680
4273 14735
11507 1478
12330 6684
14745 1689
8001 14849
615 12639
4900 446
4195 1147
7505 11470
8846 6151
5031 5723
7225 1032
7342 2826
13193 6124
12382 10341
4810 11945
14782 11592
7765 2453
11778 5379
11886 1898
11266 5035
439 5555
28 1641
4160 10287
7345 5328
2265 8671
13394 8690
4683 2189
3678 11873
10297 508
9579 5099
3212 3711
8185 6120
10596 14670
14662 12977
6465 4700
7687 8568
1342 1046
11650 7189
1341 14395
1092 409
10600 11000
7310 13781
14999 8872
2167 1074
12075 177
12164 1221
173 5135
12709 9360
2756 13156
2235 9043
1356 2103
9545 13414
6297 12172
10311 8210
1473 7063
9209 14203
2072 8214
8632 8953
14407 6800
1230 4444
1983 10385
10855 12109
5203 9753
4123 4931
13751 5051
8976 10857
6581 5940
11479 6503
5939 9347
10177 12677
455 10036
3345 9875
14982 5677
6109 10231
13259 2328
1681 9560
56 4879
10101 6423
14710 14206
13038 13272
6575 3630
160 7405
9713 11081
11561 11571
12402 5088
3534 4024
5662 6876
7849 5891
6706 5651
7711 9803
4603 8759
14609 10043
5306 3719
5043 13892
11967 11008
8147 541
7591 6330
14266 5
2951 3606
6172 13174
14824 4958
391 6129
3203 8229
8805 9617
4600 13527
14009 7464
11082 11056
4558 6447
5535 8216
69 2679
555 3860
13635 2683
1961 13336
13359 11092
12092 997
11863 9324
6207 10161
6476 13654
5891 13142
8131 13172
11651 9625
14144 13770
4070 3342
1267 8269
8081 47
7339 12178
2001 6059
5098 2252
14317 7578
13009 9664
4767 14592
7400 6988
11804 2555
8422 12267
9976 3353
10635 12041
10837 11487
2345 10447
9071 12873
4905 4359
14606 7443
2981 5328
6464 14903
7606 4985
6080 11956
12390 2778
8920 14567
6368 1877
4912 14460
13056 8514
5184 1337
4069 7399
1554 3835
3654 6019
13068 1378
7943 10766
1175 8788
11305 12453
3734 2604
1732 10512
1975 8970
2663 13942
12067 9662
8273 5708
9645 5254
306 9253
10790 10686
14624 2858
7107 2052
11037 2868
4378 6556
8810 3552
13716 10506
2317 6539
10429 12793
1151 9760
1945 14776
1107 14073
443 2992
3132 1788
1253 2649
460 12875
3137 8749
9302 1508
10629 3362
9576 7398
10304 9392
5703 1988
6257 10840
13681 8592
6972 6298
1380 11807
2849 1714
2699 7505
8641 7188
13994 11564
1053 13874
12709 14697
11070 8372
6759 5793
1973 9787
13931 4806
64 12330
4109 8269
5174 11188
14629 8125
5574 8819
11738 4277
4598 238
1435 9335
3363 4432
8201 14105
4239 1851
14107 11284
11274 13457
6782 3200
2680 14228
2104 4145
10995 8115
9872 13390
1142 5272
11812 7279
7241 6626
14118 5985
4766 1510
12535 14611
10037 9272
11681 10569
5787 12650
12610 3807
13462 11613
1793 7443
12781 11489
9768 14976
3598 4817
2688 8334
7023 13170
14363 1290
10824 1279
14486 14813
12010 4930
14315 2606
2337 8321
12123 3637
5 12724
9922 6504
10116 1434
12569 8984
5025 5292
10315 14268
11293 1505
5903 1358
11136 9435
4098 14882
13075 4837
12328 2361
5790 14001
7526 10087
12513 4870
11414 11097
4069 3531
7679 7822
8604 8327
11300 12088
10706 2090
6220 7535
9433 5371
6434 7728
3571 9338
5525 29
9304 6157
1109 10549
2154 1701
9925 5685
12438 6772
5901 10095
12317 14178
12684 8436
1151 6827
11162 12885
8177 4035
13213 14984
4685 11660
13038 5107
5773 6898
12026 11635
3455 1672
8798 9845
4379 13718
3159 2887
12475 9787
13543 6926
2167 56
2126 7976
9395 8959
3699 7706
7849 4152
430 11282
3603 8446
11163 8409
2720 3427
9046 3225
9721 9294
431 10649
3338 2273
1901 10318
3600 14658
3023 4282
240 2901
6290 14465
12791 10786
9086 594
5238 12422
9634 14885
8013 12847
11701 9686
5090 13723
4034 10779
8685 3406
8101 10035
8193 3179
8386 5062
5326 1992
10032 14854
1379 9283
9374 2737
7052 4313
5773 7700
8829 7182
2373 10090
6332 5338
6382 285
13001 5842
6595 3868
10653 4679
5346 7573
11030 8425
3642 14923
8382 12218
14569 9031
9370 5670
1619 736
553 14863
842 5342
663 14568
12282 13617
10579 10243
12190 8275
7131 12658
14547 6255
13993 209
6541 863
14713 13792
13543 9957
10896 10704
741 10550
7484 14971
9163 1490
4155 2140
9717 4214
6943 8342
2218 5434
10217 11420
8246 13365
78 942
12707 4930
11460 5844
12597 14343
4128 7342
1937 12723
3425 5430
3286 12207
13379 3590
2786 2380
10304 10294
14217 13335
2200 9876
30 1704
13600 3036
13848 13899
1052 4849
13983 14711
651 9636
1343 9020
12503 4144
2892 7169
748 9058
6534 7850
4104 8192
2319 5331
2586 2548
403 8310
12807 5366
14929 7399
11430 6063
1744 8235
14695 7087
14002 9733
14384 6178
11084 5162
4916 3912
1787 2330
7887 14323
3746 7636
14150 7533
5034 3930
12618 7981
5727 12890
3208 6378
6419 13684
4560 10828
10215 4157
14782 7814
2427 2321
2627 12827
5974 6482
7542 5865
7905 1489
13528 2728
6763 3201
9828 12597
1057 11476
3734 14534
5440 12570
2145 1583
13691 601
1070 4331
13914 5669
9813 8868
8760 7293
11732 11956
2575 1335
5527 5086
7974 1352
1057 5783
2080 8116
10647 7703
13197 1327
9442 3776
425 12847
14646 4161
6882 2098
14121 13255
9120 7872
12196 12566
3019 11294
3259 4653
3812 10337
7963 3315
7077 3338
4459 5916
8196 4977
556 4122
10014 13938
7914 14195
5192 8694
9740 3667
12263 5437
5980 3584
6033 8036
6487 9261
1970 3148
10234 5911
1608 6140
14124 5977
3274 2811
11270 1334
8301 220
658 13100
12868 2007
5323 8138
1694 2483
8276 8936
9635 8269
106 1537
9819 2386
11856 12746
5397 14626
6403 11392
5071 12403
9407 10224
8543 2022
5598 7629
13337 13133
6908 11471
13897 5126
478 13103
3291 3379
14933 6843
13301 6772
11016 12413
4790 12453
10034 1631
12955 13352
4384 6822
14837 2608
2728 832
497 14652
10315 8268
14502 7641
8319 4301
8820 9433
1651 8223
7396 2574
11239 9801
11705 5782
10400 12871
2638 14788
58 5142
6810 3877
4205 13401
11496 507
1208 8995
210 6981
7516 6593
13665 10335
2769 1241
1104 9968
12803 8337
4893 9246
11569 12898
11988 5113
11355 5026
10163 14593
8150 8128
1648 4213
9813 6987
1411 13184
3237 5858
263 9125
9983 8753
9804 11044
8289 4255
12640 2076
3872 1115
2254 11458
2607 3725
14634 8230
12772 7536
10094 13085
7596 3789
14759 3284
13251 11987
93 7636
437 7578
6432 2812
5498 3822
9068 4952
8304 4472
6793 13689
13216 2131
5186 166
5617 1861
6234 1116
3696 9061
11457 5366
9204 225
570 11187
3546 2230
14473 2123
9368 1023
1491 9914
80 4469
1225 13618
13395 4050
1168 10059
8762 1232
14556 11527
1877 13208
8202 10203
12567 246
5633 9536
1664 14389
13097 3045
7050 4830
186 4272
8561 7330
1844 7653
1360 8604
9511 11947
1521 4880
12490 11573
8285 4012
8453 10393
1584 2328
4895 9730
13230 10730
8666 12780
9677 7217
4244 3153
13399 3030
12698 661
4134 10830
13589 11029
11521 11379
2426 1428
8770 9784
4849 4800
2474 5412
11052 5428
2463 5766
9263 2093
13131 10391
14593 11368
10494 4477
10763 12014
6474 2487
5539 14725
7510 3089
5258 10592
6183 4479
14800 11012
964 3899
9604 9633
6291 9723
6987 4710
10918 11658
12223 2513
13138 3421
9390 2613
1142 2854
4354 1334
2630 5537
8208 8467
6805 5881
8477 9600
12984 11979
6223 7830
3917 1086
12182 12991
11673 850
3251 12516
9617 2984
1433 7749
3625 12591
1952 4224
7467 10054
5617 161
3252 8017
12935 8808
12000 3733
831 6510
5856 10542
165 11383
4775 5127
10251 13084
10951 11270
9442 12506
10909 11886
1685 3873
7069 7117
4058 11850
9423 5271
4040 6864
11631 10513
5344 13287
10482 9971
10277 11873
11340 191
1020 385
508 14384
12394 12040
14477 4763
4335 9253
5704 13728
14552 6775
3517 13351
8939 5159
13989 2883
40 9931
2648 14068
9551 7121
3437 11005
14644 6740
161 7226
10720 9550
2390 11676
4144 6214
9440 1056
9236 7539
2309 13466
3700 3885
767 9583
8524 7115
14328 12037
12774 13512
10463 7556
5491 8628
5295 5025
9087 12107
2818 308
11858 12982
13018 8772
330 236
206 13032
1030 1479
9113 908
3688 6279
8165 1839
6047 2313
7990 2058
11796 5379
1683 13875
13274 2892
2369 12402
778 1597
7788 10856
10268 3207
14823 2589
12766 10817
13307 8664
14903 10114
7048 9899
655 443
5889 12340
6928 4977
4512 4590
7525 11439
59 13722
12107 1625
10112 8570
3857 6271
2787 5736
9289 6122
9535 977
6528 2074
9095 2301
9326 10115
2566 13383
11307 12523
2212 6586
1731 11899
7138 71
6719 3397
10285 13791
10149 46
11662 4244
11309 10054
11741 9752
4244 5338
1221 10732
13039 4322
11590 5333
6116 1388
168 7287
11169 13432
5551 6091
6006 12202
6523 9174
1168 10978
6541 5153
12340 5051
1455 14590
8227 8740
8338 1182
10152 8485
13574 4947
1173 3844
6291 833
7546 2834
4404 2851
5684 10310
13608 8995
5495 14728
4164 8039
1399 14721
11211 10857
4532 12457
5742 9342
4356 7283
12718 13705
12259 3726
1385 10830
8462 12039
12472 13055
10225 110
12949 9307
7301 6506
1171 11132
13474 12936
13331 10109
12086 14827
10981 4536
4422 1387
14581 5156
3039 14037
6663 2177
11264 570
1768 8754
9644 2084
1370 7919
4165 4427
7306 3351
7755 5356
2058 3315
2127 7242
8524 2862
4586 13005
11187 11462
6073 11850
11072 11314
7923 2073
5683 14333
13469 6317
1308 3817
13481 2367
5693 7370
3890 7049
444 5858
11148 7999
7911 9975
511 1343
7790 92
14464 10007
14612 3085
7260 6400
6785 4538
14926 4745
7656 5153
13112 4171
13654 13345
1530 4711
4389 11276
13772 1129
11749 13676
11247 2265
6603 20
5605 7214
2960 7356
6874 4335
1080 14025
14569 36
3773 13058
2465 11827
12699 1112
13766 2816
8375 11160
9686 6490
8717 10027
569 2430
10479 7399
290 1080
10174 14860
5573 10142
4477 4052
12828 5010
7307 4474
14947 6531
14701 8624
9783 9027
9791 5593
8737 10887
3405 1966
12007 1024
1855 2169
4396 3830
9525 1228
2721 5213
14064 1502
13465 11505
7754 5879
6831 6440
7726 6082
12226 955
4931 13905
549 14866
12733 801
11275 4895
10019 1435
9031 972
14732 10470
12856 6210
14912 5931
7535 399
7251 4847
9861 10914
2866 2869
9206 14269
1103 8007
292 14627
14128 5466
7190 5565
12605 305
3545 5653
1840 2654
13741 334
6851 1929
3258 10419
13806 6358
11305 9283
10366 7562
3604 14596
9657 5043
2769 724
1288 8262
3158 483
9612 6170
3568 12553
7140 14802
5415 4316
10318 10508
14038 11022
9958 14454
14150 14274
13071 8011
3405 14886
5397 9737
3152 9210
10429 5778
9690 5938
1780 9909
14215 12870
9015 535
13583 3208
5516 8363
13035 950
10945 12031
9183 5147
10252 10614
12168 144
7807 14886
11548 8715
13479 13572
13650 11338
12640 8440
13738 10665
5499 13135
6896 9596
14612 818
11742 7444
10708 13666
5375 3314
10812 7252
8670 13137
6498 3957
11641 12541
4867 2652
3713 12084
3331 11705
12809 4987
12074 2113
9323 2529
10974 490
11515 7519
8764 2167
2391 1112
13855 6793
2135 9316
193 2696
14798 9775
1238 12979
12868 8932
14563 9649
3382 14225
1954 14454
10294 3723
14966 5016
4977 14923
12182 9410
7221 4208
5763 14
13701 11779
3906 8994
6278 2283
14345 13611
9117 12510
4364 6076
3933 10543
2711 13371
11799 11260
3615 1934
5111 5395
12664 11850
6030 6336
7598 12207
1667 11235
14951 154
13590 7674
14860 6116
8558 5497
7072 14155
1861 13286
2310 13328
12902 5998
12636 4283
9070 14682
12007 11833
8206 843
10179 7137
10045 8461
9562 3873
10721 8912
12474 1171
13957 3867
4255 14021
1272 4905
6034 772
1882 14708
11828 7771
5043 7236
14506 7666
11137 4768
3336 13896
8091 129
1687 686
6566 14281
9091 8177
1500 1845
9538 8221
10920 11459
10502 11635
2870 14967
8846 9316
13989 8548
8083 1872
10051 13137
7144 2030
5069 4612
5325 14830
3261 3782
6139 6174
9390 1342
7941 12512
13892 8591
9721 11778
7681 12610
6031 2781
11777 2782
9908 1386
4360 11289
8272 8891
4445 12849
9974 11536
12972 14083
14050 10642
6398 6212
4463 4534
10287 2534
2707 14118
10504 2775
13457 12053
5471 4228
55 11337
5560 13934
5481 3394
60 10547
2354 9236
11452 1088
13329 3282
8976 971
8089 3530
12250 13436
6909 1168
12482 13580
332 11174
9031 7279
9135 5081
3829 5119
11288 3308
9984 7379
12078 8905
10766 11412
14124 14839
3577 7682
12668 14537
163 100
8165 8880
2666 3629
9014 6009
5153 8542
8712 12148
8372 493
711 14822
11464 887
6133 3650
13137 6068
1538 13245
119 9427
7402 4579
9698 8398
5550 10224
6003 9632
917 4886
9606 2551
244 11113
4550 2140
8936 11950
3134 3950
5052 6486
12628 3032
5079 10945
11199 14633
9066 13740
2368 1040
8071 13023
5746 12860
8417 9821
14939 6462
2650 12923
13479 12165
9084 2455
10755 14528
4077 6711
9971 9779
13037 14002
14178 5663
7306 7002
2401 3919
14920 10771
8864 3748
4175 7253
10053 2825
14280 6181
8456 2680
14352 6646
11747 13838
3806 13887
3162 11483
13000 10633
261 8041
12171 1659
3174 9918
11572 13797
4631 4477
4607 8138
10131 14476
12010 14151
2316 10865
11120 8332
2183 12749
8325 14863
6411 6432
10807 13898
13093 13665
5984 5567
13581 1094
10370 7285
9388 5831
11361 11746
10987 10910
7349 10651
11606 12536
5411 117
1747 4326
10872 12265
14095 7185
5977 5998
6438 6854
6055 10192
4455 13273
12586 9858
5550 9754
14210 4859
11164 2607
13439 9001
13279 12580
7478 94
11452 1140
8841 8982
2079 1014
8074 4849
1896 13534
8689 12386
2802 10641
6865 6838
4233 10365
12483 3594
9246 10304
5803 7628
13777 4417
632 9181
5726 10967
10276 12484
4024 6314
11250 10971
4738 8361
9867 10048
14169 12529
14623 14274
1663 14072
57 14020
4067 11492
8553 2260
8383 14130
8977 11146
13521 12583
6646 2821
14285 5824
14641 2249
725 5281
4075 304
6327 12304
1926 3123
11844 9202
12217 1481
11762 11781
8750 8544
7430 791
12460 3169
427 10504
14610 13059
12046 10087
8478 5898
14397 237
13369 7936
9033 2508
5990 9416
14333 319
4923 7406
3281 9803
8268 6550
1791 5246
13856 6344
10927 13388
9782 2341
12078 12580
8821 8440
14723 12304
11060 757
9965 5079
4363 1579
3699 7035
12487 11059
5732 7532
10606 13908
12746 1822
6493 2848
3758 13482
9537 5992
10730 1886
12428 3242
9090 14880
6553 3238
3443 10733
10379 1781
2666 9017
13052 2364
6069 13304
12204 11225
11682 2344
10366 7863
10415 3948
8685 8769
1552 6723
6870 14601
10783 13504
14269 4292
8489 8776
14258 739
6156 5921
6276 7965
2857 2628
7025 10431
6014 4180
12287 8198
964 14510
6239 8406
5437 197
2153 8509
14372 1416
1790 3552
11537 4568
9855 1406
9557 6979
9306 776
4200 7140
9622 10157
699 10798
4083 8987
12979 5620
14264 11788
6568 4700
8183 5316
3266 8191
13104 5564
2673 12610
1419 14241
1522 2872
5211 10608
126 8503
5448 8693
9001 5370
12436 14379
11331 2512
13203 25
6982 153
8279 11487
4931 1514
2014 9631
5005 189
11779 13770
11230 8895
5365 2263
5580 1664
2207 12833
6388 7625
7999 10761
10487 5034
7952 14507
11497 509
7207 13227
1788 9815
2734 8313
14159 13549
810 6999
14416 15
3915 772
3437 5771
238 5738
6706 11516
7038 9937
1030 14270
4481 8388
11199 12370
12786 11243
559 3509
14486 427
8283 11398
9437 1867
10398 10816
14250 14761
453 1966
7797 1603
6145 5034
10020 14957
5647 14626
1799 6609
5768 5521
2220 6814
3694 7381
52 4668
7264 6217
892 1844
700 13435
12084 12595
1858 8089
2297 12455
13185 1432
5421 88
10728 1804
5276 13441
8006 13016
9197 14506
4280 14481
8740 6137
5572 6016
10062 13285
7624 2305
7303 1840
7651 12523
3650 4622
14005 9718
659 1991
10130 4545
10663 14252
6780 4578
4787 8385
2101 13604
4121 4827
13289 1659
5653 10637
11311 7372
4010 12843
4103 1070
1211 13648
1410 3309
7894 7006
8385 11898
5410 13889
7165 3332
14408 12083
13868 6885
3480 971
12910 8362
341 11307
9439 81
5775 1131
11003 5334
11903 4022
1328 4355
9441 9020
8421 14535
4829 14285
4149 3831
7999 2466
804 721
2855 3298
3856 11305
11846 916
7290 4032
10225 5256
1827 7197
13306 2217
10832 880
11001 10683
12803 13850
2497 576
4892 2382
2038 3316
14704 14479
1000 333
4420 6254
12887 9513
10840 14536
12276 11894
5315 4087
5106 734
13336 14542
14653 1814
8163 12124
2891 333
6970 6528
8827 12260
1121 7614
10156 5573
8575 14199
12790 13874
3144 776
940 9331
1510 11665
14008 13666
7421 7234
7610 14655
7612 3852
6655 1321
9981 14858
4797 13065
106 1237
3417 13559
11168 4559
1489 3732
3973 8278
14660 14545
3462 1876
4307 2213
11258 4335
9481 4467
7878 2328
2190 998
9009 12204
4164 10211
3811 12801
12146 14885
7062 7476
10162 1871
4955 3728
8958 7535
8617 13663
4497 6360
1527 314
7745 16
9944 11356
8649 7624
4015 3872
8838 8089
11265 10074
5674 3646
8193 2539
7225 14813
10264 964
2256 11894
9502 2308
10028 2044
5939 6541
9494 2197
434 2324
1686 12147
7670 7788
14633 10402
10503 12496
3052 1527
12268 2951
2659 8081
898 4178
135 9045
8093 9841
5066 1308
4694 3441
10482 14991
6414 5471
5166 13467
10059 3356
741 1504
8911 122
6691 2790
1579 9187
8729 11953
1387 9754
11626 8931
11346 5859
10737 10619
9171 2065
9649 12271
10291 5262
10970 6321
7832 3785
3559 14414
975 2184
3272 11695
9945 1654
5359 6872
4494 12512
5951 2444
6038 2132
13285 8394
3508 4589
11670 6483
6860 12433
13103 549
10974 6174
5063 12528
10595 5402
14199 13996
11930 13716
11735 8643
6069 6880
1514 14447
162 9329
3538 2608
2879 12746
7036 7064
6260 14289
11689 14798
4451 5371
10117 10331
10035 1396
11888 5116
1360 12396
12173 643
10581 10917
7682 11740
10377 3085
14565 11463
14865 171
13147 9246
7128 6897
10227 7360
14590 8407
4057 8857
4306 14289
13356 10444
5461 7601
6123 123
5098 14930
1365 3422
13453 7918
705 4598
1876 13022
4554 3704
2705 11825
12766 14347
480 14202
13780 6666
14813 5752
2905 817
6914 2388
11106 6835
2976 4422
10132 14651
8981 3332
5794 5853
12427 13372
10509 5187
11355 2461
11850 13944
14367 12367
11954 2514
11889 10541
11756 1856
8731 8437
11621 12634
9217 11996
14680 7953
14046 7847
7757 4147
13739 9751
1449 9504
12308 10585
13790 1357
8572 14334
825 14147
8696 10513
270 7153
5742 11901
4282 14725
11412 14134
13768 11260
12792 1764
6549 3745
2642 5704
2936 3845
9608 6486
433 14020
13933 9016
12549 14043
3273 11627
1094 4351
4848 1177
10306 9104
10466 508
11498 3335
13341 4875
9226 14031
6427 6939
2146 3447
2618 4119
4941 9183
11508 4883
5020 4889
0 8200
11506 10743
10831 7764
3559 9629
14436 11933
9422 14042
9375 1621
12046 3557
9069 7133
2025 8796
2384 2021
12602 2165
8744 7471
14394 2904
9219 878
14650 7050
9492 2040
924 2871
13141 13476
5132 8486
5518 13219
4913 9379
6210 3847
10713 3761
8015 14449
2745 11998
10438 13351
2259 5252
9642 10900
11812 1460
8662 8956
999 32
2703 4543
11026 3903
11854 181
8849 9598
7784 8757
8545 14351
12356 4444
9035 7229
5997 12799
10602 3883
8772 6872
4245 502
12464 7839
5111 7665
6465 6896
13924 3674
13743 7742
541 10209
12246 13875
11737 14938
12985 10915
4072 4490
2022 9704
12293 10309
14706 1090
11495 6815
343 14878
1606 6358
6678 10974
4634 4484
7051 8498
7202 5995
13700 6268
10847 11169
9034 13440
11602 10113
14106 12575
6670 14794
10580 943
6373 3768
3670 5157
3448 12692
9357 5862
11521 13817
13903 1632
12730 8738
11966 12075
5883 1734
1976 14906
4216 10357
7543 10142
7588 6332
6408 8856
1305 8221
4232 11160
6542 2207
2413 14068
9064 8844
9145 4415
3069 4207
14186 13740
14686 12900
4955 5798
12850 4347
654 5432
9595 14461
218 2198
13239 5048
732 13716
8410 2952
8491 6965
4657 9143
2151 803
12887 12444
1726 10618
10516 10106
2268 3686
9665 9592
4557 9224
12395 12966
9174 8776
8724 838
5719 1103
4740 12733
13836 4402
12740 3559
3210 1576
14350 10073
11808 11295
9103 7393
8009 3550
10825 10295
14141 6860
11746 14019
9392 2309
6914 12789
1870 1640
8088 8298
14079 160
6964 9083
11920 3055
6654 2704
12169 13063
11672 14953
14695 6613
13928 6909
10514 7789
2199 6008
2826 801
12905 2436
7688 14835
8977 8906
1358 11659
12984 4685
5359 13337
9098 6079
12600 4326
9847 1250
11210 3708
3828 11998
5615 11004
10708 5289
11850 5797
12461 3451
12032 7326
11157 13326
14807 2197
10516 12795
1585 14087
6059 12544
7213 11315
9665 11274
8653 9946
10295 4467
7711 13712
12136 10340
8066 599
11859 9163
10941 7028
9595 12620
12345 7852
11884 12018
13994 5803
13849 6097
4335 14769
1895 2284
6875 8082
12437 797
1423 10373
229 14560
11255 2382
9164 6589
1717 3785
3997 1578
13692 2125
10548 13298
8205 5771
3563 10988
11125 6102
393 1066
1162 14664
1022 4557
3513 2511
1591 4398
3196 3225
11479 8557
13647 13499
12842 8634
6096 6890
4159 2239
222 6663
12229 766
14754 9580
8196 1331
3893 12696
3224 4417
14220 1594
11249 12324
7741 9022
4261 575
1450 2059
9894 6239
10361 4376
3430 10343
8300 10979
11383 3800
13131 1520
3605 3036
8989 10325
10373 3533
4911 13173
9919 4773
2231 1403
14588 2047
4135 14809
12745 7724
7616 2180
151 7030
9852 5645
8965 10924
2128 6864
5339 12596
4892 496
4661 866
8210 9751
8928 13609
14345 2010
9827 13338
7694 2001
5643 9955
3094 3087
3755 940
