8000
8222 360
8953 12412
6637 2842
5326 14232
5670 9233
336 767
4063 11705
8937 6723
4120 13502
3610 12029
12552 6493
11241 11728
10216 5174
1076 13254
11209 9022
5458 3817
5119 94
693 14146
7097 9624
6145 7673
484 6776
10877 11923
8547 6514
12738 6633
7459 2336
9288 2784
9927 568
9684 6794
12031 4056
9478 11638
5825 12341
13327 12813
172 13793
4609 11791
13319 5903
5293 7473
9852 9094
1060 5621
10393 4677
2331 9230
13008 7167
5382 4971
1821 9044
4739 595
14632 3166
4234 10810
11145 13669
8058 4394
13782 1817
10950 10914
1005 2282
13818 2037
11429 13376
9416 131
3642 12114
612 14969
7131 10818
422 11620
5282 8049
11155 5481
5406 4873
13860 2936
14726 1025
5938 9651
12558 9288
135 8829
5577 12870
12147 14708
4762 1142
5344 6750
793 3484
11226 1229
8246 12578
12167 3553
13861 4087
7544 3674
1922 14420
10734 10735
5978 8182
3184 7704
7198 8450
12833 3752
13730 10653
10016 13540
7692 10042
8739 14966
463 2317
14723 11844
14838 11668
14028 6638
9071 6526
12381 5610
6898 289
9534 2445
2356 14753
3190 9959
12019 4219
11061 4767
6784 1210
6917 5761
6530 14122
13705 5526
7791 3576
10898 2482
7565 3533
4596 6310
186 6551
5701 9514
7039 207
6538 3972
5416 8290
13906 13412
12174 7396
7865 1611
4460 1758
13077 9423
13615 341
3667 519
10916 7293
13674 4882
2843 935
784 12153
8200 5694
11173 9504
4743 3552
8447 7693
13604 10824
7047 12646
5384 12119
12857 285
13440 8926
13853 11993
7208 7933
6208 11232
10996 7481
1103 4484
6223 5092
5021 2345
7444 7624
10963 8421
9433 9986
3536 756
9955 12590
11417 1353
3501 11756
7634 3913
9825 6472
4095 3993
10122 1362
14160 13468
6885 6254
9052 6551
2217 6317
723 13291
11274 3566
8105 10254
12671 11895
12778 7749
6286 1027
12646 2600
9856 11876
4506 6331
3407 2583
7217 9771
323 12029
9074 7077
14857 12900
356 2851
5727 8569
2493 7027
12864 10632
1462 10285
7230 7420
2558 1762
1105 3532
14544 7853
10583 94
5890 12099
7231 8521
7615 6168
3958 2546
8202 1502
1690 12001
6893 4826
7347 8818
14109 1312
12924 14701
14443 14157
2596 9310
7750 13781
332 2291
402 14563
3870 1866
7552 127
2028 4356
6347 1924
9219 9168
12181 4303
8251 13909
6495 10156
3655 12284
12678 5850
401 13585
7655 4450
10685 1319
94 4821
8315 793
73 3614
14892 4566
10932 1234
858 4110
5162 9535
2242 14949
6575 11592
8229 11342
11174 5678
8662 14153
3145 904
6593 11267
6969 5123
9284 1456
6006 2360
7764 1224
12382 5814
389 2271
14104 3855
1668 2332
11908 563
1366 5170
12995 7791
10625 13907
11896 13348
1358 4899
6671 7273
6944 10516
11578 2256
14188 9299
7299 12667
14188 9733
8652 4198
8096 2839
8095 2793
6373 1779
10331 730
3453 12595
10081 3966
4827 197
9488 1930
1245 5086
5740 12156
247 12881
9211 10081
6693 10535
4895 9810
14519 3584
10219 5135
6230 6198
7180 2070
13552 7583
12593 10944
5748 9453
13356 14019
14804 5317
11463 900
8359 7866
14180 10299
5216 12253
4529 7019
10723 7861
13106 3692
358 14907
10169 12308
7224 12597
9290 1639
11069 5536
4849 9606
10822 10906
3936 6626
12770 13755
4207 4577
4639 6257
13413 10623
4266 7993
10856 3551
2691 12529
8646 12511
8645 5033
11473 5601
1816 3481
6735 2157
9550 5329
13789 5415
5087 1332
5932 7323
9114 4019
3244 7287
11385 6747
1151 12896
13439 2311
10941 13683
2133 6652
67 11825
6565 11454
4999 11387
6073 8192
12932 6271
8115 8424
13260 10128
14047 11072
13428 4719
6162 8635
9529 13251
11116 11348
10309 13158
11488 14101
13775 11687
180 13827
3179 2351
4545 14
6820 2246
5831 3686
5472 4924
8562 3405
11313 13456
9319 2804
2314 3548
10180 7740
4622 2946
4473 2428
5158 12371
9754 2668
2575 1328
5344 5530
2068 12058
7227 14606
3867 8590
14140 5114
4220 6094
9237 13104
12239 3714
3247 6437
11324 11470
846 4299
6733 12168
1682 9498
13173 5697
2450 1910
13454 2355
9210 24
13414 10096
12063 3718
13928 3044
232 13722
6630 7763
9960 11349
12310 9396
4722 14396
12372 96
2202 6259
8175 1819
7037 10558
1853 11040
8287 7730
2160 133
9132 13463
9611 8249
10077 11227
13311 10876
3338 8000
1751 7180
11260 3420
4832 13500
10095 4337
1268 12295
14353 3523
11262 10288
14782 2692
14017 11219
8718 11311
5855 156
12695 5199
10950 9264
12927 2165
9043 5431
3796 9999
10269 10159
3485 3014
3334 4606
5044 10248
5030 1872
14319 5858
1196 13215
8080 4900
13862 3647
783 11669
4693 7938
7896 6315
13410 10378
10794 9041
6495 10843
8907 4972
10247 2282
13663 6306
833 3418
7000 5845
12640 1003
3551 13190
13804 4543
12810 10443
9426 11149
9362 4483
6701 12682
13210 1464
8167 4277
2826 11055
6128 6466
6317 11701
2585 14574
8742 13123
5377 13985
7576 5948
6423 9146
10686 188
4458 2820
149 1936
3790 8072
1502 13461
8757 6582
8735 9668
6028 14211
5209 9311
4400 11888
68 4548
7043 8761
13645 2535
7597 13377
13348 8496
10180 8403
11748 726
5230 8215
6944 13626
8557 12502
1469 11746
7513 315
14697 6019
13790 9087
1186 3328
7255 2127
3841 5686
7146 1901
638 12159
11535 5875
5337 12278
12389 1531
1800 13269
7188 1036
25 3252
13994 11612
4412 2672
13584 4321
11427 5073
4645 12156
4121 10811
6783 7427
12966 12296
711 10649
13921 11272
5303 1804
13262 13661
2961 13506
8328 4432
5920 4296
13173 1481
6603 10536
917 1573
2218 4384
7594 5382
1062 7768
4071 13039
14691 4427
896 9185
5652 4987
8474 13128
12985 13423
2199 10344
4296 7921
3201 10464
3841 4188
8799 6986
10128 8490
4499 9057
281 12094
825 11604
2266 8471
14135 4828
10221 2455
5214 1221
11104 1440
8770 8197
6980 12034
6987 13298
10634 11252
2166 11696
2310 6764
14405 7469
14284 722
14384 589
710 14293
12941 11241
12006 3422
12765 6701
202 10210
4446 6221
2320 11030
5298 5389
10228 6659
7117 14856
3394 13674
626 7678
12679 1021
9129 4603
7185 10459
4861 6567
8126 6523
1260 3310
1855 11570
10442 118
13344 11794
6202 6185
7922 9385
12226 4288
3038 12695
3823 3549
7703 9289
3084 909
3007 8266
4213 8621
1035 13945
749 14458
6711 13611
10050 7029
6052 14180
8368 9544
13339 14455
3500 10386
3648 12299
3469 4876
12992 2233
9827 3111
7371 5441
5416 6437
8600 11086
2699 11592
1627 12428
10569 12391
5573 4362
52 13845
14876 5296
14036 240
11975 6303
4515 2592
12598 7243
11803 6276
13327 11398
7172 10193
1374 1204
5380 14462
11136 992
4954 10408
1645 7402
13750 3273
2082 7109
8773 4931
527 802
10488 13645
12375 8803
418 5531
8788 13988
2673 5247
11312 1634
728 12384
7428 6548
8965 9206
2750 11018
4508 10267
12607 10758
12968 9249
7625 1345
13138 9056
12550 1017
13149 8815
6281 8176
3939 7230
6838 14432
8203 508
4932 314
9807 7477
13076 10009
7186 6249
33 8941
6408 7958
13809 4499
14969 10980
9412 14039
14230 13914
13218 5414
3556 932
7048 153
1918 12456
14481 2313
2663 7220
8574 1867
10909 6984
194 13434
8921 14480
12570 14167
5865 1961
13739 10811
9680 9807
5870 1005
3189 5094
670 13044
10473 6220
10548 9952
12038 9295
12527 7961
10183 10438
213 5
299 3157
6142 7851
10706 14569
3899 7319
7680 3522
7988 8757
7542 13736
9726 1966
5515 3409
1388 12941
913 33
4943 13325
5364 9962
5700 12761
7826 6846
9567 2247
13228 6388
6826 594
2282 2710
11533 7839
11051 6917
13802 6221
3183 77
6978 4187
891 14434
9989 6399
12383 8518
11377 13384
5963 3324
1601 9711
91 5909
483 9064
363 1757
7847 13117
682 12251
5171 461
8721 5587
7175 8493
4546 5346
1183 7160
12161 9316
10360 5914
2637 5405
3693 6470
14948 998
3635 12575
6200 1015
4302 12542
12054 589
8255 14170
5076 13675
2150 4933
1494 2801
10264 11362
4638 11909
13809 4171
92 11962
6577 11408
954 12204
8242 43
554 4946
6089 9125
882 12258
9203 12490
11808 10332
10808 13422
4889 15000
8085 3971
7251 1949
7583 7452
2100 3970
4992 8180
7442 3854
6228 11012
5734 2943
2300 3870
6161 7595
895 14299
12715 9326
8561 129
6139 7437
6148 449
7080 2331
9165 4101
11806 7428
10084 785
12153 6833
5202 5124
11422 167
3047 5890
10624 5145
3008 11932
14972 11280
14059 3538
14050 14962
2788 3828
2674 2091
10837 1714
1990 1600
327 5831
11317 3736
4628 8053
2108 7357
4397 6102
6934 8684
3742 11013
7532 13334
3068 2947
8596 1630
5005 7129
11942 11762
11715 9802
12243 12587
9993 10186
10838 13678
9977 5574
14070 12717
1441 12991
124 14828
2909 12055
643 6782
5610 10095
3067 2792
1847 2073
9119 3969
12133 7673
363 2798
11732 10159
4037 5250
1237 13528
13568 10726
8356 418
1170 444
10561 8999
5523 11272
8128 7815
6110 5429
14570 8421
8959 2091
1572 4575
229 994
9404 11999
2630 14436
14910 13882
12888 1544
3014 4848
11408 5142
11124 5225
3389 14966
11159 3484
13768 1247
11970 1703
13496 3916
9590 3717
9998 1349
6421 9006
12583 3313
11547 12580
9887 13275
2413 3007
4225 25
3972 6178
5993 7243
8467 895
10110 11449
7146 9596
6940 11378
12897 3936
9094 12735
1098 12826
8141 2315
12513 13332
23 10
705 3850
2570 10818
10764 13577
12197 7498
1291 3131
8820 14272
1118 5263
3538 12914
618 11287
6727 13348
7715 3161
9753 10591
12955 3908
2954 1283
354 12919
12114 3217
7897 12363
7755 8846
3835 4371
14046 14809
1986 2056
880 8779
3468 3821
14621 14312
1398 10587
540 14247
11002 14594
10070 13516
3412 4491
5528 4926
11172 7194
6253 4026
8906 13493
2294 9261
9329 589
1272 10968
11740 151
112 9771
6645 2296
9719 8231
12603 14901
14117 1917
7289 775
2131 3284
10913 10076
12505 25
8578 9014
9492 13998
1535 14466
10690 2261
2702 8743
1849 935
2610 3709
9663 6349
11443 5353
11179 11469
11990 5981
5405 10091
14279 3426
7205 11864
7854 2722
4000 11927
6140 4594
1822 7104
7803 12908
1122 607
11058 14535
7861 13617
14491 5711
12768 3569
1231 11975
7400 13776
10199 13171
11693 1693
13347 8584
1276 7560
8403 7018
13809 5297
4507 4213
10687 10887
3586 2538
1313 5761
8272 2368
4831 2670
8908 2089
7751 5954
1096 3882
1590 14418
276 8032
11053 9389
1706 14617
1980 8349
10717 8074
4330 2110
1474 8493
14279 12815
11413 2121
9342 14078
12211 1247
11100 14395
8147 413
13032 3274
14003 9
10406 2925
969 9003
9619 14159
7410 14230
13542 5237
6221 5387
13864 11788
2208 11243
10736 6892
9737 682
3076 6531
3211 7332
2016 4691
9764 3354
12739 10266
12349 5962
7502 7983
5350 12838
14852 396
2725 8255
5411 8435
2712 3572
5536 10734
3196 11042
13687 13016
9724 12932
5812 9944
5061 3056
13847 12686
5210 1496
12780 13128
6571 14208
2155 9451
4746 14982
388 3220
981 8605
4591 10683
5363 8249
13010 8763
5052 10811
14885 3172
3167 9641
11634 14449
3058 12342
10741 9843
9956 1644
3213 10074
12432 1104
14232 12786
8364 3084
9340 1189
9799 1689
5611 5575
8626 6192
6141 7829
302 57
12165 14836
857 6765
4278 6533
2599 10569
5554 11057
5607 7016
505 762
1815 13061
14560 11281
11946 11014
14317 7292
647 10952
754 12194
2911 11261
3429 14837
11103 215
2656 7291
5847 10603
11250 11189
3893 14097
11483 310
11003 965
7289 10503
13506 2713
14229 13626
2465 2833
3190 1881
1582 1988
12418 9914
8113 4681
8013 14955
6176 12347
9004 1045
13513 11628
11820 9465
12425 5756
5929 9543
11575 13137
11272 4728
11532 3769
7199 339
7979 3380
9 13212
12877 13578
2392 2028
8467 7131
6123 3149
3057 909
9369 12289
14444 11529
1732 2424
9967 9874
855 12552
10196 4474
5163 9493
9476 6321
10298 11173
6510 8053
7994 11350
9626 10626
13752 8289
5569 7077
3023 4472
4827 6526
7988 1884
1692 6031
6710 4290
10790 7868
12931 1134
5006 5266
5605 2435
10178 14179
7249 1431
3354 5836
7467 3392
5371 7511
8777 2683
1328 1069
7969 6792
9728 11931
6218 2941
13171 6955
6556 61
5036 10167
711 14253
9333 8466
8307 3021
10392 12134
3537 9688
10796 5653
8108 2627
13125 5197
14598 13599
5678 5567
5721 6571
4817 1477
8642 5926
13424 6537
855 1064
38 6138
12091 5703
10721 4503
11280 7621
6407 12483
11991 4661
5144 6232
899 5350
6708 6689
3439 5493
14752 2607
110 13313
11154 189
12166 4236
678 6199
4857 14256
1304 11200
800 13838
2020 9944
12043 8001
14219 13111
4215 5569
6808 12779
2005 932
2999 4395
12761 14842
13852 5893
3422 5762
5490 8271
6087 698
3224 979
11677 10190
4246 12138
8996 4064
6500 6583
4095 13546
9774 5286
12428 843
2079 4502
13642 2484
12655 5183
2478 9967
125 12230
3433 10455
18 12771
11327 5431
3929 9778
10620 10595
10954 3817
12400 2637
2745 5966
3392 11586
9934 9659
13734 13657
10743 11629
13727 4192
8143 11845
11454 8124
4972 9852
533 7337
13729 11690
2952 8809
752 3661
12167 13937
14923 12160
323 6788
8693 8950
9635 10895
1669 12449
3628 745
12399 4084
3865 14003
9577 6669
307 309
1839 1432
1970 13321
11634 6254
7817 12797
3883 9322
11702 13561
2257 7337
6128 10558
7893 3747
4723 12364
7832 5880
8785 1987
4632 8148
13481 11438
4336 3875
4292 6025
12064 8461
3590 200
14777 474
7977 3158
7517 3525
6288 14220
9856 11494
14757 10221
10115 12117
10646 1701
11062 13407
4896 3877
3724 9354
9230 2633
12011 6774
3676 3521
10138 1802
4349 10390
5499 13285
3262 11681
821 12267
5396 12469
9672 112
9017 2123
13078 9002
4884 11672
13164 5979
7755 706
3859 12406
7922 14112
8812 9518
3357 8626
6675 12227
9818 1670
11959 5878
3721 9735
7499 5734
7287 3984
11415 13451
2211 650
12404 5062
13685 4235
10260 10286
996 1721
2089 9451
5595 13950
2573 4917
7119 2334
9378 227
4640 8010
11341 5701
3814 10069
1559 11672
14522 3062
4705 11342
13619 4012
13401 14019
12653 12389
9438 6569
7609 14801
4509 14432
2411 9432
13301 10484
14080 13274
8850 12380
13629 5015
1899 12403
5943 5582
5361 1286
2270 3038
6816 13320
6713 560
10594 7631
10854 9531
8686 13924
7153 2483
8571 11788
1672 4233
9169 10723
10016 3724
12739 5358
5552 9582
2929 12461
2141 10641
5829 4985
3779 3910
3165 11860
11433 14138
8537 6393
11299 7001
13890 10052
14539 14498
4094 5707
6597 1590
6341 6639
4737 11811
4915 7977
2804 7595
13728 3279
10061 11172
1053 6696
9516 4510
1396 9431
11202 9427
12879 5960
9742 10419
13253 2482
5240 10159
13719 8383
8845 11094
1925 4409
11406 11889
3372 7567
10790 3279
7718 7645
8012 10218
7105 4596
5298 2284
3171 12056
2971 4376
7466 6272
8926 13628
6683 4428
11473 3362
12138 7524
14248 11089
3843 5233
518 13260
6296 439
10204 2007
8961 10729
11766 508
13580 406
10304 14537
7123 6671
10943 14120
10581 904
3389 6782
5065 11132
2144 14340
6545 14292
14553 8777
8688 13686
7182 13636
3380 6105
11558 0
4740 9710
13034 13200
13040 14922
3841 817
7807 8347
5363 748
10307 13329
179 3703
5104 2478
14954 6407
1524 3783
5300 1852
7446 14255
11941 11815
9827 3283
8738 11551
1639 4894
2119 14
2720 11968
6777 8511
3323 10831
2239 7808
8715 10099
10116 14257
6358 5673
11661 6824
8649 1368
7348 573
9154 8756
8327 1946
1028 8497
14301 3069
2769 1380
2584 1310
14314 13440
9311 6331
4282 1795
11867 9477
4966 6074
5345 6432
366 10032
7738 10612
6280 867
5841 6988
12203 1600
13199 1809
9962 13084
5933 9709
12895 1408
14515 13328
11884 14618
10255 11325
13593 12460
9972 4247
3440 10084
7898 1341
274 7549
12096 13601
14794 1307
1042 2751
12785 6373
13585 4332
12469 11261
11198 9750
14848 2508
2799 14636
7670 3621
9331 13288
14745 3545
12296 11138
4872 5436
12201 11057
3314 8665
6831 5005
11061 9902
6055 6503
11247 9293
13591 4666
4839 4693
971 11967
13161 8645
3367 12231
3634 5323
5874 2236
7842 2243
10153 1086
819 7279
14139 13956
9713 8532
9767 4120
8322 8502
1260 2471
7346 14466
4648 12332
2781 74
5682 5681
4660 4610
9705 7377
5013 14185
3937 11331
13065 9046
2082 10380
8553 7599
10952 10620
334 8582
7110 14337
3558 12949
9742 10485
5032 9512
432 4720
7709 4375
14911 8647
11387 10018
5885 14097
13138 6086
3171 7868
14035 13182
14397 8761
13589 6511
13493 6912
2571 6415
2714 12036
11665 14020
4041 8205
9178 7446
1274 11672
2877 7128
4232 1855
5391 6339
13402 10819
13642 4589
9170 13788
8773 13187
6421 11871
4579 1716
2269 10448
13019 14391
1567 5325
1611 3587
13085 12303
2619 9863
9766 2056
9987 11608
8571 4425
1742 14536
4097 8230
1261 13158
981 8399
4947 9666
3173 6089
3321 10001
10087 13789
3729 5504
6712 11008
12382 13698
14445 5188
3182 9703
202 8193
10549 7791
2707 8894
14576 12953
8625 4688
10157 2831
3970 14936
8615 12912
1215 9080
2936 10698
11651 6807
3521 10332
10451 1542
11592 296
4255 4536
4053 11265
7296 3763
1418 13633
10334 7103
321 2577
6595 345
11838 4115
7223 7735
13187 10092
1247 12713
2773 3479
40 13678
8948 5490
7824 5324
1943 9178
3405 12664
5852 13194
9599 14183
2066 4434
750 1038
4512 13204
9506 1367
11489 10312
7042 7579
7517 4228
4919 5723
9018 7307
14036 9407
9342 108
12922 1941
8142 14446
8811 9731
3448 2321
9083 13175
4526 14969
10923 7926
5535 13863
11024 6273
12839 9962
9533 6655
4604 11254
14689 2909
10748 11661
5531 12818
12188 14794
5514 10941
13388 9654
383 11041
3845 12
3096 9037
3903 1124
13042 11418
13877 9499
11246 1144
9355 12501
2185 3867
4527 12083
4099 1895
2926 6324
6979 2062
3596 11674
7510 11872
9189 8486
5569 14328
7068 3603
633 9512
10860 9071
7143 3342
11565 10762
5065 11881
9800 1387
8397 653
12472 10921
6076 4741
234 10442
7951 12691
6479 7113
8397 9621
4646 3330
4659 3312
12486 10606
4076 6440
4335 10555
9697 11201
14076 2370
9180 10395
11945 10314
10301 4501
9125 9811
11688 4511
13274 12307
1952 3377
9632 11853
2646 8445
3694 14279
10476 11056
6061 3424
14425 1756
3023 6889
8562 2323
7269 5029
9279 2750
14165 4478
10613 7844
9961 13672
13097 2856
11903 5596
11708 9549
14692 1919
11837 10750
4054 2597
13323 708
1225 3160
4197 4884
8518 787
6909 12746
12688 12721
6817 606
7378 7111
1931 13234
11125 4008
1858 1409
4205 8633
8470 14889
7769 10252
5972 10912
10014 14344
13609 9880
9481 3366
12242 3437
5092 675
8474 7100
6394 8693
9038 8137
8172 724
7758 6467
7974 5381
833 13734
12665 13580
5717 13259
1788 1047
10635 10716
6437 13695
10789 3845
6017 6265
5953 8041
13268 2002
7793 3182
9202 5857
9682 14494
2765 9446
1073 8903
10605 13809
5161 7280
9310 11051
1088 3768
468 2621
8981 5471
4213 11789
14477 9643
12007 9215
12478 12219
13736 6291
7814 7368
5574 14658
12597 9783
10462 8717
14039 9320
7201 385
7990 2024
8483 7606
4225 10973
5418 10773
11361 13942
4112 14192
8410 10413
13508 6091
2791 9879
5677 11255
12629 10876
7361 11181
1037 11148
6076 5721
3206 5496
3236 7670
13958 13013
11552 11576
13206 11445
4281 5294
2768 9144
14399 5671
13207 13938
4840 1976
2438 4323
11738 3315
7345 13811
4192 2828
4748 4516
9968 6736
7247 8591
5005 5613
3608 11155
2148 5953
8516 14427
6218 3316
11778 8895
6847 11446
6596 11627
1976 3119
12149 7449
1160 1094
2123 489
12657 1562
11172 11935
12401 7237
12445 12861
5593 8638
3628 10261
14334 9070
11261 7240
9951 11410
9843 2688
1072 13707
3586 14789
4831 4672
3880 8323
3598 5488
3495 6565
14577 8361
14268 5756
2264 10226
8137 6822
14689 6601
4044 9982
1700 14393
6695 702
6010 2139
1041 6930
7666 11660
5538 1407
11015 6165
4825 7359
797 8498
1866 10079
8489 2180
10535 13565
1252 13201
1499 12623
10376 3175
10233 6591
10496 7566
2853 9809
2638 11977
12099 2718
6782 8387
7827 11008
13692 9882
533 8894
3407 12679
11569 1202
9167 13803
7121 1035
9938 1486
2333 3894
10527 6357
13715 8893
2062 4732
6894 11246
1832 10915
2296 4802
11448 10934
14132 11973
1901 4350
12225 4513
4061 13942
3329 2989
6376 14865
13567 9031
1962 6081
6136 14930
11842 12880
10555 12771
14059 11299
1922 14856
9392 7857
10417 6882
9769 4055
3229 11130
10188 4213
9007 14340
1181 14867
1867 13269
10481 12130
3059 11179
12494 4530
3139 9766
3475 11541
10070 7686
13212 7974
400 5040
11421 3940
3481 14009
4230 9841
13757 391
3587 10608
7636 11527
13213 8595
7778 1848
8760 7748
2340 12842
3048 14132
7884 11964
11339 9678
9869 4680
2486 13069
10218 12285
14443 2334
9901 13568
10553 4399
2376 7639
11910 7145
13952 13647
871 10569
13329 3700
10851 2757
9767 3239
13127 4950
10183 8481
11125 2530
1774 12187
12427 4115
13631 4119
3403 3886
5957 9954
6683 804
4440 8254
4015 2365
5841 5045
10963 4197
1869 1275
9453 11947
9880 12776
9170 13526
8404 9597
2895 13431
2678 12944
5425 5392
4676 10437
985 11442
13515 2976
12852 1309
584 8918
10651 6860
12214 12543
4600 8734
11955 1832
2239 11703
14311 4664
7965 4514
12030 7050
12488 6506
13743 7289
9144 14066
6530 10186
14409 4328
13310 12411
13876 4530
1134 12689
11510 12417
2623 2410
4551 1501
7855 8215
8449 14978
14255 5841
6439 11451
7794 7247
4405 12504
3131 12302
3275 13414
11239 9719
5364 409
13664 9540
10463 1310
5611 1588
2612 1443
1268 8115
14046 3259
14242 8504
7189 488
2169 6945
9354 14211
7458 3169
5541 7725
4979 14155
5572 2252
11344 295
3523 14752
8532 3303
10973 3146
1457 4386
14765 9573
2280 8777
5792 8007
2762 1914
13625 5222
645 4498
6023 13399
8247 4091
5260 828
6226 782
7262 8766
12060 11032
1412 4121
10316 3052
7280 11704
11547 7463
6520 3432
14727 12355
2670 8722
1206 7445
6014 9764
4156 1453
13957 2161
14302 1184
3191 3848
14099 11111
8818 11519
5267 6709
12665 171
1572 9894
4454 1997
672 8720
6680 183
269 257
10701 9888
1592 8151
11432 5097
1861 10387
8923 1628
13455 8466
3267 14419
9037 3287
9610 6880
4234 12289
10172 3008
14755 7370
5858 4475
6485 13476
5003 5410
9048 4450
10159 14630
7231 2387
597 3736
8513 9205
4528 3343
12771 10267
13408 8778
3412 10297
7292 12494
9419 14647
13805 9294
7888 14301
1338 7693
1459 4072
1340 14919
8500 8799
2540 2597
8216 8344
13518 7122
7422 3532
11330 6501
1035 4691
893 13593
520 5690
3329 131
8283 7330
9139 7144
10698 6145
12178 14533
7494 13046
8089 5707
12533 13086
5696 14995
9146 7789
9835 1400
11306 6230
1109 7349
3911 3416
10821 1480
7635 13259
4834 8350
3994 13641
1643 10158
3066 3887
10112 12111
7660 4133
14070 1326
14684 9057
8695 377
4907 1872
3594 1527
3098 5182
13604 1130
2459 1551
3613 12963
13107 4678
8952 13107
2659 14425
13742 1206
3188 6741
5817 9521
7687 11618
7925 1819
1189 10009
3413 12042
7178 5193
4807 6340
6275 9472
10604 12109
10879 1822
1791 9099
13948 10491
1306 6692
1827 2293
10600 12379
9097 5250
9435 14615
10370 11029
14296 13483
6845 4321
8366 8566
14629 1884
8809 2137
468 9493
3140 6976
6423 8917
13954 12801
339 10189
4082 11619
7648 4914
3411 4296
3771 2394
6038 11995
12262 10499
8068 3647
8851 2535
2086 5056
7430 13247
10866 7573
12596 11531
7092 2936
14315 3776
13859 4774
3317 13920
11791 2143
7050 2977
14184 4826
13191 14380
12573 13050
8329 10952
13137 3008
9727 2507
8804 14948
13608 5086
5435 9041
272 12728
13402 3915
13330 12439
7928 0
8270 2321
6509 10626
4468 11454
2130 5074
4151 12237
5314 8974
6307 10206
3507 3779
2553 3777
4343 2699
1229 1208
1851 14643
8148 4195
2654 6520
4297 9663
1575 2589
13783 10276
3410 536
3076 9759
4103 8267
9188 3753
4885 9426
10779 11800
113 6569
10578 6869
10860 14596
13905 871
9312 1153
12902 2462
10146 8846
3989 391
13296 4141
14292 5192
14081 11056
4804 3596
4786 6023
1172 1685
12762 14548
7429 6021
9210 2043
4991 13034
10260 2323
8028 7638
2417 5255
12290 1869
2313 12981
7230 9969
12668 13244
8858 10311
12253 3472
12474 3762
10051 4797
3905 8759
5564 1904
5887 14800
5109 5620
7849 3829
14265 8746
6235 740
10930 7914
497 1226
2636 11098
3440 6822
9883 1511
2200 11460
14754 5948
9023 10561
11906 2144
13073 10984
8571 14498
215 2932
13097 5508
801 12476
4936 2835
9594 6085
12147 7088
5281 861
6400 2197
10820 3933
3703 8070
12960 1867
6356 6535
11275 6470
3909 3447
6446 7125
10386 13433
5055 513
5472 6862
13732 13998
4148 6140
752 7300
10848 12419
2137 2851
1339 2474
10888 1398
13536 4896
13938 3856
9782 1882
8111 6140
9470 664
12916 5609
1761 11802
5992 8146
9129 11839
1189 10148
3484 11147
12700 620
7470 10689
8702 14904
7755 2070
8361 12903
12632 4674
14871 8039
11849 13710
489 9427
2508 9939
8855 6742
8180 3935
7121 11381
12695 12370
11842 9774
12222 10935
1348 1501
6192 6880
2740 1978
1719 13461
5216 8129
10197 6183
2342 12512
3963 4360
8325 13468
5326 9127
4993 7582
8686 9037
5198 5281
5387 7263
2682 6050
8211 12161
7242 5791
744 12767
12589 14841
9335 13891
13077 3398
12463 8312
3897 2933
13653 177
4953 5543
5053 2474
1829 2339
7252 6735
12580 10506
10591 3174
8149 7376
11 5359
12632 8648
5268 10887
12766 1089
11966 4163
2056 3847
9463 4665
8937 2787
4999 2913
7974 2943
10964 9684
1047 10858
3133 14568
10461 12808
2731 11771
4824 14971
12694 1365
2536 5341
11548 9298
7156 8623
8721 5697
1487 11103
9472 7413
261 6611
11279 1180
7492 7605
1272 8053
5006 13972
7515 3784
2628 7036
5054 14986
3317 3423
13831 5428
5672 5551
417 10883
826 13077
12790 9736
102 3637
8353 7316
7079 11581
14157 10878
2586 4734
11046 63
13288 13260
11560 5612
11641 9672
7451 6380
7008 6994
1172 7137
6618 923
12450 8072
650 2200
10187 2710
2852 13470
7220 4297
9454 13990
14080 7792
1794 14844
7379 11184
8189 9100
11268 4475
9758 7333
14301 2795
13941 4513
1433 1707
4501 12420
1603 5097
6987 9815
5636 5500
5836 4205
1627 840
1823 4114
2319 13586
1293 7097
13187 4194
7133 14928
6242 8639
2686 5937
2499 1972
6707 1170
10893 11402
13192 6066
539 14267
13379 11022
7239 5518
5732 12394
6181 4310
10952 8854
5093 9915
2160 10223
3903 6656
5092 7121
6398 2610
5216 12230
5935 5989
14348 4284
964 3317
14790 10006
4735 13324
8665 480
217 12400
3261 7259
6042 3481
10001 10989
12430 1076
1051 14735
254 13905
8489 5879
12279 13587
9928 10210
8399 14206
6921 5519
14630 8518
2868 10190
10595 6067
1627 11890
14541 14270
4992 72
3777 3561
9388 5330
4039 7439
3002 4504
13845 13047
9149 2593
9077 14768
200 2578
13956 1331
4301 11072
1057 6130
1812 3537
1189 12533
893 2755
7024 13135
7077 12800
11183 7464
329 9729
10308 10419
10166 8847
1033 4829
5150 3846
2676 13684
7877 1970
9316 10254
10151 12269
10582 9188
7078 11326
5145 11990
6465 1015
14332 5984
637 6017
9503 8910
13338 4685
5921 10315
10640 11614
3865 5930
4308 14810
8847 1384
1511 14868
9481 7916
8836 9724
5263 1332
6145 14223
13414 7014
6092 3695
9023 14323
4372 8042
9939 4100
14183 9326
12906 10304
5807 10870
4238 8290
9063 3708
2942 14048
12887 6496
9556 3312
2182 6454
6168 8475
12745 7712
13154 10327
1087 14256
1947 13510
14261 10974
8227 8407
6491 11847
4015 2689
11290 13893
6120 6896
7507 6142
256 5054
5884 9869
134 745
13134 2220
11425 7749
2313 14070
10901 4648
3400 14484
13541 295
5944 9296
8473 544
10349 8608
2115 10889
4428 3700
9342 14571
6684 4308
1204 12926
13522 4821
10620 5824
538 7356
7130 5015
13829 3265
1289 13249
2141 13987
4868 12070
9548 3963
11207 2808
6049 10551
10163 11745
5952 14803
5737 7535
4484 1515
1563 82
11080 8970
360 4075
6122 14037
13154 5384
537 8565
455 14990
11782 828
4045 8914
4792 11774
12209 3975
8588 14927
1921 9980
2126 9188
5166 2373
7839 8262
4457 3068
1365 6986
9594 634
13891 4514
4861 13925
216 4195
7099 6164
14634 4669
2704 8207
1567 1256
8774 6851
735 11782
2341 7717
6721 8064
5938 8239
12212 12336
14346 8036
2876 1576
11153 6342
11307 8700
11480 3231
9341 13835
5347 4770
12814 11428
12062 10428
372 960
2192 9192
6354 7189
4607 6353
959 7904
9748 10761
10539 7186
5164 8772
2463 11412
14420 9975
2199 5746
11896 14094
3579 9204
12119 14797
1012 8420
4757 13081
3811 5488
3222 12493
14155 13532
2227 11945
5395 12310
8225 8178
1998 1231
10137 2944
7563 7786
12787 9289
1182 6038
6247 8221
1632 4114
11296 12663
14070 13306
10788 7260
12792 10553
7272 11624
12782 12813
4936 12976
12468 86
6098 12950
10476 14781
9012 3128
5292 10351
13165 4165
8577 7805
6198 6075
7833 1823
2789 11748
813 13971
2198 11318
9032 14326
11559 3981
11634 5075
554 1800
4495 6168
7533 3265
9081 3853
10934 1993
9392 9385
5939 12493
8219 1469
9403 11056
11300 3622
634 5267
467 6145
1600 4730
12731 4415
1317 5695
1290 1887
5201 441
3668 2921
9319 2176
9070 5456
11307 778
10443 10951
5061 5104
11166 11451
6003 10955
9049 13701
6897 14187
4863 8419
9584 3815
10042 1854
5332 3728
11366 9830
14771 10909
1152 11630
10680 14933
14821 11653
12198 13201
9122 13492
3432 7060
8538 7553
5159 3864
9697 1066
823 9651
3376 3489
3582 11133
419 7553
11563 3055
1271 3019
14421 636
11335 5572
8297 3217
3097 13470
1771 13193
13309 8213
13977 8687
9102 5901
10833 2758
8173 3339
8086 13068
5810 5116
818 13048
10276 8652
13816 8890
14714 1048
5816 6991
9980 7788
4594 14114
2462 9555
14059 10501
3864 11473
5210 6588
14240 4133
10259 13613
5720 14679
10536 10943
10026 12424
11619 739
12298 5537
1553 2281
609 627
6623 2729
4577 8510
1319 14832
7068 13664
11222 7189
5711 7146
14939 4692
8359 13705
9150 4522
6047 4864
12705 5594
10955 10744
830 9500
13981 1383
14566 12420
12964 2995
14319 13491
7515 6556
329 4926
10823 14403
8087 9359
6251 8040
6485 11664
865 14924
11495 1181
1646 5060
5566 563
13741 10656
9188 6883
2815 3899
7806 11729
9887 3507
4213 14419
12538 4410
158 7829
226 14141
2676 3204
9822 13731
7558 5671
14106 529
2369 12913
645 6449
2888 13592
7276 13291
9701 2165
6482 2876
3757 5784
13036 5683
6058 12766
12633 13637
7189 8708
14016 8389
3211 3518
12048 5846
3232 7274
7951 13633
10053 6253
907 5592
4066 2965
14201 4629
9451 6314
13391 13015
211 3267
10022 12385
8595 13916
6562 12460
2279 6434
11306 2803
4061 499
6272 13984
2174 13239
14676 10038
2005 10646
12359 7940
12403 13453
370 208
4368 13992
14997 8429
9753 8405
8566 7093
11699 9438
866 13018
13582 9537
5025 1657
1530 5258
9414 4163
3182 4602
451 3728
3920 3457
12247 10470
1396 4568
1978 2308
7898 7234
1721 7477
3594 4269
8423 11108
13165 12986
9557 11225
908 6938
14543 4660
12920 13256
7205 7577
12796 13952
12199 6358
9287 7168
6501 14981
8815 4753
2101 9279
1887 13922
8030 6872
11528 7775
12257 947
13654 14300
2554 14966
654 1846
10710 1539
10795 7721
9969 6979
2888 5252
6865 14642
13753 7885
9871 11839
14030 1237
10007 6699
511 14064
2738 7354
6724 7013
11816 8162
11221 4174
5450 10033
13283 840
12447 3884
7406 10282
11021 9812
9101 1242
11909 2193
7309 11409
6184 11951
4222 5734
8347 11995
7727 2121
14945 2106
12647 13809
7305 7236
8962 7275
14943 2550
5434 9892
85 12310
4966 6980
11255 2609
6765 2964
14994 13501
10357 8726
4416 14470
7075 2592
7281 8854
12976 1628
13429 6496
11792 5392
10922 8736
10227 2768
9395 11745
13558 4307
218 4480
14076 6482
6592 10530
1006 14491
3739 8797
11804 7597
1368 8788
13947 7536
9858 5924
1782 14991
11894 5915
4394 11280
7025 3662
5191 9957
2999 13146
4211 4654
14123 7444
2785 5206
11589 3011
10892 868
1085 9262
3804 10348
2419 10939
5312 2368
4688 1825
9517 12215
1996 4564
3727 10030
14535 3193
3726 10254
9336 14352
11967 9693
3731 7990
1323 679
4557 9909
1952 2483
5413 145
13309 7716
3352 193
3868 9466
14343 9072
557 6229
14098 10029
9671 12550
3600 13761
9308 528
5555 13076
2377 1114
6761 13223
6235 14440
5654 13058
9580 41
13807 5504
11039 14006
13405 7173
8690 1945
1748 2443
7684 2611
9286 2267
14102 7693
9508 13762
2341 14811
13630 14929
7764 11391
3715 13165
1892 7334
5324 10322
13426 8370
2237 5149
9560 6209
5069 13160
3489 2093
14190 5936
3984 4199
3312 3345
979 13330
8828 10036
9855 5762
6103 7296
12141 7093
9799 9713
8504 14057
13013 55
6599 13628
11659 14618
12618 8870
181 2321
417 5757
4347 5027
14231 3347
11545 10775
1240 717
5266 4784
4681 12094
6220 3903
13320 9697
10721 611
6473 6644
8264 6225
5043 6767
9265 14488
5771 10952
2567 12849
5809 7541
4663 11112
11429 7393
10506 6577
4910 12987
2783 4540
8412 14044
3963 686
2512 11479
526 11097
12981 8191
2806 12914
3167 11422
9900 6335
11984 13288
6685 12891
7809 13981
14932 5021
11112 3453
14000 8886
10855 13216
3574 14432
13401 12766
11043 8562
2109 3683
5994 14966
4174 14728
9596 8959
7730 11252
8027 12899
1248 13635
5351 3223
5587 8193
12968 2108
12370 3624
5443 1849
14887 14201
8369 7122
9453 6442
4126 5682
13111 3331
3943 623
3399 2512
14189 12917
6131 10895
13542 5363
4171 2999
9789 14497
7717 14141
10949 13864
1396 8429
2270 7350
12819 2901
9226 6261
7468 5471
2187 554
9277 13878
9162 334
12131 9253
2688 12010
7574 12332
9015 335
4729 4364
3830 8372
680 2858
6752 4652
14517 2168
10152 13946
5645 5959
4114 10637
9707 8169
10028 4684
1350 13166
14749 10715
11834 14641
8151 7725
3444 11017
7873 3694
5764 1507
2950 5810
10905 9130
7295 11374
10775 14317
7388 6555
13035 14814
2076 7037
11824 6826
3589 4986
10827 13277
8400 7791
13160 4183
3415 5707
14271 2401
11900 2032
3282 14448
3382 7479
10403 4399
13291 8521
14860 7565
5407 6896
6552 6809
13630 13306
9966 8590
7384 2281
746 14850
2949 3919
5546 926
1467 12280
14311 7788
9827 4503
8390 7573
11025 7752
3303 11738
5838 5650
12410 2264
10270 9948
4610 14037
12934 5336
6528 8586
12290 7307
4659 5073
7725 3640
3170 8453
4791 6898
10878 9527
1077 11260
16 4241
12498 2877
9764 12083
5183 1336
1582 10665
3155 4765
10958 5471
14560 8893
5183 13331
7455 3865
6706 9704
11125 1040
8882 12253
6019 1557
11204 9021
9221 153
12960 10481
839 14089
4517 456
7541 8958
3989 8616
9738 5491
5222 11686
2512 4242
13508 4245
959 11438
7287 8317
5769 6960
10352 2004
11522 3906
556 5028
14076 5712
2003 6622
12401 8284
9343 7547
8149 1059
5676 3857
3213 5218
9235 10810
6382 8616
10740 4428
11010 8001
5425 5545
404 10379
348 5458
14649 5774
4126 1313
11557 7724
3127 7126
10246 13573
13653 1376
13483 3869
1869 5059
360 8188
1668 3797
7845 9375
8917 13394
3126 6582
11399 4735
5307 4179
3643 11769
8805 13529
12847 13662
10553 187
5884 10470
4162 1282
4935 13320
11767 6036
5796 7179
967 5638
6591 5625
2581 10140
5491 12872
9802 13141
13348 14480
14592 1663
8269 6127
4795 5268
12780 10445
12684 3570
14673 13126
13030 6340
13915 4452
13692 9451
4173 8284
7491 8186
10115 11722
6738 11784
8584 13300
11763 1403
8269 12602
6324 167
5498 14416
1490 2089
6097 9415
14904 5642
2467 9188
6368 3438
10304 13075
11726 4970
3641 10852
4790 4156
3376 1825
2093 1796
11479 8345
2083 14477
7205 12029
10925 9227
1744 12496
8688 2971
10178 10950
13054 7152
12916 13064
10531 398
6888 6457
10084 13378
11912 9678
13236 1914
5242 8311
3253 10990
12296 13361
3612 5438
4472 5483
6486 11473
12078 11658
7061 5771
113 2284
9270 8315
10709 5250
2647 1528
6373 13862
12977 8823
10207 9285
3193 8945
3411 4388
3493 4785
6828 331
12963 11978
6242 100
3086 5995
8522 14150
13868 7431
825 444
9107 7581
4221 14601
1659 6269
6615 1399
6804 3859
8732 8044
10212 14166
13354 3462
13420 4577
7748 5467
8163 2227
3982 9253
4702 8350
954 245
4626 10082
1993 8624
12401 5299
4098 10282
11415 13025
4436 3724
5849 13295
4500 12757
1610 1821
10221 14960
8627 1520
7634 1699
5495 13661
7030 9384
9129 14145
977 4708
634 11773
11141 13667
6871 1408
2016 4961
80 10055
14010 2246
9166 6777
37 1497
3536 8903
224 9763
12039 6365
671 8116
13158 1182
1521 12877
2908 6742
9273 12119
4781 8635
5028 5270
11281 4513
7544 8523
6328 6930
14648 9185
7297 8814
2402 14630
14921 3461
14330 6618
10441 3070
12243 6414
3194 1364
3827 5079
1691 14935
1923 9535
9644 12794
3312 12964
10174 5580
9332 4527
7015 9725
7872 112
1116 12355
4582 13787
5509 6315
12706 10504
512 1622
518 728
11543 3112
2134 9053
1993 10726
10910 14106
3419 11068
12177 2140
4032 13769
4199 824
6538 5174
1465 11998
12243 2060
3234 2699
8488 6471
8953 7545
825 8479
386 10949
8384 221
8774 12440
12162 6961
13682 4749
8363 3581
11699 10355
10593 1486
353 6723
3911 6670
9378 13034
418 14533
7728 1394
4177 2680
13432 4871
2341 10998
3310 1880
14554 2624
4728 13331
14837 11070
12012 2392
10350 1488
3847 14362
10939 12598
5651 5354
5645 1098
2852 7310
14291 7857
3133 4186
11411 10045
12033 4167
12745 13860
3778 2762
6397 12876
13528 9399
2495 6675
3901 11917
7394 7888
7153 844
4185 10041
10767 9745
13899 14772
8433 9095
13698 5819
13212 4130
14899 3321
10107 13814
6190 621
11442 1001
6561 5611
4775 10122
12060 12887
14679 13899
14207 1641
2624 4459
13771 3585
6527 4962
9416 14880
5401 13734
5689 8583
6526 13148
1931 605
6408 11424
2698 14606
11199 4785
3397 3488
10708 4747
10114 12893
5614 8592
1085 4987
12267 3878
12285 10435
11344 10543
7054 13602
7541 8625
3816 7314
3600 5897
14493 6412
2306 12888
8060 3028
4955 12587
2651 3867
4520 6191
657 11998
8380 6338
8705 8057
3238 13058
4004 3140
400 13866
9185 11613
2195 14615
60 13092
2474 5580
3379 13951
9934 7774
13735 13470
5340 6811
11499 11077
3059 12547
1406 14529
13357 8974
6296 4039
9029 12981
10714 8130
13864 5682
12289 7909
8321 10994
14999 4816
10275 5871
10062 6626
6063 6237
8937 3428
14850 1510
3094 2067
3402 13847
10846 14449
9411 6844
5853 13634
1151 12278
13201 7827
7531 7014
7826 7210
5860 12130
9411 8580
7691 11039
10422 8054
5672 8602
10420 12816
804 6980
12622 1987
13888 1862
8671 12898
9825 13264
3716 1316
13419 9075
5968 9081
7515 5198
5601 7215
14200 232
14454 502
2626 1442
2056 173
4540 12706
2131 3936
730 6132
10266 8704
2012 6212
12813 8443
13322 10627
9734 6159
4517 5251
2008 7053
2088 6602
5701 10438
12099 4265
9300 4124
13755 8669
10157 5343
9859 9847
10892 3285
7418 10498
1351 4110
1593 14428
9873 7363
7521 2666
9173 6267
11625 1720
4398 10194
7017 941
8656 11713
1726 1273
6813 4990
2329 9973
923 12073
10831 491
12665 4942
288 5660
11483 6802
11116 2690
13731 8644
11599 10822
3608 7400
1492 13146
6984 9985
13946 10148
5881 11303
11591 6384
11622 1279
138 4803
7455 11244
8135 7351
9164 10770
11906 10468
4312 5433
8077 6044
6552 9407
5812 14206
5511 4423
8867 6763
12050 4588
5245 10853
2326 8200
1961 1109
13256 13693
8647 6225
14821 2824
4557 4174
13380 9208
904 10999
6256 4027
10106 14624
7679 3579
1932 1122
8111 12207
14607 9443
10433 2613
10114 12226
9382 4604
13453 7932
3985 14559
13051 2505
6747 13949
3148 14167
5334 11349
12245 448
14068 1311
6285 11462
1390 9486
13734 3652
12734 6688
8478 4413
1678 7683
13377 113
13985 14856
11612 1395
7303 10709
5996 10338
4697 6524
7709 9775
13987 11933
1429 13251
14910 4345
4229 4795
9491 8999
2249 269
3674 13610
14533 556
11668 606
947 8095
5056 4479
4238 1517
5197 1921
10562 10360
6915 3308
12287 7838
13741 9667
4676 8239
12614 10093
14658 4532
11287 10525
11313 7877
11011 4445
8760 10085
7145 8921
12540 2839
8502 14331
2992 4464
2842 12873
8187 4657
3371 7050
6030 10692
3401 14098
12848 5375
447 5630
10808 2614
11162 9019
6531 2195
9906 11599
1925 10990
16 14735
13871 12910
9545 9859
12328 4000
7878 10748
1092 6416
3370 8711
4861 4260
12349 5362
9409 2800
13473 10478
14716 1772
829 6754
1172 13222
7184 9952
12965 9418
741 2432
12422 14133
14304 2257
2720 12866
3897 9736
11680 3687
6174 13941
8598 6646
12979 3925
6312 7836
4977 6338
7279 14096
13846 1224
5590 1771
9907 9644
4637 3633
10076 3522
4882 6758
9607 3004
4648 2874
14566 680
1646 14274
2900 3095
12903 10547
124 11744
1452 5381
10719 7910
7658 9305
6035 11963
5792 13610
1011 1348
902 11827
2978 9446
11180 10442
14748 14482
11974 11100
8286 6751
7249 9118
4302 3003
2901 8939
2189 4009
4216 5384
38 9268
9280 7965
2357 3862
3655 9836
13478 3512
5126 11400
3451 1331
3147 14091
14846 1536
11033 6777
6739 10453
4759 6820
8836 8025
5000 4196
521 1579
9453 8678
12110 12435
11774 1373
9332 2765
7629 3876
6511 4834
968 4576
5839 7386
4721 3600
5163 13695
1538 3637
2949 4571
864 7587
11467 614
4508 6588
12659 10416
13309 672
2424 7669
3860 11911
8704 7560
1171 1866
4239 12742
8186 6288
2099 8413
11340 11994
11067 10123
13291 4495
14345 13220
8351 7198
3450 12974
8222 3961
12487 2528
9794 11615
6932 12585
3523 7753
13442 9180
3066 13037
9800 8
1517 160
10874 12663
12686 2438
2413 13374
9575 3492
10962 11590
11775 910
3993 12477
3722 4628
9186 10091
9640 10371
7913 9513
6555 2294
5275 13300
4947 7809
13247 10463
14549 3829
8929 11396
7181 3202
2969 8700
3886 13991
9800 6655
6534 2298
7016 713
7897 10876
14740 2646
10434 14913
2343 4295
6258 1304
2717 8976
3625 1061
11565 751
11323 14883
13218 14334
679 14206
9161 2109
6617 14040
11268 10972
13540 104
14457 10776
7304 3647
6468 2830
14614 14160
14790 14380
3699 3944
12411 10003
14460 9672
2191 4870
3659 9552
10667 11486
11893 1051
412 9919
9396 1491
11946 5731
11599 8336
4052 14978
14260 5656
4592 14608
197 1323
7374 6459
9673 7229
129 14951
5794 14980
12057 9722
14246 10966
4344 5124
11912 7895
44 12632
3446 1012
5885 11740
12970 4203
9696 6152
5304 14500
13008 1170
11445 13739
9972 4831
13146 10313
7945 9328
13357 10187
3962 13978
3239 7468
2100 7988
6521 12405
4289 4779
4317 12329
13391 10773
14117 2129
5957 5219
294 12482
2769 11377
10074 14726
7172 12103
12877 5176
9719 10278
3891 7702
8964 5748
11194 2098
1726 6813
11583 6917
13396 13305
2373 7375
582 5372
12576 12765
11951 2933
147 8254
13359 13864
12833 12569
14353 7196
11557 1716
840 13038
2825 3724
6618 12007
7695 7807
8192 9943
3892 2303
1317 11482
14507 11596
621 11340
11556 3872
13830 6865
8289 8858
13702 1817
13985 6183
8137 2868
13261 10549
976 2664
14794 14987
5247 469
583 13888
11254 5026
14175 6054
894 14837
10539 7041
4728 14111
1679 13630
14520 2622
14928 13043
3429 10660
10234 2385
6331 4590
6975 10268
11958 14499
1173 1017
1879 14396
5634 7963
5388 7838
4037 5397
13780 3536
3995 7206
2648 11285
6594 2099
1159 4404
8804 14341
804 989
6491 4931
773 14189
12122 2321
12889 8495
692 11213
11076 7601
12984 2513
3239 4087
2975 10335
4682 2329
13153 9428
11731 111
12109 5179
716 13495
5020 10071
9290 1707
455 9206
6177 9813
6606 13212
5062 6631
3160 14344
9954 6881
2703 6636
12228 7711
6062 8476
13497 13277
4083 7314
776 50
6810 4317
4062 7820
3743 12390
13294 13870
5517 11320
302 12764
587 5966
9281 9574
3596 3557
6125 5401
13522 6314
12123 4784
5408 11703
12692 11193
3619 10964
4103 3533
2518 11165
13060 10625
7451 10460
8896 3186
4729 1611
14387 4599
4604 10440
13436 11898
3352 11267
4694 2967
1656 7267
11082 11547
10850 6675
4699 7756
13461 5940
12828 5261
763 1932
10067 6803
6431 9344
11081 10244
6422 11671
6568 1479
9342 12975
4417 3401
14259 12723
6389 2311
12766 7133
14332 14567
872 802
10168 9275
13106 10525
7847 5882
2585 8746
723 12181
3640 12096
9409 10817
14925 13117
2461 11888
1122 9886
5163 13315
179 10614
940 6154
7419 8600
5625 11137
6282 585
7179 1931
7840 10940
10418 14709
10339 698
5564 4365
6206 11105
61 10262
9583 10528
6622 12528
8228 7355
4811 3487
9490 9695
12781 10078
12098 13323
3837 10410
4123 4300
8486 4642
1159 1761
7850 4680
3946 7775
13618 2894
6642 13260
13708 10924
2911 8583
6831 8642
12882 9417
1754 1003
8540 2157
14579 261
2659 513
5245 1858
2792 7823
9301 12445
12279 14588
1710 4582
13726 4923
11858 1201
5007 6344
9412 1495
6333 14404
2886 6987
9796 45
9895 12853
6776 9201
10709 746
3789 4141
4164 8533
12589 80
9730 11589
14981 1270
9155 11305
7644 3568
5273 1071
8854 580
13008 9121
11526 12946
2894 2540
9541 6767
8199 4656
8521 11265
11540 12777
2885 12561
9132 13965
7586 2372
13685 4056
226 2200
5899 3450
14207 14422
9528 12371
2142 10211
2323 3576
7393 301
1997 3703
14200 4115
1301 9468
14274 5839
313 8872
2419 3681
1574 2390
4510 528
14252 14289
711 1732
6847 4288
13396 2480
12460 9883
11767 8038
4492 10524
8071 173
2035 9910
9278 10409
14984 5078
13823 8693
14309 12682
12040 9433
4345 7883
868 3953
7805 4661
10274 11441
7385 2634
12966 12656
7017 14240
12976 11502
14283 10210
12139 9297
7104 2003
10732 13438
10841 7011
3105 4150
8670 2726
14961 8815
4279 1364
469 5197
14922 8902
9739 10722
1912 1040
3906 1421
14280 9855
891 6153
5366 13545
2602 1382
11790 1744
5096 10582
2828 8623
12850 2917
3591 3647
4006 12715
8944 11584
11895 4965
4216 4311
6284 3253
11570 2988
10143 12511
14952 4505
11562 6746
11569 7902
11843 14150
4867 8758
2073 11651
1916 11709
13751 8076
4989 7110
10137 4895
12376 3841
4738 11046
1832 13356
13124 6240
9087 13355
14661 921
8633 13089
1268 7560
6655 2303
5527 13879
12928 11036
9496 14272
5581 14529
11233 3407
5668 9775
7378 1058
1506 8668
4380 9402
6286 4733
349 1381
7954 4342
7752 8944
10828 1100
2001 8411
1704 1441
14134 5680
3959 14162
14967 11867
6412 9756
1722 10717
5022 1774
8555 7918
2817 1489
6975 4525
692 7813
3464 4674
6892 3026
510 36
8216 920
6149 4690
8616 9914
4889 784
2992 13572
9337 12845
816 8645
10127 8584
4548 5348
5774 8300
3844 8978
832 122
9987 1176
5371 11432
12682 11312
10681 2407
5693 14404
1266 3017
3310 13999
11779 13377
14153 7876
10428 4839
1894 9162
10725 5842
8969 9821
5461 11275
10619 2557
7975 5730
369 10515
2646 3509
3209 33
4486 12673
9247 687
8440 5539
5286 5916
3861 13123
11332 11163
13212 3610
964 10778
12643 14672
6519 12776
10426 6876
339 9657
10397 13610
3092 7973
4934 11761
5569 13391
590 712
2517 35
9204 14643
6612 3234
12941 4089
2145 931
9533 6780
13148 12798
5547 3848
14576 9310
11148 3279
4083 1194
7142 10839
14721 11281
966 700
7877 205
10554 848
1867 13635
5620 3530
14265 14121
8804 1121
5749 11370
2660 8159
7649 1150
11012 14639
3317 8980
6584 14276
615 4729
13070 793
8408 4686
5272 12341
5672 11276
2361 11741
2498 3422
1646 6243
5634 8712
7777 7600
14972 4146
12394 5172
6348 13779
2389 1763
10311 10277
12597 1731
8173 12271
2719 12547
10279 4379
5956 7809
12585 8283
5228 156
9042 12510
3840 2052
773 10000
196 10994
7636 5512
4182 10568
111 3721
11664 9874
8255 5193
11833 7458
11165 12720
9510 13682
7552 7678
9054 1481
4284 10245
4134 1485
12591 13044
5814 13285
6645 11869
3049 6551
3592 3005
7503 9373
7144 7602
3732 14390
13791 9935
299 12167
12291 12022
3528 1658
4942 14453
7693 12803
10811 4378
994 8308
11475 2135
741 5241
11812 8459
1724 13546
5661 3286
7923 2867
4553 10742
7477 1429
14809 9516
4353 7564
13081 7648
12614 1402
10464 2379
4211 7598
6387 642
1491 5179
13602 14445
14521 11011
7352 7259
4062 10940
12014 13530
3185 14451
2804 2514
6699 4278
2328 3000
3870 10135
8770 14686
7251 5533
11043 74
11417 6525
6280 3782
12341 3894
10071 9873
7265 11441
8903 8380
6394 8889
11950 14945
2631 14602
178 11891
13997 983
13072 2853
9607 8837
9035 11254
4555 11319
5172 2965
10634 4175
5007 1675
6910 6244
7866 7294
12981 9262
5542 982
7316 8518
5615 3226
1955 7749
7106 4068
11473 2867
13709 383
3601 11286
14052 10914
5611 3558
3298 6229
4799 9022
9339 8307
5755 2018
11170 14029
6606 3935
7565 8379
12002 686
785 5681
14232 5825
323 9495
4170 1295
6708 4471
1167 6609
13377 3364
12170 10908
14259 6477
7607 9070
14264 8549
801 12572
5172 5036
6976 12763
4599 2778
10991 148
9719 8284
4581 7778
1253 6488
3496 11372
8482 5636
9974 706
2083 1832
3840 8892
1719 8943
13083 9763
12256 1942
8867 1812
7839 4972
4319 7534
2685 4022
4649 9047
7410 13473
13580 7555
6027 370
12897 5299
4034 11385
11836 12196
7470 6422
3661 2746
6204 5652
1220 13754
4822 8208
7057 3070
6570 13961
10704 14416
13339 13269
2603 11479
5644 1179
1736 11262
5213 5357
8141 11378
3359 13870
13327 5029
5666 8944
2904 4841
9746 2228
7881 12621
5802 5101
8607 12245
14843 1084
14853 2061
6100 10099
12584 7743
4468 10975
7086 8017
3497 10684
1343 3579
1278 10375
10799 2678
7609 6360
13381 3921
6812 13361
9643 13613
9407 6935
6623 13060
7977 6513
10189 2609
10157 9188
5671 9997
1002 7339
1867 12424
11717 13140
1644 10308
5020 2191
4564 11026
12631 271
917 6404
1437 1451
14709 10102
82 1246
8972 8662
14239 14765
10525 14813
12759 2353
14122 12055
13352 2604
8194 2083
10380 6449
14177 13981
14161 12591
14554 7897
7064 13691
7405 6307
11939 9256
2573 3525
10842 239
14214 7409
1688 7448
7852 2200
3234 14528
10372 12593
8338 8440
6301 8481
5060 5125
5067 7652
2748 10981
7536 6843
13465 668
14216 4031
13759 5910
11241 6576
4300 9827
5915 11727
14725 3912
3244 13927
6491 5820
14433 14510
12776 5686
936 1815
9917 5419
14752 6124
4023 13875
14373 12877
14429 14369
9895 1093
3147 8755
9828 2372
2749 9877
12476 6925
11783 11422
9278 4231
7582 5825
10360 1429
13243 966
11400 3926
3047 13262
4826 8965
13708 2060
6758 6944
2561 11350
611 8271
4550 13406
9888 2273
7370 6927
14267 12629
14666 6513
14163 8089
9430 4264
2135 9553
2692 3356
8760 13621
14537 13495
588 301
2231 3848
5328 84
5386 2777
6675 3767
8302 1934
2017 5892
3432 6012
13476 2366
5841 8662
4399 2098
8829 6323
7922 14335
4711 11995
8246 8374
9120 626
12929 5120
2472 712
11904 602
12855 4759
14622 12206
898 14471
3686 14624
8027 9182
14814 3290
7366 4796
4713 4242
7588 12351
11471 4682
4131 10128
6932 10974
10622 11233
14583 11596
1861 3363
8522 12328
13239 9602
3453 8378
9820 6437
2796 10525
10166 10179
12031 11385
14839 5048
9703 10850
10921 4736
3633 12380
9107 10597
2181 347
4656 8082
13620 7060
3968 6673
5114 11112
4417 13469
837 3003
10728 12764
6879 1350
14372 4658
71 8251
8617 1926
7540 2630
1022 14136
9185 14334
14042 9154
3628 4042
9164 10617
7689 3753
117 14530
12798 9884
6849 7606
13695 10088
14325 13510
10609 976
2931 0
9211 9179
453 2644
1620 12144
6649 9218
11327 11213
12497 229
4041 14886
14830 7798
14160 14810
3139 8492
6273 727
8337 6562
11419 7438
12324 8142
6641 12020
11858 11558
684 7696
407 14389
10456 3704
6664 2696
5648 4893
5286 4595
6345 516
9910 7065
9409 11874
10403 9966
7456 8452
3114 2201
799 5761
1944 5131
13779 7768
11926 3622
14108 3222
7586 3433
11949 4451
5664 8718
5872 12293
11802 6785
5792 3601
11511 6054
9416 9808
6829 10404
14477 10757
11896 13843
3323 1049
1156 11701
14085 5922
796 4514
11512 8270
12142 1735
13143 10851
13915 5591
1577 5674
11273 4701
10298 6038
10652 7228
597 4752
1454 9162
4461 8420
13606 7536
6284 6874
7348 9249
6862 2202
1610 6701
14229 3293
1264 6484
1855 6295
4590 8147
4539 2829
400 13570
14958 8594
4439 10017
9824 2891
10618 5052
2817 1081
12545 5555
989 6850
5029 2988
7009 10573
9234 3011
11919 4203
1465 12319
7046 191
10073 14335
10654 5002
11540 11293
2972 1396
936 4404
12426 14113
10836 1019
11622 633
4068 3163
4338 3521
13268 14389
5828 4694
14281 13987
1708 3787
10310 14478
10999 14981
4464 5309
4584 13926
9132 1327
8934 10115
5164 1661
10659 14462
723 10548
11769 11068
2679 5514
8644 7768
13821 306
5994 9084
12367 13902
1873 14461
12836 4009
11988 3514
6608 7163
8565 441
8471 2326
412 11787
2922 11703
3543 3834
7852 5102
4794 1156
14950 1579
6610 13926
13976 1357
12347 4403
2577 1591
1260 151
4051 7898
8252 14986
12199 1858
4366 9689
13790 880
6681 5268
12974 948
8426 7771
13218 7554
12661 4746
252 2836
4333 6163
13087 13826
7709 4502
14872 14645
8791 8863
14835 13835
5341 3355
11399 7824
1517 1803
3098 11295
6115 1037
6259 8646
12218 1733
855 1431
3549 3250
14599 13895
9112 3648
14673 13685
5207 11420
10507 10072
4777 13105
12595 10078
1571 9332
14489 11496
8962 11633
6996 139
4000 1603
10760 12521
4614 2572
2976 12449
134 243
9828 1642
11542 14652
3866 8619
623 11938
1096 6268
7200 9516
13887 12682
2396 10172
204 2549
13949 10997
9254 14346
3609 4480
4687 14427
11467 11366
7187 9238
2487 3486
268 4554
14062 6880
3640 14304
14755 3338
3281 10087
2183 2721
7275 12212
4318 8594
168 11698
6009 699
2859 6180
6120 2406
5931 7305
9410 12841
13464 12264
1127 8810
10097 5807
727 946
7965 13310
8053 1973
5874 7323
2278 3156
2218 5086
5143 8770
12916 3252
1691 11600
10549 5192
11521 5375
14162 9473
4771 12465
8960 10264
8188 11315
11886 10331
3113 11461
6312 8604
9578 11996
2005 8368
5994 3521
2354 6653
6157 14173
1641 6846
3 13194
821 10951
13965 9538
8762 913
1 6627
14319 6716
1742 11427
5362 106
14964 6111
14618 2354
8755 11155
4540 2620
5735 6969
5371 311
12572 613
10962 10451
10466 1302
1141 1825
6351 816
1374 2087
3388 3211
5785 6419
13419 7464
7029 3387
1798 723
11185 3648
12878 6033
5001 865
8152 9124
11828 3496
5276 5229
13360 4993
12140 11692
6810 13423
4503 3968
9146 9122
8564 531
7220 2936
13399 7639
6661 6285
6042 11941
13818 5012
12986 1267
5176 9398
1535 11979
8490 13657
12632 2371
378 11379
12688 9241
4864 11528
7056 1049
12773 5003
14023 2434
6812 8069
14268 1272
14143 13272
7511 7098
11152 13708
2770 8971
9291 6890
8252 11808
14474 1479
1965 5195
7570 8253
3203 3666
5406 5505
11665 4687
9473 505
2022 12261
4497 14741
7430 2962
8368 3723
13333 4882
6333 157
6764 2013
11060 7773
12818 12189
1325 13562
4253 9104
5676 10785
12798 11745
3443 12938
5561 7422
12700 2390
4288 7989
13695 901
2395 197
375 9677
2237 7827
3 6201
6581 11739
12111 4564
5254 7719
1287 10604
1736 14806
13358 10818
2650 9066
13135 13730
5181 2963
11658 7551
14560 6169
5413 13948
4959 2298
8634 12789
9547 1291
3736 1613
599 4605
8887 14149
10459 5370
11748 9499
9145 5442
9028 12553
1452 13042
75 11447
9955 4509
9692 13059
5234 11762
6248 14232
14005 8093
14893 9857
11732 12129
2656 6411
1706 4689
3535 13696
7118 641
12563 10586
14534 8329
5027 5110
8164 2598
7856 14834
5643 10564
6039 5919
4573 7429
10676 921
10336 7261
11602 4111
14984 9406
295 8278
13806 8323
13456 13548
6172 1270
9965 6114
11352 13809
12453 13251
5694 13168
2632 6789
413 5912
10388 11428
3681 12645
4649 12598
10142 6806
7918 1583
3536 570
2364 1440
11568 7294
9341 11738
14361 12579
4864 4140
6145 3147
13621 6304
4974 4165
13237 11677
9855 8803
9890 7715
3194 13966
14807 11509
7902 3388
7919 10467
14617 2168
5431 3741
13274 13003
7001 261
8763 3401
2429 14290
5385 3415
10867 11225
4863 5838
2640 5273
9613 5554
8076 5695
7340 3115
5052 7509
7235 4811
10457 7761
14416 2743
8025 14368
2697 11124
8919 2694
9932 4593
1730 12451
1023 14558
1920 4454
11949 13687
3532 7733
222 6114
2051 3927
6143 14268
9825 5732
3030 434
6199 1859
14171 4434
14775 5860
4555 7007
8692 13726
11985 8492
6331 5757
7572 12753
6213 7459
10177 10380
4785 4725
5840 8557
4189 8685
5323 3129
654 755
4175 714
1681 12486
7380 4893
14346 7299
9703 6291
458 10799
6598 13385
9707 2125
4059 9055
892 12614
2357 1978
6864 14285
12623 14356
12711 274
10248 12758
7777 3504
11811 11372
11254 9987
761 509
289 11992
10702 4127
12871 5315
9964 7877
12933 2788
9545 293
9262 3325
6038 6014
10605 8114
130 9666
865 10805
14320 11593
10228 14646
13137 14243
10678 12355
3218 911
3922 6291
11950 12414
12853 13743
11692 12468
12568 7625
8865 11493
4666 14342
5683 12469
6584 6300
1797 6578
10160 714
2511 8704
5452 7183
5566 9709
2164 8537
766 11110
14541 4393
6500 3734
2969 11324
2459 14250
14780 11968
3983 6143
10070 998
8945 1760
9826 6570
6018 7510
7372 14157
3021 1449
1485 3699
14957 794
6595 13298
4141 14403
3981 8060
13797 10321
3781 413
4458 6738
10514 11141
11840 6967
3496 3173
2073 3700
4521 2854
8747 12995
5918 5343
14837 12836
13871 11331
6402 11214
5920 9262
7857 6339
14837 510
9615 13041
11981 12863
8672 4619
11539 2520
5648 13955
9941 5038
9310 9635
7461 5592
2197 13781
11208 6066
8886 1951
5490 11917
14519 14296
10123 637
13011 2491
9831 2681
6007 6211
4179 14690
11396 12734
7088 11772
13540 3678
14645 3905
12475 7223
7306 6297
3189 8015
8298 6182
6395 11488
12096 6624
7214 13814
1837 10570
10330 9620
551 8947
2706 746
6478 9241
10299 6112
5949 9406
5280 1727
7816 727
5785 6446
13874 4245
14815 8873
607 13762
10913 4713
8315 6034
10398 12385
382 12739
341 8838
8150 1657
8865 10402
12674 5294
13127 8577
9830 735
10100 8475
11149 51
11086 11656
12948 9069
13405 2682
5454 733
9930 14563
7988 6002
8094 2499
1613 153
5347 13627
3260 7273
6099 2885
11455 3857
7745 1061
9828 4966
1588 12515
503 5389
4638 1496
1977 5297
12143 2330
13702 6483
2116 12687
11811 5067
3363 6587
9438 952
2737 935
7435 7189
5764 6178
7366 9551
7688 5902
4002 6717
14241 12586
10545 12917
318 14811
12707 6759
7351 175
8273 5741
3295 5152
11976 4730
2448 1454
8845 8812
13899 1472
14573 4399
751 12983
5363 3666
8890 9513
12982 13706
5103 11433
839 14790
1048 92
2726 10139
1042 10077
5192 8818
8867 9502
10828 8127
2567 13993
13203 12666
3581 3893
9542 3562
12912 3638
947 8591
5244 6165
2722 8233
13221 4863
7047 10750
8653 1786
5326 9886
3751 8992
11818 12583
13997 7096
7451 5560
13177 5258
13352 4402
9977 6076
6323 11409
7181 13210
2994 13268
12519 7059
3250 1198
4102 5667
7956 10904
5454 11010
12439 500
1937 4139
11871 12697
2741 10401
5801 4995
9024 7629
3553 4259
11512 8678
3570 6415
4479 2991
10965 138
726 12684
4012 12327
14082 11771
8103 1825
3708 464
2412 1783
2375 9572
13615 9333
5179 13671
9121 12969
8764 7495
62 9378
12535 1800
10429 12864
622 12110
4177 5593
4610 9568
10525 8633
9198 4544
966 14584
14146 9689
10741 13031
12419 13018
9047 7391
8364 3218
3841 54
14535 9648
1268 13255
10123 12801
5886 9927
11338 12537
5654 3768
757 12997
1847 9950
9143 7006
6213 2536
14801 11360
4945 7342
4366 6841
11071 12040
8530 2528
13100 3996
14679 5495
3525 9722
9228 10827
14925 3453
1742 5668
11166 5440
10909 4578
9800 9751
4673 7585
3732 8640
4279 4949
7815 12974
5104 10134
519 12759
7387 10626
12536 2587
9264 7306
5666 14019
10818 12556
12627 9984
11216 14992
6985 7925
10934 5489
13457 1917
10986 11231
10296 11197
1914 11152
851 10128
8986 12411
7283 4202
10278 2202
2080 13570
675 2295
10124 7577
2405 12032
4124 11727
7121 11222
7142 14419
12118 6189
4391 4540
1161 423
291 14203
3969 2628
1479 14338
14808 14250
12970 1210
7240 6120
3425 347
2981 9361
5324 1954
1402 1135
3549 3291
9384 14351
4432 5325
8637 396
3518 2234
10930 12006
3318 9638
7166 11683
14209 7865
8443 12585
10209 2256
14024 1385
6174 14550
4827 92
9137 1241
9506 5135
1301 7289
9629 7297
6333 785
1275 8767
8330 8358
14214 6138
13511 6319
10624 3883
6782 14999
546 14080
6082 718
341 6924
5476 7422
6729 6028
11111 13430
1161 6841
3847 5444
14003 8612
5180 12626
3968 9135
1513 10427
5581 7947
14023 8468
1941 2885
8595 13574
11427 11071
10518 7375
1477 11096
11903 10132
6003 8871
6527 402
6362 14518
376 3686
984 9559
8328 436
9215 2813
554 8619
13201 2213
1489 3044
3218 3229
2874 12036
12593 2961
11276 12811
7871 1466
9700 4916
7736 8595
2554 6339
22 12525
2867 11136
7085 1164
1873 12608
3173 8401
4989 7531
12980 5303
5419 14217
4109 8583
11948 10111
11467 10690
5037 1562
8659 10805
11803 7151
14201 7564
14601 5035
4673 13508
14896 9995
14354 13737
12472 14765
2515 8894
648 287
4124 14866
5164 5526
158 4571
9999 11166
14019 4400
7647 6911
7893 7777
7226 5179
7050 13246
8658 7132
11371 3245
11897 9096
2444 5058
2188 14
13341 1948
9520 5698
8050 4049
7358 4748
1869 4781
622 7886
14303 13526
10571 4194
12999 10574
6404 5399
11847 9150
5005 7926
229 2929
3402 8343
4803 2604
11681 12240
7171 3799
10297 9029
5401 7556
14022 9226
9781 11815
2009 12547
13320 2305
6631 5659
10348 5665
5915 3357
6576 11301
9938 10780
3965 12449
8110 2530
1487 14126
9803 14404
8479 10091
2782 13410
8125 2633
9286 9290
9228 10294
3883 6331
3465 4710
4777 13960
1854 14762
14095 5480
10059 621
766 4347
12560 7307
2036 4919
8052 3362
6839 8735
11245 1438
9767 1760
6144 7387
14479 3800
14320 3726
9937 2157
399 1671
7090 6811
3007 9849
10721 4750
12546 3
10500 14513
11362 861
6145 1477
7446 4155
3381 9805
3618 11080
5945 9775
4321 9341
6045 13298
418 808
14134 10326
10769 3349
14850 14571
2529 13695
12899 10915
9348 7779
14333 6327
14373 13435
7266 2501
12030 14157
6898 4647
14770 11323
9744 1299
6947 684
4412 14076
8947 12941
6874 11277
13920 6666
9830 2172
5561 7684
150 14271
13061 9525
13196 14892
9453 6978
682 3822
2437 3622
11695 5533
4073 12318
8472 11148
7534 1146
2547 4822
10145 9452
2969 2873
8628 7284
6022 12314
11388 9045
4216 8946
14521 11567
6724 2338
5325 3770
8401 14611
9378 8751
11019 5801
9021 3253
4701 12794
5218 10104
9217 3178
736 5448
1161 2645
700 1397
1040 4528
9513 914
3884 9078
13291 4505
10017 545
11012 14100
1868 1261
3289 11468
4637 11151
7012 12019
1014 13585
2606 11764
8417 4555
9756 5959
11848 8457
5640 939
1600 1534
9580 13025
826 14046
11866 13455
11089 2463
6696 10710
12515 8047
3231 13699
5168 1098
9600 5494
1218 8187
3594 10756
7342 1979
210 12052
8814 6614
5211 5437
7531 1667
5868 8248
2499 10870
7622 12730
5842 14420
9019 6590
213 9387
4379 9919
10833 1821
2406 5441
4615 437
7071 8016
9858 2176
9288 13667
6995 12555
2210 1023
12319 8057
1002 13110
4360 616
3931 8805
5110 4850
8338 7243
9531 483
6599 4690
5399 10776
4377 9617
4811 9011
8155 10758
8646 533
3548 5150
653 14479
701 4734
13262 4545
6156 6058
1135 4918
12411 10599
13713 14162
5070 7599
7342 5129
4636 10843
9402 7799
4387 123
139 10569
8939 10188
10946 4519
14594 10002
7168 11622
13803 14494
44 5558
13495 27
13742 7506
8800 13663
7755 1059
9459 10346
11095 523
9710 8723
13693 8916
3991 1480
1017 14901
7879 13983
9030 12528
11588 12250
662 2771
14392 9364
124 9818
10333 14398
13895 8942
7330 10892
5335 8786
14506 5139
6253 6251
4909 5826
9786 8929
11202 1283
3147 12747
1732 980
1714 5553
7243 14011
2577 13603
2909 11158
14329 6507
4200 10875
1528 11145
10212 6141
13554 9122
14269 5722
6489 7397
7249 122
280 13681
14086 1031
11205 625
9012 9001
9729 432
7820 11923
548 14578
974 7797
6762 8565
2709 7658
8337 5308
5640 6195
8370 7676
13777 12517
1627 2702
1889 11989
11088 11442
6057 5016
1875 10253
412 839
7427 1053
2344 1706
6330 8917
10468 3980
5036 13714
10592 14241
10426 6713
9976 953
2049 5309
61 13332
4638 2692
9469 7861
10756 5520
134 2233
8228 2354
9817 1853
10551 7677
8938 3197
1500 1823
1817 14073
2068 466
725 1679
225 7463
12968 11920
5540 917
14716 3029
14953 10226
3319 3372
6804 5419
4739 1373
3300 5273
14167 10059
11638 7502
12389 6207
12239 1072
3557 6331
2598 13372
7122 7222
2806 2751
882 1709
1822 10049
12523 9673
2032 1141
13451 11510
487 7678
1405 3589
2545 7674
13139 7679
12126 6851
2653 3356
10803 14117
4316 2962
3452 7911
11858 906
9035 6532
8404 13637
8286 13001
11470 9407
3984 2834
1774 5101
5873 1722
11362 13184
14798 804
57 10523
9366 4016
12038 7541
12306 13322
6520 3277
11075 7434
10068 6134
14452 9059
9482 13512
13873 4168
8886 5374
12823 13958
9918 252
9751 6128
9680 11272
4347 9848
681 13233
14066 3224
1283 1519
318 9842
5819 986
7719 4518
8170 1840
12853 9262
12784 11358
5651 14088
7052 3839
72 3185
1236 1616
1234 568
5182 11754
6380 55
5910 13441
11971 9258
12565 4286
8676 11061
6659 8087
9562 936
9684 3196
11129 12951
872 14992
14017 4816
1586 8720
117 12095
6243 10809
113 6063
11901 5313
3873 3237
3675 14844
2675 2898
11172 1721
6483 6268
11246 11436
918 9127
12588 7994
9176 2137
11998 620
2543 281
7719 2570
1275 14486
6071 12656
4003 12804
8252 2208
14983 7130
6576 12394
7642 10922
11202 1413
1275 7446
14090 13304
10977 14473
7469 4054
8708 17
7463 28
6548 6726
11210 276
11099 11231
10359 5556
3411 10874
10341 12035
12418 12480
13901 13587
4281 10868
2709 5892
8791 2685
5880 7480
244 3012
14578 2695
8940 988
13016 11436
8881 2814
12138 8639
3092 6860
1123 3260
5345 11260
7042 578
2774 5613
7281 4151
7674 11654
1251 13016
10502 2495
4892 10101
9860 1694
8163 9420
14635 3743
14953 6677
12821 2516
470 9630
11772 13165
5144 4918
4558 6333
1478 4561
3315 2673
4607 1608
11144 2922
1024 3957
11049 14842
10082 14689
12790 12689
11436 3152
280 11903
7017 3073
1074 9590
2279 14110
9701 1323
5812 6542
4013 4468
9490 1658
9479 10357
3898 32
6095 8146
7224 6907
7715 8630
99 13455
6038 3671
12713 5057
3848 14554
5717 4728
8355 9930
1830 4227
3986 12888
13330 14363
13921 6794
8816 4943
1817 5630
11604 8884
9555 7572
7122 11930
6781 9627
14776 5399
8552 7857
180 11462
5236 7718
4830 9928
8137 10583
14075 10435
5679 1472
7906 11820
10698 1904
8482 14857
8857 13975
7797 2007
8661 563
1160 580
6978 11616
8857 11803
79 8191
9711 10282
9398 2085
2493 11516
1627 8501
5415 13590
12653 2065
1544 2571
7057 547
774 2836
11857 10928
6493 10014
8263 14148
4943 3030
8801 5670
9562 4137
5913 9054
91 458
8216 13704
2385 5560
13386 4230
3147 8658
12505 9126
13409 4345
1703 3853
14974 11620
1343 11021
10624 6793
14949 2010
8052 8064
6136 1726
14875 12517
6366 11120
4983 9884
14362 14068
10628 3832
7155 9579
14090 1387
14770 6261
12859 14234
12254 11931
10234 14573
14214 9600
14296 7270
6259 14673
10508 14427
14589 2292
12777 3290
152 9963
137 13574
13672 9549
8778 7099
9116 10904
14608 452
4823 5444
14277 14762
2201 10193
7582 10027
3610 925
1891 14017
5749 12226
9676 7700
6819 2734
9150 13056
13480 11670
11379 13419
9853 1118
8836 10421
986 2321
1797 10947
4257 7224
8347 12995
2006 9162
7648 3554
11655 1871
14799 2487
8934 4324
11356 6394
6260 7210
10765 3292
10399 6462
8297 3704
2932 3137
1650 11687
447 4288
6669 7165
10689 4698
12858 1716
9818 106
5642 1937
2824 5102
8133 8803
2583 9440
5159 8565
5866 7495
701 8859
11660 2194
13188 11323
9375 4346
11032 8309
7943 1702
14219 14615
5942 3826
13363 13005
13580 599
462 1100
12398 14168
3108 4734
6316 7650
7424 2925
1338 6912
9602 12412
4904 10041
7246 9471
10201 958
3965 10736
2315 13257
4387 13689
3156 14463
1473 1367
9295 14409
1826 6343
14573 11357
8260 7861
12744 1924
7767 11217
2979 2312
12858 5269
8736 8119
10301 7205
6386 11820
6298 11731
4014 11515
13694 8509
5968 2779
13196 12819
4996 12304
7129 10727
10407 1590
7942 9913
7475 2364
5246 1093
2333 9255
7190 11066
1053 8062
1910 552
5097 8165
11463 2368
9339 5317
12673 6401
10337 1930
1141 2167
1283 5251
6361 13157
3114 1679
7717 12678
9773 5455
12976 801
8824 13718
10470 3336
11721 12011
838 7327
6455 1811
4781 11182
2353 436
433 2163
147 9934
12846 12404
12435 6329
2533 433
10335 3879
5721 10228
10738 4178
6648 8781
3725 12484
847 5322
1937 9848
10934 5365
3035 1631
11628 11622
6087 2557
10623 7087
5630 12199
12959 10190
3678 8841
5051 12675
11573 10274
9887 13305
11167 13504
12141 2683
5850 1685
1827 10012
638 1870
9422 10242
4086 12663
10029 4921
7609 9638
106 12309
14993 9406
9244 7800
9889 15
13817 1025
13781 8278
10987 6860
770 4522
1264 7773
315 12057
12186 4942
14268 8559
12940 4124
4616 1591
8712 10233
6361 7157
2162 7283
12656 6948
7344 11751
7382 3199
2245 8428
8094 6010
10464 4022
6918 8367
13787 5186
10509 2117
10735 4880
13248 11748
6387 8995
2946 3874
7151 11413
3828 6980
5432 2010
8097 10485
655 12894
6372 2602
12318 5046
12608 12314
3473 5730
4734 7585
8017 9206
5409 1709
14052 8474
3729 6430
10990 3471
14109 14556
6027 6802
12802 13884
4701 14755
2659 9489
14558 12769
5259 214
5638 9293
1713 9469
9881 1029
10240 10598
8121 5588
12235 4698
7726 95
511 5845
14615 8392
7425 14144
14636 4311
11662 11611
2272 5016
14786 6179
12682 9131
5510 7072
2857 3325
14407 5269
757 14280
1894 8991
302 1434
8065 12295
14106 3598
6121 12137
4133 11309
14901 7719
4808 108
14230 4687
4794 1271
8176 745
13034 2650
4416 1656
14815 9117
2160 5966
8761 6070
4653 13564
578 8578
4238 4360
14759 12137
12068 4359
11372 191
11885 9548
10748 5822
4278 11404
4660 12384
14664 3319
12775 2189
986 8135
6765 7305
13885 13250
14186 14842
3665 14779
7994 3669
446 14980
12759 3992
7211 4673
13724 8394
3917 12115
12588 10950
5010 2756
13503 13540
7492 13585
13432 4546
4901 7018
4305 10522
8966 456
9452 13955
7701 5183
11489 13624
7139 6007
6269 4386
3943 5589
9375 10852
7948 13340
14886 13907
8029 258
9050 88
1837 4022
9594 8980
8411 2441
3189 1625
10075 217
3628 3170
4607 6780
6345 9119
13437 9135
5211 3627
13768 10563
8058 4891
14527 827
14090 4098
1705 8658
13265 2495
2113 1494
5135 11193
8967 6976
8298 10554
954 3089
11805 7162
13194 9757
9340 4742
6575 10168
8732 10563
105 13121
7588 10972
7847 2005
13992 3062
12656 2705
12830 7775
8630 7586
7509 6736
7265 14750
4366 8078
1067 12656
13100 9822
7532 8814
10151 12891
10742 12259
5531 10989
355 5828
10064 958
2593 4546
7461 5093
3079 8254
12596 8043
5660 7675
13338 1862
10843 3478
8178 7830
5244 13722
2779 12130
4749 1485
4330 11336
14224 9938
12372 9923
12 13006
14893 261
4588 6002
11337 11493
13865 5178
2519 21
3192 370
7086 14860
198 2741
2289 10914
12411 11677
8293 673
9395 3739
12710 7675
2592 12226
8963 564
3320 6987
9734 7251
12171 11363
8212 7425
2403 9044
10058 11752
11286 4700
10114 7658
1073 3278
1818 10673
1740 9198
950 14351
12109 1166
11977 1435
6351 10307
143 2398
13075 10325
4949 14383
1672 1893
609 11817
10701 13226
8609 13734
2786 7593
4813 1112
1219 7354
513 7303
7248 7239
13301 5447
1753 8869
6598 12184
14744 7473
9930 3147
8764 3284
7760 1467
7249 2744
9144 11486
14754 11695
3039 3394
7886 9515
4469 7624
7477 326
5965 14895
1036 9980
11583 745
10935 11556
13970 11576
13207 6093
4341 7845
9610 1676
3151 11907
8500 2419
4724 4310
9609 8842
7080 3219
7077 2627
220 1585
6205 14349
14469 10789
4456 4050
4296 3205
10914 5134
11638 2045
2714 11363
14533 12075
3365 4010
6411 14887
10437 11961
14642 2019
4719 4638
7315 7401
7067 2673
6700 9797
6753 12296
8951 10040
3385 3510
8849 8145
6102 8609
14552 7139
11436 6761
5997 11191
4666 5264
4703 12699
13262 12844
10659 12549
13208 5157
12348 9871
11114 12416
14659 3742
6432 12193
10905 13457
21 6188
12033 13404
11577 3972
10475 9633
1474 14943
4022 5517
271 2143
13585 3169
7356 7953
51 5155
7343 5377
3516 3344
9940 4951
2655 13341
5924 7524
14166 2529
13981 9359
7201 5517
12775 2060
1797 5722
140 5415
7278 12036
11281 9211
7719 2964
10123 284
13496 11054
7637 7574
8030 11181
12245 13634
9587 11376
6194 8419
3248 3650
9554 8910
8824 7830
18 10791
13183 4749
12995 12694
6250 5680
7137 12587
5154 4950
1607 12238
12152 425
920 1802
7877 13310
1845 10376
3909 5492
1222 12589
2449 802
3365 5111
2958 13666
6702 5959
1015 8671
491 13234
8873 13451
13841 6710
6706 12501
1170 1682
5731 10535
470 4789
310 7110
186 10116
1089 10317
9464 7341
5709 12792
2576 5963
13694 10981
13274 470
2471 6524
13425 3232
3983 193
4758 1180
2233 11790
223 11170
371 11922
3087 8373
2593 7282
4472 4678
14122 4678
2550 5950
12345 7456
14015 12693
4085 7843
4581 8148
5284 8778
3292 10347
1349 3750
8188 11317
11825 232
4442 10412
8615 4968
6321 1811
10077 14089
36 13559
2656 8416
14633 12211
2984 10884
10297 1976
11603 12726
13305 8419
2993 6662
6645 12494
454 4677
5240 14772
8295 1005
8954 10376
5883 6951
2819 763
3731 6017
10872 3443
9507 4685
12314 947
3395 12929
5395 128
14094 1469
10854 323
8451 4066
5515 5898
9823 12255
3056 10885
9386 8397
5421 8999
12724 2520
11211 4391
11239 11728
3889 1161
10456 5206
10560 11261
10864 13465
5806 9990
11665 6367
14363 68
7316 2573
9240 2100
851 8589
13026 5646
7355 6863
2501 13274
8081 13944
13413 9178
3644 1542
4160 3137
3721 11946
2250 0
12139 13564
407 8188
9784 1493
7465 1701
9031 14337
748 6949
2738 12401
10121 4762
5632 11893
2402 9802
11639 221
1171 13472
8705 29
13035 2764
9791 13993
9167 2101
8124 14123
7335 805
13696 8319
2168 5603
526 10033
5986 9903
6368 10651
2264 11040
1907 12998
9781 5111
3182 10636
609 9460
3296 8037
4838 12438
7558 12589
10349 11079
5140 1351
12138 5333
1113 7580
6965 13066
12084 2480
2623 14261
9930 8079
10382 875
4622 3698
414 823
12532 5914
8124 4691
3746 8097
13396 13663
3394 11843
9543 7779
3104 177
10512 1110
6494 5135
6395 7045
3738 1220
2688 10806
4065 6704
8545 12956
780 1638
6119 133
11468 5262
4562 13983
5248 9023
6999 11335
11167 10682
5482 12031
9238 10200
13564 7609
6581 9764
3597 13776
4926 10033
7044 2603
12835 12838
11194 10000
12777 7113
11555 1517
594 4471
5996 5805
8102 11459
7622 7218
4667 9479
9965 12520
9639 7533
5639 7177
6531 5332
4931 8959
339 14872
11265 6091
6335 2969
5851 4518
3407 14917
10070 1608
9769 3186
7323 5137
11987 4871
8213 6416
8856 11629
3457 8100
2238 107
9651 13295
12555 8702
2559 7305
12911 783
5778 14417
415 8419
3026 5786
9993 4304
1948 4569
1734 893
5102 14571
14552 3178
14008 5647
3173 7007
6837 6224
12483 7990
3639 10057
3894 3154
4209 9162
3831 5426
5640 7148
11658 8574
4744 8081
13610 13136
2745 14348
11794 11478
12030 10117
4870 13951
3026 14040
4590 5179
9780 11037
9125 14007
12243 6343
4537 108
11811 531
9441 5825
7957 12514
7985 3474
1862 14557
2230 13543
7075 3063
13168 8120
6874 11249
6501 10522
9722 9555
9276 7579
13751 9756
7146 11532
8666 13588
6249 12263
3680 4427
8048 3559
9605 4258
12857 13752
5705 13474
10545 8973
9224 2421
11889 7608
12105 13961
6718 6914
3459 11288
11637 13970
2489 8186
6685 7953
8467 13837
12171 3273
412 8506
11207 5081
10955 666
12383 11491
9995 11745
5623 11244
275 9405
13287 7041
77 14309
5169 10276
12922 5639
14986 14811
13683 12722
1200 8534
11354 8384
9670 1552
7366 500
6615 4427
10505 7413
2548 7504
1281 6607
7552 13378
609 4096
12397 1243
12436 6218
11307 3185
10963 5676
8794 13346
10913 9267
1592 10504
11110 8639
4793 9324
6781 7451
466 9904
3028 13913
7773 12362
8657 2869
1742 2880
7245 2134
14732 14209
4382 6741
9135 13687
14042 3853
14214 3212
12861 13027
9391 6720
12968 2375
5636 6056
5192 6487
4055 6265
9243 6530
7023 5250
10617 2634
753 14723
4701 9952
1640 9051
4368 9606
4700 847
9505 825
2568 10948
14454 13442
8174 9840
2620 5868
5225 8968
5616 4344
7674 661
5216 6121
1679 8944
8467 334
12658 1765
5840 10241
7840 2666
12810 10020
2026 5659
13114 2202
4788 14970
5165 11331
12602 9881
11422 1764
8206 12715
3091 4105
5433 4356
13797 11347
4532 5937
12300 2602
7550 10110
13755 2437
1204 4845
8431 672
9233 12764
10673 5712
12340 14509
8047 11548
8763 10725
12083 9646
9973 7138
14277 7522
4977 4627
4955 12969
14327 13193
5463 1478
11409 8105
11185 10313
14014 6566
2187 13252
14268 5324
9154 9031
11884 13126
7805 5258
10466 3206
300 10376
8943 1869
5684 12385
13132 8043
1666 762
1528 5236
2177 10336
13992 6683
8446 5886
3939 12810
7423 6475
1841 14170
9109 7293
5588 5024
1893 10658
6829 3460
2393 1486
1932 3721
13959 13644
9867 13296
8432 12763
3222 4096
6841 8975
8057 9976
6012 5315
2989 3829
8526 12410
10479 11384
12067 7818
10946 14385
7041 8750
12520 12400
1185 10448
7136 11024
9995 12704
6701 6296
13084 12871
11985 3406
9826 1341
6545 7481
14391 14331
14121 6638
7280 12041
14430 9166
643 11736
6917 2626
11159 4492
14451 3125
8697 13256
2944 1108
6620 10481
11088 12672
12722 6899
5140 6333
1059 7570
10102 13476
12491 7570
12297 825
12613 9737
9179 2941
7551 7740
13232 14911
3763 3193
6733 3069
9809 11428
13153 9512
9155 9532
66 3346
802 6528
4303 11041
13312 12116
5689 9859
13281 4221
7368 9768
6317 13186
2354 6396
6703 9407
2761 10395
2910 3289
12717 1351
1510 7051
3594 1016
13756 14991
11489 479
9380 12311
3814 8268
9455 13038
6611 1204
8759 2164
4815 3003
2504 7379
14917 12000
11365 11784
5116 8661
5721 4419
13088 833
4130 1312
9723 4025
11465 9087
14555 11026
5615 994
6950 5848
12041 171
5343 14980
2841 6991
10742 1760
11641 10286
2163 14933
10371 6775
12601 8686
4935 7994
9913 13835
6915 7562
2730 2361
3196 13165
12513 14451
6853 2262
11069 10419
4778 2090
4149 473
11741 5510
12727 4039
11390 14204
12207 11685
11312 10950
12112 12324
3382 9082
3722 14510
2449 8905
8852 7349
14375 13289
9407 13478
7296 3758
4698 11195
1797 12368
11016 295
6303 7297
13156 7812
2832 14711
1056 9452
11768 9144
3502 417
3594 5990
8327 11486
1307 11157
989 14094
2239 1983
621 3878
10072 7538
13291 212
1712 8184
3649 4920
3127 10349
8015 12109
2249 1316
10255 14551
14490 2394
2818 14762
5630 11761
9936 8153
8456 4813
9198 1964
3083 2992
12956 4058
871 6382
2435 12910
6419 7900
3994 4734
11420 2264
6121 3461
8119 8287
9539 13389
4751 13842
14608 5003
8031 13977
4604 6474
5141 4578
9644 3232
479 14193
10646 4606
8560 8948
2066 5334
14884 12530
8315 10747
3957 8934
10514 3716
574 14427
5537 5400
14595 9097
9472 2438
9891 3851
12819 6105
1165 10690
6679 5355
7981 5338
3065 10770
10908 13149
6992 4243
10923 14142
3075 813
812 8677
10309 12078
2463 12706
5093 13897
8125 7627
2879 5476
1772 87
14417 5197
7501 10281
3306 14473
8464 14563
7011 11300
7589 3971
11285 3262
2903 8243
4197 10815
2672 10087
8674 7120
6153 8793
280 3145
9391 9750
10884 4903
4722 2279
14979 4425
1383 14880
2183 651
4499 3467
10082 11975
391 12271
7671 12732
9863 6914
11249 607
10192 10627
3620 13193
1706 1170
571 11003
6336 4747
4667 2519
14006 3356
3732 7910
13340 12434
3390 4094
10429 4193
12112 9596
9002 13119
4098 8853
5111 9185
13802 3055
11994 9055
9328 3896
12963 7622
5088 2483
5780 12471
12460 9110
5484 10199
10775 451
2600 12093
1716 5126
7742 2356
5390 14837
8918 8756
7433 9717
9841 3577
2098 6620
3207 5984
10780 765
14587 1477
4472 2519
6826 5524
11263 4838
4041 4928
12275 1117
2576 8205
1374 10187
270 5886
723 4512
1781 10411
9524 14402
1524 5386
4073 13933
411 7203
2786 6660
8757 996
1923 5903
10765 6656
14052 11128
9960 11547
7817 4983
2563 148
14422 11391
14409 13867
12134 98
11129 12664
217 13458
6955 12106
9910 2208
2166 5646
10035 7847
6067 6019
14057 2123
5973 14884
4479 12992
2711 3839
6345 5706
6270 14172
10599 12934
3958 12919
9730 2079
1229 13703
11202 12541
4598 9314
3785 2028
9813 9765
9063 13085
1887 7498
4411 10337
12290 1331
629 9089
4544 5497
10869 14669
4279 2367
388 9595
6654 13278
5778 13813
8300 11557
8348 9600
2622 2907
3923 3166
2345 3861
14057 6323
6518 11254
8340 122
14030 12754
365 11646
12866 6252
9332 4301
12396 5958
5399 8676
8926 10237
14209 6626
9539 5037
8397 9247
14746 6432
13613 4098
11493 5160
6115 14159
415 5661
9429 11353
1833 10711
7140 10488
9062 156
13425 3402
5402 12538
4453 3782
12919 8917
12402 4876
1048 1028
13158 10082
3781 11709
11214 12120
8932 1522
6668 14956
9272 3626
12838 5867
14004 3385
1245 14149
6122 11959
12943 10036
2683 4570
2608 12265
2369 3418
617 8884
12501 5622
12536 148
610 5164
13242 7356
8334 10458
5353 904
11275 1485
6664 9811
91 13243
838 10217
6070 10893
6461 4633
13598 2574
2674 3855
14949 11224
3252 13149
4923 1187
3685 2122
7123 1312
13724 12872
14778 632
9075 13542
5705 11044
7419 13385
7633 1191
8013 8317
9809 9753
14089 5927
212 9214
13838 3812
1138 11399
3831 3204
14040 5657
12829 2975
1707 14862
6136 9792
14364 4083
4041 9057
7256 3889
6072 12133
7394 7434
9112 11579
11440 2697
158 2523
177 8372
6272 11277
14690 3799
2774 10247
1879 5224
4996 6155
7237 10052
189 6067
7226 2110
11222 117
9376 10624
13233 5575
12394 11731
11711 13062
10025 7207
11133 12772
13417 1636
763 8086
9381 6592
5836 14046
1874 8255
12020 122
8172 12152
11412 4140
13076 3272
8742 3395
12990 4903
9513 2951
5 11724
403 9305
5890 175
804 9474
4613 14058
4384 14854
3717 5196
9883 6543
12307 6877
11899 12089
3666 3469
5827 10023
8279 8485
9099 1484
9405 3565
2640 8733
11182 4047
6484 4266
3302 2309
1338 9953
7477 1000
0 11677
1352 4917
14944 8548
4982 2143
6665 3794
468 9653
14591 809
5494 9385
8437 5170
4596 12005
11917 1737
4586 11222
1842 169
870 1900
12179 8069
2636 3785
4476 10019
11633 9906
5242 8872
8247 8779
3359 14812
1022 14646
195 7860
3038 7882
1821 3120
12759 5108
4593 3071
1461 6344
4467 5850
7392 11949
10249 6934
4516 4552
6609 390
7999 4253
5802 2511
10847 10646
7948 13526
1550 6265
11667 7269
10814 14960
6769 254
9176 5108
1375 9665
9882 10312
2820 3531
14248 1041
9598 14259
9007 7882
11103 1582
9677 12332
6465 2180
6412 13663
6857 8102
9825 14629
10118 11591
4601 6861
2499 7948
14183 8037
9806 8624
7891 949
14356 7051
816 4708
8909 2036
9013 11792
2102 8370
12720 12728
8969 6177
7462 4808
6914 9537
295 9240
13753 14927
6078 4903
3698 9122
6533 9112
13501 6005
13216 3534
8285 8131
12251 2955
12647 4415
6211 2785
3566 7545
1713 4684
9354 10515
5259 9016
8273 14206
7457 6754
12844 2874
67 5298
3211 10802
1230 12987
9133 6228
4069 6857
257 14221
853 8015
1063 3865
13849 11415
1039 6026
6972 10371
11536 9223
6802 6404
3418 13056
7700 7199
3266 737
9504 6515
4300 5783
9254 4449
598 10347
6450 13277
12413 1978
7004 12865
1754 13259
7578 3403
7959 842
10932 1497
7066 1243
14620 10625
14175 12641
7503 10776
9635 6047
10127 9506
4608 2573
4312 8615
678 10738
7089 9021
10488 11441
3931 14608
7231 12313
2359 8891
2144 6782
4918 13596
10731 4403
10206 4106
8578 2377
1648 9555
9901 10522
12380 4515
14491 13146
314 10995
3136 12741
1350 1508
2944 2713
3442 7873
2811 2170
4994 9972
13541 2757
8375 6001
8211 8453
8351 42
4095 3410
9365 11460
3628 215
12738 4860
12369 3600
288 9184
10118 434
13053 6103
160 890
13056 3134
6259 1161
8455 9728
4999 14840
2214 7403
1920 13947
2467 12882
4145 3723
8361 8191
10237 2057
4341 8840
4547 7920
13212 11971
13775 8027
12906 3856
1102 12557
13380 5038
8193 8296
9562 10965
5830 8847
6241 13557
9768 4874
1451 2114
2641 6450
8995 1374
7619 4405
7034 9590
1069 3693
13292 5882
2529 5452
13722 6637
6957 803
3629 9451
3585 9460
10181 6773
5269 7369
4647 7605
5831 14613
14254 12480
1209 3481
2747 5054
10958 1006
7720 12300
10390 7801
12898 7470
9082 12387
3363 13360
3203 14084
10548 14602
1782 7748
13251 14490
8938 2404
2526 7539
6183 8385
3740 14986
13351 3104
8568 9135
12197 580
4990 12419
12004 2066
5229 4549
10238 557
1787 5113
7290 10129
12328 4446
4089 8239
2188 4998
8891 4628
3554 14371
9492 12056
7438 14584
3791 1963
3433 4187
4261 970
4325 10332
1738 4514
1514 10537
3017 7779
4539 10536
10295 3705
7653 3730
1218 6571
12268 4302
11138 12693
3306 3224
599 11328
6021 10661
1993 13559
6226 7185
14173 7994
13255 14
10600 11695
7517 8867
4711 12953
8133 8504
6480 11434
8134 115
7872 833
1645 9996
6794 13308
11949 10129
176 12378
13886 3444
2178 1796
8041 6141
7727 5417
13604 13064
2996 508
12171 6440
1776 14066
11780 7645
1222 6002
8714 3226
8123 10919
14483 6553
7748 4995
1772 5064
14021 4532
10152 14101
4308 5287
14651 5757
14581 1616
8160 3099
10209 11909
206 450
6146 4624
9450 11476
6755 6962
14086 11894
8262 8984
4581 11604
2654 6605
11073 13775
2145 3349
4618 9935
6967 2662
5577 8547
11257 11923
3086 10554
13008 12706
10088 2776
3771 10217
7912 10440
8847 13503
13732 3462
12734 6068
1938 13867
12302 9246
8742 12734
11480 4405
14296 14984
555 1941
9439 5690
874 8826
14444 1727
1929 14938
9577 1786
13026 8275
5584 14306
11422 13964
10571 14953
1665 4293
390 8546
12253 6928
12368 7871
9583 12996
1986 12651
13844 8596
5638 10813
2320 3392
11014 7155
14660 13942
13183 12916
10020 8489
90 9487
3526 6027
9784 6440
8157 1959
9833 11067
7395 6066
9308 543
5829 10553
10794 9648
1949 13659
4460 13355
1462 8188
6057 7057
12003 13018
8450 14136
3046 5014
12267 638
8224 6540
23 10074
856 4390
6432 2346
1853 13842
6033 5565
14859 13376
8824 1329
11860 1680
9029 11071
6841 11337
12772 11705
890 1914
5625 8036
13046 14952
7770 13273
2440 11246
3842 10544
3164 13474
13223 8385
771 12928
12463 10606
2847 8988
9585 7373
4960 2827
8383 14631
3071 9226
8957 2636
11969 1990
10375 9168
11964 4671
9480 14892
8163 12254
8590 8784
7612 5313
2618 8475
11857 6820
4526 1600
8996 2385
116 7105
7825 12268
476 632
13294 2749
10248 1545
4535 1813
12244 14768
9627 7424
7054 1608
7157 367
7446 2850
335 7621
1477 9895
6568 6092
14676 8556
10994 12646
14281 6622
4472 14076
5326 7480
5644 12010
6660 4829
12204 11272
7151 5626
4774 10556
8078 3707
4553 14052
4567 10624
13202 14322
1395 7970
1317 13801
1311 4182
9853 6185
7984 10415
10198 12081
6470 2038
14720 2948
9390 12150
8634 2830
7297 1320
10836 3399
5737 6518
14063 14822
8967 5582
1908 11562
12986 13275
5856 1496
11762 13152
13324 10679
543 13430
2523 13197
11485 11970
9300 13280
858 14788
13876 14734
3586 6945
4653 11040
3322 12992
1028 8391
5589 10222
9587 3470
14100 10953
7302 11802
6728 1432
41 11766
8072 10198
8787 4304
8076 9441
10574 7819
3556 9476
9838 14568
1993 12174
12503 7141
10249 9876
13123 7948
14202 14302
12984 11061
3362 2204
8128 7401
4776 6541
8277 12208
3950 11843
7774 4405
8695 7790
0 3478
4941 1271
2576 4164
13517 2109
11154 11489
13884 6884
7237 12324
11328 9369
10186 6787
4876 10651
9896 12523
7953 3390
2304 10758
13710 7484
13749 10105
5317 11222
6822 4494
4157 8744
14987 10555
1913 2605
12238 7997
13289 1677
14287 4785
1044 11528
10540 9613
12461 4151
7686 2789
10143 2354
6656 13655
4648 12708
6490 7859
12611 7629
3697 7556
1865 8776
14754 1583
14316 6742
207 372
11088 6157
9957 1850
4577 5027
8954 12602
8568 390
14798 13269
8912 2926
12090 3441
10984 14194
12528 12188
9485 3323
342 2662
1727 10292
12883 12586
557 625
9932 6287
564 9421
6817 8317
8827 6284
2199 11290
9569 14080
5634 3216
5882 9358
11268 454
1865 3289
6649 10579
9083 11986
10635 11748
5387 4595
1195 14112
14719 3896
7301 11767
8326 11637
11143 11637
3477 6721
11890 11066
6792 5350
12181 12840
6121 12714
12272 7812
14644 10302
7403 11510
942 9671
8124 2513
11401 3928
9805 10806
10109 600
13223 11859
1829 6165
8600 5545
1545 8506
586 14441
3413 4276
6765 1409
3894 489
9101 6342
9135 1191
8369 7310
12914 12877
9670 6144
7934 12544
4501 11872
1081 11359
1557 7998
12870 5635
7570 1804
3653 13567
8963 12153
14816 3532
3461 5888
877 1181
7396 7488
4553 3175
1532 11810
782 13030
2600 1018
39 10140
6370 710
14222 14423
7716 12735
2567 13248
8649 977
9622 2055
1725 6016
1793 4785
12548 3997
3714 5603
1895 12604
10895 4194
12206 12121
3333 7795
4401 6401
12749 1493
260 11297
11718 11263
3288 13075
3080 13420
10439 149
2701 12691
1267 4078
7028 956
2976 8746
10739 2051
12293 14719
13571 6385
3829 12425
9214 1764
2828 12792
1944 4980
2260 7520
14443 737
568 12887
4605 1632
4233 12721
7498 5707
2362 8289
3268 3740
7023 12645
3909 8258
2307 14969
13669 256
9444 10287
7614 507
1917 9900
9284 11819
5588 13890
4147 3353
2978 6842
3280 6951
2003 14288
6718 8544
14150 10684
14206 7001
1750 11676
4081 3728
7273 2639
2814 10522
10706 2373
8795 14512
8628 10298
11438 6462
1423 7219
12953 5102
7914 7729
982 890
14028 3800
3730 6523
10946 2739
9820 3759
8134 6167
12962 5241
193 1923
4772 7113
4464 14512
14081 4562
117 9719
9986 7618
7313 9740
10233 2492
5138 14355
4762 5225
11255 14586
13739 2801
3957 2734
9839 871
13780 2642
3539 9112
5486 7718
5944 5804
7954 10029
7918 9510
7453 14289
10443 8600
598 13958
6015 7733
14439 2723
13764 8538
12418 8500
11799 1900
8470 8121
5459 7331
6162 10087
4030 13939
14961 6920
343 11297
14378 4245
5579 1285
11153 9280
10370 12640
11221 1087
8422 9445
2661 10895
4423 1573
531 72
8108 8984
8226 11571
2438 1707
11120 12744
5191 419
4064 4352
11094 5919
2294 4155
14774 7415
6041 10852
3008 10984
792 972
6251 13816
11548 4757
4329 1410
883 1221
5385 13870
10524 8461
50 567
3946 7815
14818 7466
560 13027
7266 2089
10921 8238
5654 5288
14026 14988
14660 10063
2538 1875
1536 7312
4231 14917
5091 14304
3859 6159
7518 7019
7984 1585
7155 1196
9991 13891
6192 1416
60 735
183 14213
9467 2775
186 5267
2858 1074
10343 1699
10461 3177
14374 2107
5204 13034
5830 7419
13407 2383
2642 9645
5064 8107
1774 11116
6096 1382
12366 5667
557 5927
10176 6626
7977 11222
4361 2793
10644 10961
11811 13997
4198 2007
7904 8888
9036 11107
9001 5151
4968 2133
9242 3025
2147 437
2060 12686
4439 12903
5678 10575
13406 14537
9817 4862
14814 2729
3158 10777
10353 9975
1699 1647
9186 7178
9751 7165
4807 3408
11663 4073
5143 9060
11684 5607
3661 12555
10882 3726
9858 9179
3796 5084
8425 3999
11581 6293
4860 9495
550 4026
13460 6674
14376 5186
6374 10358
11651 11819
14259 1119
13806 12913
9202 5381
3994 1362
12652 13254
6296 2835
5100 4839
11671 12921
6836 6249
9360 4531
7231 11630
11228 12261
5258 9771
8030 897
9974 3149
10210 6996
3352 7329
3522 3556
3351 8290
14170 6348
9395 8163
2804 14651
4007 7894
6208 12680
14657 6386
8929 10980
4452 6174
5728 6676
12099 459
8775 10102
10654 320
5523 12958
5751 9988
422 12117
11272 9682
