8500
13786 14876
11259 7104
14043 12911
12278 14743
9863 14891
6508 14703
687 6791
9769 2332
910 1757
6753 8769
6623 12764
14798 14760
14923 6576
10917 2869
8682 14703
10969 6919
11102 6435
4938 8673
1320 5268
4225 9178
6573 10538
14468 11874
2548 9297
2126 2224
13654 2424
399 11793
3353 11944
14136 12027
8573 2274
429 9013
14638 7016
11268 4919
1879 1493
3615 13140
1134 5726
9346 10948
5600 14192
8710 4797
5118 2467
6601 9650
2913 8855
9526 1968
13200 13513
13444 1433
11086 7804
95 6529
763 12631
9786 4171
2638 13408
12729 5686
9984 11166
12711 1127
2580 1069
6015 1983
4409 4691
14173 5464
5833 2220
983 3211
11518 191
6012 6433
2036 3847
14007 12919
310 10669
4552 8290
12830 14656
8939 10409
12405 416
5231 6835
8015 4652
14222 5987
14528 10765
3236 5222
7353 8761
523 7246
8030 11260
4427 8250
4963 11229
13929 5111
9730 9116
8884 5394
4709 3933
7405 12230
5125 11323
6128 5095
13898 5211
13168 2888
10324 5941
9405 3709
14173 4880
2605 12689
5953 9669
1484 9038
5418 13052
5208 14476
9334 652
4396 2888
6368 7257
13990 14175
10176 1877
13977 5803
14372 6943
284 8525
4266 10699
319 14194
5936 2639
13557 14599
5250 2632
693 9472
8474 11106
13416 9755
6086 476
2620 266
12590 7405
10123 704
9745 3856
12514 12712
12610 5795
5697 2061
11229 12164
9028 13647
9672 13064
1421 7868
6933 1443
592 9835
2509 4034
887 8853
688 6070
4083 12957
4036 10122
14158 564
7112 13227
3401 4033
4383 5740
8788 11031
11959 7710
11043 12655
6201 10656
14308 11342
6370 904
10254 3605
10326 14172
13651 10612
2915 5638
5389 11730
2207 2778
8677 14383
7540 10769
4897 6537
11995 6276
4222 3967
1271 9881
3110 9239
12462 9350
7145 10886
8672 9659
11685 959
10088 10606
5396 13595
6933 13407
13369 7295
10165 13404
8109 11033
12342 12253
8532 10354
3674 12740
12867 9596
14220 12886
11029 11720
2052 11424
12208 646
2727 5139
7328 2504
8199 14761
2217 12886
9209 14272
8684 1841
3356 12414
769 640
337 415
10581 2387
1134 8353
9299 3390
9703 13149
8296 14528
7425 10124
5507 6208
10714 2049
655 3340
10834 1367
9343 14111
4991 11120
387 12023
8619 4653
11248 9378
6820 6016
800 3013
110 11160
1782 927
14943 9992
8732 2748
12043 3190
11898 7959
4273 750
8490 6136
8942 4844
2820 3124
7657 1206
10128 13133
7128 8866
9612 10338
2489 3173
6447 3489
8672 13034
3922 620
9075 11615
10849 12792
10426 7523
4139 11950
3507 3868
4293 14421
13627 5066
1112 8256
13477 6795
10427 7632
5444 1322
13725 10368
8305 9893
14221 12579
3936 7151
14570 3955
592 2350
4350 1046
412 5314
668 3928
9775 12903
4668 2861
7378 8538
13650 4213
10648 11417
8309 8077
1845 10301
2538 6946
10747 8431
13736 10301
1691 11292
2877 2232
13623 8276
7769 14102
6786 4625
10225 9738
7126 8006
13064 1070
528 10831
2514 3045
7155 6627
14120 2342
3179 13453
10993 14246
1015 13904
5545 43
9026 1742
1801 12768
7929 9751
3911 755
2057 14523
6641 7009
4261 3176
9099 4587
4052 1576
10482 10963
9095 12570
13003 13599
10136 4447
7414 8385
12324 4208
1248 13560
12143 3439
2213 10215
11967 8701
2053 1723
12226 2960
3464 1817
7709 11705
6228 702
1923 13610
1659 7104
13748 14569
1906 13708
11749 14887
10558 8839
4225 10027
5412 13228
10430 13973
9542 12954
1923 2901
5514 477
14706 2118
14235 2651
724 13590
1865 7471
1326 12732
4144 357
300 4380
11283 4275
10218 1340
3741 8513
4351 11679
2648 9949
2434 12828
8170 7826
4701 6850
3521 13947
541 988
8390 9054
3672 5497
14889 8089
1619 5726
3699 11784
3784 12222
3755 9488
9656 1194
7405 160
14607 6805
9103 5675
1955 1410
7062 5247
1583 13656
11019 9077
12773 4959
13949 12172
12069 14473
5907 6509
12 2119
3259 9613
13643 3877
13135 1461
9522 659
13345 1831
922 316
5822 14602
7225 13646
3785 2709
757 5143
4685 11279
14978 4548
6037 5119
1218 12857
334 10617
5927 5734
13230 14551
5415 11899
1597 5420
3036 14097
3809 2476
12960 2083
2842 1580
4468 2918
11435 10901
7221 14390
3306 3534
12481 4975
14094 4223
10147 6157
663 14934
3419 14209
14029 8827
758 5713
12988 6238
169 8660
12749 14837
11723 2583
4354 2770
4144 492
6284 14048
3728 12525
3783 6508
872 14268
12734 12183
3139 5407
9541 2119
14225 1353
7086 10191
1927 3764
2606 7948
8993 2161
1695 4044
7563 14925
12742 6062
3969 9207
14739 11533
10054 11317
224 4325
9343 13159
3327 9062
2010 13130
2102 10729
2168 13168
8030 11497
4988 8904
5929 14297
1571 12623
5247 3335
10403 6223
4132 14166
1208 11507
12374 954
1968 13008
12595 14327
7563 13939
3749 12173
12027 11956
12188 11608
6011 4203
4017 10002
806 13958
2808 8811
7481 11477
5847 6063
8791 1032
3278 3158
14614 10183
14735 12720
3276 2968
162 4996
2879 9230
10678 6206
276 10635
12713 7787
9308 3890
3945 10923
6678 13583
8984 2853
8421 14768
8489 2897
6545 4628
6662 2432
9367 5721
11802 2805
6759 10284
4975 5761
8423 5154
4058 7071
4158 6453
1154 9676
13600 7581
6872 1684
1796 2771
4797 13021
10101 2344
4020 3394
14223 12070
11504 7503
8602 8449
3610 2714
11504 12343
2328 14151
3862 12023
4275 6625
4299 10260
6578 12726
1729 10394
2940 12422
4945 14874
1504 7518
5203 13850
14065 13813
12146 14606
4089 3137
5541 4734
11534 2845
9165 9719
3706 9388
2616 10973
2249 13537
12731 3536
916 14973
12862 10721
3289 9706
14216 14767
5729 11793
2171 7831
4147 3624
8885 7829
9794 3451
11018 4655
13388 1611
1760 11489
10682 244
1292 11111
3252 431
3499 12130
1165 221
5915 6600
8372 5297
12075 1128
5648 11065
10489 4434
12719 8298
12629 12309
1328 14653
7279 7467
11082 819
12254 4323
13259 9317
6269 11918
1333 12525
95 11939
14898 1889
13985 7193
13420 9453
448 5119
14920 1609
2858 13694
7290 13761
8108 13219
10835 14894
4685 1204
6381 1625
215 4537
2439 13682
11348 1742
14376 10715
10331 3132
9089 5821
6126 1582
6167 4238
7408 1273
5047 8953
8244 3249
1921 3249
11029 2714
2409 14164
12966 6300
6827 1517
14534 4481
2945 167
260 10183
4638 9462
9933 12241
194 3222
4446 2744
496 8674
1597 9237
8788 13112
807 13068
4450 5191
6031 10593
8096 4615
2456 14705
13956 13475
2558 9612
6764 8237
9735 2545
9943 7891
273 13400
6263 4437
3202 5147
4529 792
12235 9398
11242 3113
4031 12187
12509 12874
3552 1360
9869 12872
1439 8329
6409 10881
3163 6257
3653 10198
6393 7318
1744 775
7823 10890
12040 6842
11521 13730
10578 6837
3206 69
4779 9004
14061 8621
5446 11222
12675 2374
11726 4317
2753 8073
13358 4238
12369 2403
10201 5219
10178 14661
1563 449
14961 7186
502 1747
7030 12824
5610 5315
8634 13887
11308 11213
14143 14618
3820 7434
5194 14144
11952 4556
9081 14210
3484 455
14839 5066
12845 10778
2756 11710
12995 327
5106 1697
13322 5900
2007 8837
10586 12811
4301 6828
13942 1735
13074 4975
9391 1469
6072 4963
12861 1911
9831 14229
6629 4075
9726 11811
3046 11755
2348 8540
7280 5991
11287 4999
10360 6781
10622 12180
2703 2276
4539 2072
12186 598
3139 9894
13473 10933
5128 11036
533 2776
14847 10711
8974 14680
499 4998
8951 5230
7542 5886
13591 8124
8129 11627
5601 5862
11675 2437
9412 13548
8145 12063
12560 11011
4661 11864
7267 3686
12379 7301
2169 5314
4165 6535
12843 13653
8090 7160
4653 11629
11050 4438
5053 6093
11161 11269
7716 9023
10343 2639
6279 11378
10444 5683
4091 1379
10348 12640
7886 7303
3139 8191
443 11673
9819 14776
13861 13086
4107 13301
1255 4052
4635 11782
5310 5739
8114 950
13372 8215
4016 3647
5760 13157
5700 11653
4295 14495
4025 398
9592 6129
412 12790
6276 12672
5897 7637
13049 14184
481 7487
5906 6999
1715 7579
5756 10683
8730 9641
3255 11239
10166 10967
3007 4606
14442 6633
1710 10820
2956 7601
13610 8287
13151 1044
3397 11699
2781 8360
12108 7791
4034 7079
12241 3869
13825 10608
6913 14716
7992 3903
9437 14679
6700 3115
3237 3528
1329 8998
4799 13690
3606 9448
1489 14894
4906 5169
4740 9320
1163 10637
8007 2594
8744 5574
5535 5578
6266 13063
734 12610
1403 7363
10668 8420
5458 7648
10038 946
2138 4582
2494 10868
1557 6103
8282 8169
6907 8230
4564 8391
3337 8624
11133 3813
6324 14243
8405 6071
2735 7238
7479 8313
2699 7321
7124 6257
7504 707
5181 445
1545 3387
10252 76
7680 6301
2341 6033
1910 12966
7903 6479
940 11577
7289 13299
6323 1689
13792 9603
1928 8208
13895 6392
705 7791
6190 3640
1511 13611
12428 13842
1848 10191
10028 5045
4468 3357
14307 6220
14522 4425
7939 903
4178 341
6716 5867
3231 1396
4623 7336
4803 1386
10031 14012
4829 3690
11826 2829
13595 1759
14891 4520
6952 4334
14685 12645
10448 12797
7696 4032
12735 16
5430 4916
7348 4069
9203 482
3359 8854
13145 4308
6461 4172
107 10614
700 2552
10449 8090
4373 5028
4227 9229
5847 1566
6578 10136
6736 2602
7333 12736
12644 11816
7054 7531
2153 12400
2280 11058
8519 5716
7657 13066
988 140
9523 2837
13670 3980
11567 12336
8395 3986
7806 4801
11516 11801
11418 941
2740 4322
2153 2161
6602 1980
3497 7936
7690 3793
14432 444
13392 13732
786 14599
9231 14132
539 8950
6537 7923
14896 13889
2477 9703
2207 6895
9199 868
8286 11744
3077 11847
12520 7601
1599 10024
13386 13619
6389 4109
9988 867
9401 8093
1987 9219
12461 13388
3190 4543
10841 8901
13981 348
3275 12022
5421 9998
3585 3593
13164 8296
1731 11433
2147 12431
1146 8076
2189 4296
10131 4466
7495 12683
5265 5942
7368 1865
14153 8347
4769 10893
5547 6661
12003 6617
14931 2443
3545 5515
6623 9588
8253 9761
3548 9479
4487 8155
2220 11876
6482 12346
3952 12640
974 10147
14488 6835
9809 10972
8259 4054
1327 2437
14717 1837
1997 11992
4342 6496
11452 10438
5249 14065
11803 11595
4147 658
3329 1374
4516 6813
6078 1034
1811 248
1511 9904
13563 14153
817 7631
5208 10917
3504 14933
12871 8544
3614 11837
245 7203
4326 11970
832 3755
6267 12643
10217 378
10562 2475
14704 6106
12028 12821
11578 8881
5474 35
3122 2372
8399 4454
7373 2785
14059 8078
7100 11649
13663 716
6212 7934
9356 11244
2882 14854
13545 13578
8120 12580
8811 6149
13309 8069
8826 10124
3320 5726
883 9357
12830 14687
14042 5383
3293 8692
6571 14435
7242 2326
11308 6580
9613 1318
4856 9599
3453 10436
4564 12038
9641 3029
2592 167
1608 7222
9771 6978
8432 1498
2582 4184
13041 2698
10909 6846
5596 595
11628 4963
7274 6014
2917 2764
8833 9704
12423 10923
8978 6252
1364 4161
1595 10220
9697 7296
2505 11349
9719 12794
6052 14895
7820 7673
1028 799
4491 7621
571 13138
7304 5536
1141 12643
10513 9046
10528 10950
5176 5751
13408 10018
6477 7357
4153 14959
10886 12345
139 1986
3778 7684
4305 164
11976 14181
13675 10140
4893 11063
9979 11178
1818 11725
6412 13075
9680 1313
14829 3924
11577 4357
3663 7433
4606 8714
1801 4522
12588 10497
2448 1181
5327 5157
11304 7006
852 11615
1997 283
14828 10128
10544 6534
11236 11922
6775 2108
6469 5182
11447 10047
12534 13265
11886 31
5935 750
6512 13950
5883 12190
6095 4923
8048 10159
2068 10626
7727 4139
7242 4701
1717 14850
5983 6022
5571 11474
13667 826
1126 8595
13870 11680
7958 6771
3767 9090
11860 7893
14679 235
13554 9460
12199 7240
2509 5215
7341 6101
11826 14617
2740 9258
234 8370
31 9808
10622 7593
2619 5340
6956 13838
9660 8458
14094 171
9161 12897
1222 328
14802 9396
9253 8678
12722 1478
5488 13151
13038 5204
8481 12809
2844 13264
7204 13992
2903 1629
6042 10340
13541 8549
13154 3595
8855 12031
14362 14155
11796 8022
437 14752
6972 4035
7300 3415
9053 7645
10655 14557
11541 2241
12070 5693
7332 12601
11845 13594
11264 13426
3114 10013
4866 10137
9434 6366
8786 14992
14394 10586
2028 14769
6365 8306
1766 8948
10406 704
2740 5255
2829 10797
6921 11463
670 8885
1067 12049
14890 4129
2610 11937
604 524
1303 8398
2315 6997
14170 2417
14356 7078
2516 7421
9646 10972
4056 436
13532 6834
11222 10605
14294 5291
8083 495
13880 24
6977 11170
14813 7114
5453 2581
10293 6448
8262 3690
11066 687
9669 7669
1001 6097
2707 5190
1589 9868
1744 11530
2357 13065
6732 883
10747 11349
3396 11785
4755 3164
4157 1241
3840 1153
7928 1073
3661 694
5752 6512
333 7140
3309 13207
59 3794
4832 2535
5457 6934
13520 7151
14771 5919
5695 5435
6971 9818
2643 11289
11322 14022
6936 5879
9424 3401
5931 2633
14548 14973
12899 3204
705 3558
6294 14838
14187 7402
10695 4470
4919 1282
8601 1008
11147 5447
1136 8401
5907 1576
5560 6207
11643 11381
3965 10065
3439 10960
3830 11889
9160 5438
7437 8517
6326 13335
11534 2734
139 1053
14155 2048
6479 7641
2722 4631
7043 11185
7752 14594
13112 2288
12275 3829
3583 9841
13654 4426
13349 1173
3057 7120
9713 6607
2762 2990
6792 251
7 7085
13294 3085
4427 8618
11539 10107
13022 8740
10344 8804
13891 8138
7408 12733
3695 10912
13076 12405
2138 9180
14269 8237
5302 6941
9014 9390
12162 13140
655 6911
10417 13312
13075 1755
2162 2937
7509 7810
7068 6205
4325 13764
9187 1306
12484 465
13143 1499
4235 221
7214 4394
2011 13276
7437 11217
4246 3629
7083 14604
6573 3794
13113 1477
1933 4037
4764 830
13099 4140
9849 2952
5890 1458
11514 442
4525 11191
3126 3635
12128 4006
3789 14940
13072 14655
3935 10201
12071 1283
13205 5190
9234 14639
11364 4504
12435 13361
8621 200
2053 5242
7177 7472
6917 2124
435 2029
14585 4411
11768 7342
5356 10123
4235 2159
9918 13457
4068 14224
10818 5712
4611 7718
91 5035
12747 12819
13997 7695
12927 1468
5406 11045
10052 5413
2220 10543
13174 3119
11646 7131
6590 9718
13974 347
845 272
9996 2542
6538 5878
8361 3804
11182 3319
9019 8832
10915 902
4305 11878
3752 3398
7635 5519
1810 12097
5309 8136
12931 8440
5054 2394
4530 8006
4043 7700
8586 5693
3769 250
12035 13241
12622 10588
7031 8641
7299 12891
10956 8353
2054 7965
10808 4657
4364 2784
5612 3204
14430 5178
1680 4058
151 12073
5011 11505
5888 11407
13020 10891
10933 7272
11342 12506
1596 13198
5261 557
2594 11856
3396 11971
13181 12409
9739 6454
4435 4120
6553 10057
8350 8242
13388 14707
6289 4041
14142 9831
3772 13475
14880 6329
13932 11001
4510 12090
14925 12372
5245 3754
9094 10912
5634 11644
6208 8068
3658 3903
1339 14941
525 74
5200 3481
9175 1270
13545 12764
6312 9981
3560 491
2292 7683
4553 6200
2476 4935
9206 13263
3850 9260
5524 9884
14262 5541
6871 13623
2833 12316
14771 4478
14955 9263
9085 14937
6207 5182
9526 6913
2390 7266
9790 5679
7231 9850
4725 8449
8149 6726
10333 8846
5679 929
8166 2819
3428 670
14396 3904
11543 6992
8593 8714
518 5561
3117 9156
3201 14946
5994 7736
14243 13858
14166 9367
5638 13760
6618 4011
14534 9280
14337 3364
7046 3098
14957 7115
6376 4930
1903 3284
9823 9939
1273 1245
14172 2692
13864 10583
3272 9391
8375 2648
1427 7587
12366 630
4388 3535
10381 6072
8059 1595
7955 13020
10504 7074
12362 13558
5892 14749
13989 9340
6055 1588
10736 5052
8043 6680
6220 1964
10226 7208
2215 341
14616 14525
7203 6931
10407 10651
2710 14881
3277 9549
8016 252
14364 14918
9717 11768
12328 3234
11805 10737
10270 7804
11896 9753
1257 5568
12945 6970
2600 8556
6094 11438
12627 4457
8444 14217
11362 1160
3845 13679
3512 9221
2188 7586
9072 2660
13539 11059
2404 7166
14568 615
9487 883
4618 7783
4598 1724
3540 11374
9438 9734
8273 1195
10973 5966
3608 10624
8971 11085
12674 6328
1604 13466
4696 11204
8127 907
3374 13516
1337 225
12939 14468
12167 14413
10164 3700
273 1604
2122 10564
1457 1449
11898 7066
10377 6516
14482 5381
9093 11815
2718 12327
10010 7404
6955 5658
8380 13960
12607 14289
1421 9271
12541 8594
12261 3760
4654 10683
14180 14092
4749 9890
6221 2515
13446 8892
5172 13590
13471 6957
1487 10927
13982 10079
12846 898
4517 10082
7531 11075
8638 1398
6682 4734
8084 826
8631 10651
1759 3947
7945 9072
1777 2369
6538 7414
12359 1517
7182 8297
4395 9622
7992 13704
10649 8953
8370 6294
4845 7958
1036 7001
13176 12411
2213 2233
2664 1361
1000 13641
3845 931
7457 14121
11924 4573
742 10491
3234 9674
11882 13552
7580 6838
5431 9058
13313 7965
12832 9656
4785 3522
6173 14186
8618 6414
144 12840
598 9824
4794 10383
4044 10120
5296 9394
7502 3373
9044 8313
5656 1362
6659 5753
9912 8870
9189 5360
10579 3192
8698 4337
11976 14846
8305 11185
2360 1799
12613 12908
600 7457
7562 12570
312 11047
2289 5589
608 847
11895 66
4888 4091
11936 3170
10413 8144
6230 311
2290 10932
5542 11964
4709 13992
7318 8367
13702 12472
8658 13934
11078 12275
13488 13602
4415 8908
12232 9859
13280 5451
10500 6306
2212 104
10579 3852
14736 11691
10489 4542
11985 1689
4801 3428
14466 13438
12551 6076
5681 1753
3263 103
532 1916
13742 12223
12198 6841
4691 14447
1155 10625
1247 7599
4439 3715
1708 1755
5827 2081
4249 10629
4926 13605
8197 1790
6110 5926
12526 5537
980 3805
13356 680
6618 7750
8479 435
9468 1679
5268 1728
6642 7151
6047 14866
10053 9293
12355 7150
3664 12349
13897 57
8155 14416
1654 14356
8215 3480
5630 984
2233 4080
9510 7029
7800 3757
2798 1023
8753 5417
6251 1321
12101 1567
4426 1230
2858 4075
9423 14332
14513 11862
7193 7937
517 2785
8303 2095
14748 12834
10889 8049
10032 8314
3647 11327
11970 498
210 13495
7399 5379
13266 10627
3689 14761
12339 14252
1528 2797
11144 8594
10892 9072
4475 10875
4438 14656
13815 6556
3315 1569
9862 5916
7403 2866
5890 6929
1311 14928
4305 14209
13316 12318
9883 11616
9777 1460
9952 5509
9383 13354
13619 7843
1929 5894
185 1679
10423 12402
7817 351
2503 6540
1402 7143
10276 1976
6096 7044
12440 9914
357 13585
5776 13845
7605 5497
2880 9847
1777 3467
14472 10920
3429 11395
13413 5095
6861 5923
1074 9949
11639 220
8093 6338
4499 9790
14993 14482
6971 8090
2258 5059
827 8917
11397 6204
4220 13303
7549 3023
4855 8857
2642 5898
1859 13936
3073 1649
5143 3798
4404 10837
10536 4345
14003 12481
11586 5535
12681 5093
7409 13607
3224 9557
9428 5730
1638 1752
10480 7540
14662 1442
6142 7441
9520 10562
12943 10706
11170 6921
6377 11946
5665 11932
3621 1730
8894 10607
6672 9077
1148 12945
5814 7416
6357 11930
9369 1525
2826 13496
14267 5165
1873 6357
1723 3923
14386 2991
101 323
10094 9527
8503 3074
3918 13748
1153 8712
2121 1600
6769 6197
6546 4644
2397 1209
8760 8093
8408 1334
10517 5105
7374 8711
14522 49
7034 2024
12438 2315
11319 14360
5827 9994
9223 179
7767 12599
6594 4793
4937 1985
2256 4151
6745 10359
2745 9072
14017 11228
4441 844
3368 1822
8360 888
13211 9873
7781 9659
1421 14607
14706 11959
8013 7276
9928 14307
8426 11962
7732 3792
415 9199
14852 7479
11328 14053
9544 6126
10618 5853
10622 8178
7139 1837
7278 12087
10664 12147
2800 2935
10387 9245
9372 2680
7788 5879
11520 2457
8073 12278
5562 8464
3942 8230
10551 2531
2285 6029
5537 9092
12878 10602
9421 13960
1523 7693
1796 2515
14505 2854
13873 10595
7703 8544
2685 4649
9084 3871
9003 7037
9783 5756
7884 2161
5473 14277
6152 13
10489 9168
13523 11720
13931 13306
2688 63
10531 9707
489 708
5979 8684
14725 6345
740 2396
1502 11471
1039 2620
11512 13034
5185 9819
14062 12502
11605 7829
5879 10283
4190 10958
9985 236
3650 6793
3104 10374
13741 14699
14632 13863
10628 14360
1436 9005
4708 1434
2978 9144
11770 3764
6339 13213
14178 12909
9628 581
10421 10292
7803 14639
94 3885
12458 1463
7573 1217
10679 2468
5499 11924
13914 12954
10897 8229
1401 10454
3158 11498
10021 6391
918 4670
7745 8686
9982 10390
71 4236
13352 8160
13661 13932
5341 6271
4566 10762
853 3927
378 3017
14772 11405
7151 14757
9671 9802
11656 7513
3247 7964
13013 5270
3246 10249
10920 11940
5484 13018
14626 15
14501 195
13980 10374
8485 5926
3559 13562
11360 9149
2699 6865
10923 2462
14646 8101
9992 6968
8009 5632
6876 1446
6089 1738
13403 12968
8011 14405
11658 6457
3541 8078
10345 10405
5475 8780
12883 13693
6774 14579
9445 13685
11418 8840
7557 12438
5476 4507
3002 13590
4434 5093
9495 5476
5156 11859
3652 7958
2782 6289
8511 3962
6203 310
11493 2862
12976 5754
1689 2435
10200 370
10869 9413
11964 4807
8745 11621
4477 5163
6160 9216
8375 14095
11088 9831
879 9050
4602 498
8680 10018
1544 11836
420 12265
2989 10667
12793 11596
11353 3695
12674 11319
8223 7208
13604 14275
3471 2236
1496 4347
515 3772
11262 11378
14499 4285
10139 566
1517 700
6627 1878
2627 465
9853 5884
8545 11493
4142 1540
11876 3598
3633 8924
4167 2629
10085 662
241 5317
14344 2106
12616 276
40 10404
13957 6827
6180 12854
1144 7447
10716 11439
6701 1213
10498 4847
1748 6434
11082 13246
12632 5208
1417 6962
10655 3830
14506 13658
4723 13839
5290 12156
10519 7971
7566 5714
695 8170
1159 8042
10822 11082
10779 11323
4587 7033
8467 14854
3845 2029
7082 2557
12558 2291
9554 5011
5082 5815
6489 8029
11879 5182
11858 6548
13228 4920
6331 234
7482 11649
3 6159
9729 1352
538 5164
2759 3191
7677 5654
13890 3191
2774 1755
7624 176
13059 14483
5390 5359
6481 2079
10395 9702
8243 9054
11918 11095
6224 8137
5266 2742
6609 9894
125 9253
10144 8488
2234 12814
4514 731
8960 7191
11364 9175
1171 3108
1866 10300
8645 6196
6576 8661
6973 7110
14891 9556
5187 9066
10174 10654
649 5739
13186 8862
8229 7504
10226 14435
8090 8306
4362 8838
3694 3000
11785 1114
3118 2752
1841 10499
10576 8070
6831 5319
14864 2390
6793 10980
7685 2630
8970 3787
1191 4600
9752 7384
1994 8256
11419 4060
14188 43
8326 22
10221 10800
2689 5765
10206 14128
11926 10658
5662 7986
10434 12289
640 13790
4788 7860
2440 5521
7269 5340
10553 6622
8154 7200
10516 11469
4597 1958
10497 9495
9229 3048
14876 6081
3921 13740
6698 11924
748 10276
3557 6457
1830 9886
733 5731
4872 13209
11274 8887
11246 5109
13345 14775
12040 3802
737 14497
6913 9610
10071 14937
8732 2155
12091 4852
14183 2126
12270 12995
11989 8304
6668 8512
8986 13284
7545 9411
4807 9533
4752 12734
5051 14528
9909 4378
10274 13781
7699 499
14170 11685
6492 1453
8054 10805
5992 10780
6836 14534
4441 12938
3558 11389
3832 7172
5358 14701
10903 13853
6324 8151
2540 10411
9628 805
2663 265
10090 3548
5848 1836
6497 2489
1772 104
6802 12214
2323 10719
959 8704
4359 2815
440 625
9601 9359
7013 1988
5029 10469
4285 1115
1874 10979
10854 8415
14623 1600
3117 6887
5982 11508
10537 3742
8181 8819
5230 8413
13372 868
3984 4148
11864 398
5896 7272
12758 2551
4470 4996
9126 3646
12730 1971
1053 9407
9148 13177
13009 6971
1859 5727
2523 6974
11574 8105
6267 987
4652 14871
5129 5629
8842 10231
543 10961
5845 1372
8426 10860
4967 4342
5472 4445
13671 7769
10127 5165
3610 6374
12177 5535
12525 10510
13197 8580
12358 2574
11184 10259
4896 1781
1758 7009
4164 14622
2481 3952
6550 1746
12298 5664
1224 1551
4696 14246
3915 3303
4495 995
7352 11733
4955 12219
4250 5158
5300 14464
3177 1817
7410 5532
7050 12624
1471 9612
2100 2334
8706 5215
10663 359
5903 88
2933 9114
11523 10496
5423 10906
5490 10437
12012 2804
7865 11464
13670 3860
12865 5976
11754 11727
2535 9898
2336 10438
10510 1353
787 11688
14724 948
3097 12205
11971 10590
14685 8222
275 1697
11440 166
4108 3472
4244 2372
682 12294
969 10509
1910 14736
10794 8815
7795 1584
13221 6484
10293 4800
10325 12490
1733 4017
818 9095
3850 10301
787 12893
3125 11845
3962 14763
7548 7618
10671 13904
10914 4043
13680 5006
7698 14604
2535 5762
3276 6210
3521 12128
150 801
13292 212
5873 11012
12922 14333
5249 285
9470 6548
9229 12149
12424 2418
1972 3043
11104 6716
10257 2704
13535 2562
5483 3389
9360 13229
9379 497
12541 12332
6222 8968
4986 1829
4082 700
12767 3830
2671 11023
1487 6944
11847 8303
3653 595
12804 10153
8891 12167
1770 2610
8060 6893
943 9922
11468 8146
12319 2004
781 4856
3167 13916
7081 8647
1747 7692
2034 143
3931 6102
8864 10600
8054 9690
5863 14707
11753 4909
1939 14475
10708 10515
10857 13383
655 9967
1150 6458
12660 4746
7705 4430
3667 3553
9392 3852
11588 11983
14468 12002
9097 14515
258 3177
6490 902
12069 2995
6714 14560
5925 5727
10758 8009
2369 14202
11834 4444
5343 11440
448 2102
8046 5892
6318 1176
10139 12134
471 610
6207 14536
14321 7286
2603 5946
7314 1121
12253 5819
4543 10455
6925 4509
10072 199
13890 6787
11392 9178
734 14844
5252 7237
7910 500
4491 7203
11651 11918
13660 10832
14645 10873
2057 6389
1714 1555
2920 4253
4439 6367
10945 3867
9425 2088
14546 12996
5301 14641
13297 4309
9342 7413
693 2461
7170 3341
7143 1239
9505 9283
4784 5625
11227 10349
9977 14038
1800 8362
5433 8280
14423 8371
8591 7463
14737 11318
885 10243
4507 7442
6960 56
7976 9035
2415 12560
6975 10334
8027 8124
6296 97
845 8690
326 14159
5009 1730
15000 1258
9389 2895
10827 13124
285 13416
11732 5145
5165 5208
12954 671
14568 4944
4945 7059
12074 9731
10480 13040
9408 4700
2196 12310
13755 2958
3232 3880
5912 9586
2140 12326
8238 3084
2852 6442
8315 12873
12904 13811
10105 11227
13933 4069
4082 5018
13334 10184
9806 12409
13850 129
9080 199
10804 5221
11640 5558
940 6769
636 2992
11115 11869
10687 7373
7980 10988
4647 5356
8746 12323
2382 13770
3819 6741
11135 2878
8335 14279
2772 13356
4309 4323
7979 922
13594 6799
13746 8058
1120 1749
1893 10035
9984 12363
6297 933
4604 11589
12457 10253
4379 967
4580 7586
11746 6366
4305 2967
8115 3054
4579 8460
6523 8386
13046 9493
4231 108
7567 8695
150 1277
10866 1248
8341 14139
11268 9902
7937 11420
4345 11023
1674 9085
8570 8509
1344 6649
8990 10894
9319 134
9849 14286
9920 12175
13167 14283
10204 11757
10351 5857
274 3739
3820 270
14693 4945
2532 3640
10426 11303
3277 10083
6943 8671
12178 4418
2948 10910
14078 14949
8766 8816
14429 1005
1679 2581
8902 9598
11653 6632
2946 12148
12748 9259
4315 9533
1588 11472
12800 8807
4527 12864
3466 207
12582 2977
9339 6558
1975 8233
11093 5747
1922 5100
6615 11315
11950 10730
380 13971
277 5580
10213 9572
4637 9215
12457 3194
819 14815
14056 5997
14030 14989
10079 7774
7817 13110
11834 1039
9512 11597
4482 4621
9324 14699
7820 14199
9018 4473
9052 6796
5906 3761
2955 619
2876 4211
7701 3156
181 508
2644 4405
11384 12225
2150 6689
7578 4267
6096 847
9506 9698
7070 3462
7320 3888
674 12313
6637 8006
4330 10175
1245 11196
14458 2062
6336 9673
258 1898
8996 12079
3440 5989
9431 10598
12565 6996
944 11649
12980 6789
13112 2159
11358 14653
6618 10522
10732 2153
6893 12310
9159 7548
3390 14182
13897 14512
1726 1141
562 6268
8454 11207
12592 4397
6805 3537
2573 11386
11322 5866
10428 14237
13180 11028
6084 13865
14116 14749
9588 5884
3111 4111
3655 3818
2662 8585
9400 13965
14420 7669
2653 11563
5587 6669
6610 14568
8543 4085
5763 7262
12629 2680
7390 9717
2105 178
8937 7011
8360 342
14596 9253
1665 9716
2258 6397
4144 863
2081 1253
6441 12570
14292 7961
10681 822
9351 12090
13802 14251
9826 12933
13200 488
14046 8687
129 10067
2847 1283
11981 12637
9932 7395
2602 1129
13958 4068
13635 11781
12000 12172
4148 1487
1519 290
13341 1689
12301 11313
11277 13427
7673 14251
14266 10173
8109 8241
2076 6261
11164 3279
2649 7482
6745 535
4518 5063
4632 13507
9853 10724
4726 1976
11241 12570
2629 1340
1795 2468
658 6656
5874 431
4577 1015
9451 4499
3197 3568
3907 11242
3783 8048
9157 1572
9877 11967
11540 5386
3434 9365
2773 6876
2884 14711
10465 14973
12580 11689
12752 2883
10579 13843
13307 6409
3597 4330
10101 7476
8736 12298
10377 5728
14695 4295
8331 11938
3645 7392
14720 14535
2055 100
3844 6938
4408 8333
7631 1990
5323 5676
8253 7760
4005 10311
930 14955
2864 9442
8393 8668
14380 2630
11166 1869
1772 325
1874 6173
10614 9045
4416 2704
7162 12407
4292 6015
755 11534
6365 10848
4318 11500
13682 726
3919 10200
4553 8129
3111 7802
9862 7615
8802 970
12839 1587
4294 11715
2200 12121
11712 10129
5489 7965
9477 8230
56 11659
11436 2177
6793 13230
10445 9956
1441 11639
698 11309
3491 9743
2514 12632
4737 8603
14548 2869
8706 1737
13865 6725
7940 2784
5470 11499
1649 13860
8433 8147
11069 5312
12894 4799
9133 14688
9689 1057
4587 2295
8162 6783
14132 9882
14082 5893
4385 13186
10650 11667
7751 11517
3950 11030
8322 47
14852 832
12917 4506
10044 5059
11988 10003
14347 4992
9669 10775
5601 7118
3813 8931
6480 691
9661 3900
1673 14290
7488 14811
12300 6173
449 5382
9813 11405
14950 529
13469 1626
3973 14697
3017 2522
5015 5684
11852 6053
13719 3603
10276 7803
2691 1225
11776 12708
13697 10583
7669 8686
1799 14202
14762 3079
3753 12896
7907 11432
13982 4391
5213 3314
3412 5013
14787 10832
4414 9150
7331 4763
14842 9831
14904 3612
259 9958
5384 2348
8822 11779
5157 4437
12652 9921
1433 8013
5842 14786
2017 12948
11211 5958
3531 11229
6921 13324
8734 6856
4711 12396
5718 10869
8759 7
8469 12645
1171 10338
3564 2944
12829 11715
4200 14237
12416 259
5387 3741
13511 13421
14210 4648
5252 6753
11871 542
10742 8718
2052 2427
11723 11521
3166 13574
13966 1382
14805 11194
4828 13417
11706 3293
13553 10968
5067 13427
14761 7798
8688 7693
1098 2409
6948 8915
992 10799
462 13270
14485 4312
11871 6153
9091 7310
1231 311
9637 4284
13331 13210
10342 435
6788 10171
6916 9113
14175 14048
2929 11195
248 7493
6465 14944
11443 4932
3034 12427
13072 401
12210 8793
9336 4366
10317 11125
1848 725
2565 13269
425 10964
2134 11531
12561 5458
5824 13331
3987 7134
6581 11422
4935 7744
1200 1597
12693 11808
6289 6459
8367 13931
7570 14191
5471 11657
8553 626
6249 1172
7427 8379
13556 12881
10102 8809
8597 13738
6150 9353
8650 2879
9309 13714
13442 1534
13665 14194
6499 14366
3116 11712
9737 6395
977 7336
10431 3894
10936 7415
10359 4860
14513 8919
4183 8417
6249 1705
3603 12297
10645 8689
1833 6512
6195 6996
10467 7121
3394 9812
12837 14904
4834 5365
5127 5523
7353 14450
7045 7058
1324 14441
1169 10172
14659 12605
4223 850
9588 10248
10784 10885
5495 10443
14112 9554
2906 1612
8418 3073
7352 10728
13063 10347
3320 5614
9251 4836
1052 5597
702 5871
12831 7815
9348 7460
13108 11085
12969 5505
6277 2735
12904 6464
13993 5234
13993 5656
7948 1624
1511 10519
7092 2223
14535 4017
3342 1986
11908 2094
5201 8877
14793 784
6212 7643
4963 13664
11764 8546
5700 10008
13977 8709
11402 12943
14755 2829
8605 12200
4493 13553
1586 8841
3041 11492
10665 6400
3807 6950
10639 6031
1450 8735
1156 6058
14395 7449
6550 9274
1234 13963
8991 5920
12420 11823
439 1537
12526 14412
1552 3342
11977 11856
7114 176
12108 7623
6636 14107
6577 14876
9067 8232
11769 12375
9968 1117
13188 14409
7946 195
14062 9293
1084 1354
1403 13322
14439 6273
13158 5568
14503 8208
2492 12661
2305 7280
12037 4420
2554 10034
2890 9248
2296 14632
5464 9127
3022 6443
783 7840
3629 13411
9852 8173
13826 7234
957 7872
6769 14375
7918 11310
601 13345
7620 13512
5288 4238
13130 13049
7663 4766
2052 13633
2728 13401
3329 2944
10128 10998
1632 13214
12554 3579
3880 9825
2569 9915
4473 9647
9053 13179
14161 12952
11228 9853
1204 11420
13821 10332
2161 3764
13216 4453
14092 11926
3573 3235
1413 14536
9398 11715
387 8416
3495 585
4345 5263
6290 14155
7052 14275
3313 534
4284 1624
6458 9611
4663 3070
12151 13551
8374 13397
1780 1396
3739 12493
8832 11855
11790 3402
10247 1361
4373 324
1274 4192
11265 13536
11418 1963
2528 4643
9414 4600
500 3654
9573 2171
10713 206
9329 10015
50 8943
14727 9005
9719 8047
5796 14997
4428 245
2292 10515
11038 10102
8172 7784
11593 10344
1883 7398
12198 10778
7591 13554
6553 4304
2758 5525
4213 8286
14254 10000
1316 8526
8879 1246
8700 12145
6872 12881
13985 1509
7423 14739
5838 9209
12695 1771
6350 125
1524 4156
514 5053
9513 13431
14424 10620
4439 3045
4916 10244
9828 10213
4510 3155
4768 9697
805 11449
1091 14176
9608 10526
1410 12243
7726 3874
12779 3290
1150 7013
2310 5403
8511 9695
13192 5350
2398 817
8951 9780
8717 6177
7383 13530
3743 10122
1408 12837
14800 11868
13202 10746
2291 2794
10341 4239
14373 2276
642 10446
4528 9912
4155 5353
11410 13782
7753 4635
12359 13560
1774 13947
9167 13788
7186 5762
903 599
537 2450
10067 984
6444 11279
971 9835
13158 11466
568 10193
13074 11336
11230 9495
8482 6297
14902 4212
11191 14525
3636 868
8063 1103
1903 4340
5139 9746
10569 7584
3284 13717
3344 176
3866 11595
7514 12549
6098 6952
7673 4017
13005 2337
1187 8415
888 3368
561 8607
14651 2367
4532 5573
8238 14981
11433 1861
2743 12352
10575 5154
1189 13995
5322 11177
2242 42
9410 6817
3756 11880
11593 319
11133 975
14736 4627
7469 12715
4108 12421
5642 3254
13861 9501
5594 12648
9940 13468
3754 2884
2930 6851
134 3081
5793 4113
11156 13176
13221 11639
4087 3613
9531 3850
2944 8348
13593 4129
958 395
10356 11239
12336 4999
11736 10547
12924 9807
12222 4881
219 10357
9569 11931
5625 11264
4126 7641
6424 809
2119 10532
11351 4012
11833 2100
551 9872
14726 6418
588 10975
8073 2772
10842 1321
7429 11654
13954 11296
1419 6583
6040 752
5031 8692
7366 8404
9035 601
4316 14064
2303 10091
5492 6092
1557 9413
5844 4453
4728 3402
10971 1657
8701 13875
4412 10887
7814 10956
10326 7427
2580 13961
1143 6531
216 14499
6579 13685
5559 9147
13766 7268
6285 14470
504 5547
10340 986
10221 4899
285 14354
1883 821
1882 1050
9033 2434
11639 2331
311 12958
7512 9864
2343 5707
13601 599
3677 3468
1622 10789
6643 4047
5413 177
1928 9292
8255 13417
3230 8647
10682 4568
6575 2052
2849 10490
11573 12120
403 3804
1433 13247
10329 11457
2679 8991
12278 1658
4436 3064
13624 6644
8570 13338
10312 6479
5422 10137
3018 5761
10132 4622
11083 13070
11541 4795
249 10954
10805 10085
10410 7091
11990 1066
7262 11829
12829 6579
8588 12604
6759 6745
9790 7018
9945 11954
13725 9997
1379 12151
14916 12667
2202 2659
4995 3550
5123 3661
2385 2234
9083 14085
13594 12827
913 14426
2246 9364
8304 7418
11330 14593
14500 9608
5523 9117
13270 8156
13360 12791
12989 1648
4285 340
5693 5948
3022 12620
9410 3513
13976 12793
13203 14654
367 5860
7043 10599
10343 14558
11976 1004
4337 1486
296 3597
6459 2804
6547 4793
12456 13842
8946 1952
1022 8366
5366 12090
6935 4946
2402 14590
9471 2132
1245 10993
12340 14797
10519 10103
10716 4944
11630 6955
348 506
14929 2141
5163 9390
6476 9536
10761 3166
14280 4514
11410 12298
2325 11502
13227 14843
9847 1556
2352 11740
9768 7575
9511 4560
12146 8596
1228 2220
10205 12940
3667 1836
6643 12217
1642 2978
80 6397
6681 360
7140 8842
2638 2504
1030 466
664 919
11525 10850
14046 2447
12794 7086
12005 4357
4526 8006
2481 10597
4980 10962
3335 10294
9230 2974
11222 11760
6390 3143
13690 1783
7358 6453
732 107
8783 773
12500 13010
11446 6095
9074 14432
3593 7645
9376 11808
7205 10830
3502 11629
2710 9633
2736 13018
1689 5457
10155 6926
3296 2232
8605 130
12651 5948
4812 4987
8463 10854
13624 12605
5346 8502
582 10115
4445 1243
9972 5037
868 2598
13517 13051
7366 14291
666 3364
11407 7236
12422 4747
12457 1503
9074 530
776 8099
8213 5239
433 10769
10021 14291
2888 9987
672 9254
9976 840
11164 1589
7505 4337
4810 10418
13438 2922
1676 1278
4171 105
11101 10082
126 13487
8381 12544
599 9444
1996 14656
12921 4031
5045 3287
13561 2774
1500 1558
9426 14100
13217 12333
1800 9428
10805 3219
14478 9745
4855 7418
9177 5707
4479 983
11862 2805
2605 4619
5246 7403
14176 9549
7063 9961
7828 14168
6152 12829
11811 9934
12298 10904
14267 2200
7554 13251
4157 5269
1409 262
7861 14796
10650 4938
2710 8974
5988 3261
3231 14628
12304 11514
6853 9533
450 14548
10818 7128
5877 7158
5194 8279
7099 11362
6970 8745
8671 14360
2932 1629
5866 7786
11426 8233
333 737
10805 10858
10098 12578
5615 12712
4403 6479
4020 3630
4542 5335
3632 4440
12055 5009
6972 11685
1014 4278
12535 13541
4207 8921
6326 8507
9464 1487
12250 8896
9161 10185
8519 8879
6210 11678
3386 3214
13354 12196
7727 10530
4666 8646
5560 7189
4053 9717
3817 1225
682 12253
12087 9544
12923 7465
11998 1993
2064 8669
3476 14515
6155 7989
14694 8947
10221 11438
12963 700
6278 6949
288 12558
13869 9012
8272 7922
11966 11097
5978 5005
1864 7200
7767 9798
792 7917
8163 13374
1433 9058
2472 10964
13827 1046
13176 3020
10029 128
14815 13812
5871 3524
2543 14246
945 13367
5420 13864
58 12586
4913 6028
2033 8022
3458 13203
2375 4071
12699 6829
8777 10193
13470 2118
7939 421
8448 13376
8529 10684
8518 6119
1655 11434
557 1726
3011 8337
6719 4856
10509 1295
197 6538
4575 13193
8479 1028
454 6500
11007 3166
6413 6025
13891 10211
12144 8075
9533 3480
7527 4095
3358 6882
315 2595
1038 5637
14587 7103
6063 3142
12742 4270
12185 4889
6131 11807
7854 12282
8206 2721
7761 7019
10272 12429
11285 1952
11102 13166
1152 341
13209 9296
12225 12110
10055 14950
3797 2549
9460 7253
8045 13542
14731 4284
7446 4648
4986 7056
14341 7017
1441 13239
11944 11389
12104 14395
14965 10681
911 5194
11626 13419
714 5948
5147 13080
13752 4841
7648 9329
3745 1603
5692 1345
11879 10203
1660 2676
11505 14808
3615 6309
14599 13003
8262 4233
4415 12860
8833 14313
6455 6859
12285 8409
13879 3852
333 1176
7189 3204
9881 13258
13660 14133
6320 14425
2631 8265
6569 2255
7002 13152
13087 691
8663 5015
2468 7916
4187 5375
11648 416
4800 14970
12423 5630
7615 7741
5324 7747
5209 11576
3979 2063
6246 12916
70 14269
6796 14779
5883 10030
2951 4020
10491 1648
12149 2335
13418 3043
4288 13071
8407 6604
11603 5457
2880 10466
952 13951
6223 995
12565 5823
9512 2062
4424 1506
8085 12673
14306 1682
7666 13753
7642 9138
10660 8630
2437 6654
10992 7975
8508 662
5912 1372
12601 57
10809 1736
10650 11858
8040 6434
5082 5748
5335 14464
9573 9976
4009 866
8096 14340
1661 2618
8561 660
6254 1887
12135 5939
9765 10116
14879 13739
5557 14897
5073 11416
284 11963
13421 9703
14608 6934
3238 12599
3839 7361
11172 11502
7168 11349
13629 3495
13126 6338
13298 2764
12574 5277
6215 634
7957 4013
10237 5558
456 6504
14525 12170
3804 4804
1540 399
560 8267
7883 9780
12615 5125
13087 2241
3612 12242
1287 788
7018 587
8723 7303
12221 11248
6681 12086
4946 982
7868 439
3130 8305
2196 3857
14825 1945
4930 3335
4180 11070
1986 6610
1692 10355
10396 5482
5222 14350
647 7692
8570 6869
10263 109
2434 7146
6971 11679
6172 5432
7226 9557
5188 10559
7843 5970
9788 12899
9448 1521
14855 9978
666 3318
11209 7874
6358 13833
9981 325
2932 4439
9028 8165
7907 5002
3659 1834
11292 9630
1517 407
1344 1114
4655 9224
9893 10429
3753 5205
9144 5186
10919 4667
12389 14592
4193 8487
13516 1828
10994 3983
11008 8403
11161 431
9997 12197
3849 3101
3589 11742
5237 8346
9134 8407
2693 708
11324 4704
13352 7200
355 14268
14797 2887
11138 3980
1770 2505
11890 11161
13121 11798
4743 6385
13868 5404
10374 9136
10988 14651
13931 2173
11311 4505
2212 1874
5104 6343
2935 8890
7495 13422
3206 10572
2413 103
9933 7938
920 12758
4098 9544
10992 5938
2805 14992
4474 10990
4215 13989
7351 4718
14424 3269
7214 364
1560 3169
2366 5680
14886 7140
10108 5185
6844 12297
484 11332
3068 14079
13941 9318
14371 12383
13621 1586
6455 11472
4733 14058
6109 11306
7368 11766
10325 5367
6798 2851
14335 3551
2516 7021
13070 4527
9905 10617
12336 11532
8812 8297
4608 9451
7609 7643
9223 5550
5783 1860
11050 2879
8323 6494
6822 4519
7934 9161
2819 3258
5881 792
3591 1289
6570 14108
10505 10648
13024 1332
11355 8063
14302 6364
7728 2947
3601 1424
4453 4906
9346 10279
5438 1150
1130 7703
372 12782
13030 8663
12035 12321
9537 7270
434 3699
3486 9421
13118 7159
2099 6097
6932 13591
3362 13647
4936 1857
532 8132
12165 12267
13532 13478
14081 3920
11027 4732
6963 7118
2213 13747
6576 12498
8799 3609
9389 6519
13715 3237
372 1432
284 11267
5268 7001
5879 14405
7312 952
13270 9721
11396 6339
1798 9160
14166 14259
1159 1360
2774 2465
11188 1960
7533 758
1039 6315
8942 3498
3854 14510
12676 2490
4143 14932
4210 2105
5744 10912
2308 9711
6973 11480
10660 3646
6820 1557
528 10373
8387 366
8594 1980
106 13559
7219 5682
7975 1543
7557 4256
13059 9222
3955 7997
6471 8865
13885 4654
12322 6912
14979 3055
5590 7037
8091 2965
7326 3218
11738 4568
6461 179
12272 6099
7418 6606
6199 6006
11323 299
68 10249
9844 3300
4361 12001
7274 4688
5817 9419
5524 3611
9048 4585
12734 6340
12724 4126
5855 11629
13629 2859
4185 7523
12416 427
325 8893
4950 2464
3843 9763
10870 3915
1905 4900
5741 1333
3411 12906
7446 7750
13664 12848
2014 10822
3196 12842
3570 12081
1920 4310
6317 5700
7939 11253
6149 11661
5347 2474
6713 11345
8917 3344
4226 10556
6273 230
14997 14931
11981 46
7679 4537
9144 14432
5560 9100
8659 11617
2573 4863
4473 6873
8576 224
5437 9502
2368 4465
171 8928
2439 10368
8355 1779
5774 13802
4671 2668
6829 8195
14413 9135
12672 3783
7377 692
4872 3231
419 3947
2494 2716
3214 9193
11700 11532
6127 5691
9699 8439
5631 663
6671 257
8877 8841
1737 5496
13038 8205
7312 6
5469 581
7505 13282
847 2069
6570 11366
1231 2472
12523 4497
11675 11252
11430 7183
2416 9546
10114 5789
1519 644
7943 6519
14137 13261
10116 11439
12227 11314
14915 12016
4873 7212
13141 4374
7669 2309
6875 2623
1837 8173
1400 7227
7657 2953
7790 5523
4222 3076
13220 10344
3808 4156
7697 7600
11095 294
8707 12556
860 9660
998 5786
6902 5718
10885 2595
1260 13954
9096 8945
10008 12701
9341 8417
219 214
13553 9754
12314 14755
12415 11176
3100 11483
11494 11178
5832 2187
3123 14194
12016 8052
9338 10641
8598 10958
3356 8148
4203 3867
4315 9331
9649 6310
5380 12928
8161 14910
13690 9507
10620 10623
3685 14017
7290 10673
504 6415
999 3213
13094 2754
2956 2982
3859 2900
2931 4723
14102 14365
8542 9808
10131 8433
10552 11273
13983 6322
6122 14259
14194 14032
5503 7768
6982 11585
3578 5995
248 3024
10756 13072
13700 1427
4394 6761
9733 4581
14322 11523
7519 8986
8017 11978
277 14568
13155 12734
8808 6096
9980 11546
2108 5479
13626 3065
11694 8474
12150 3811
13744 10763
2027 1281
8541 10391
5311 12059
4025 361
9657 7501
6211 3810
10344 394
1482 9329
12160 9792
289 7216
10953 12111
10669 5477
873 1050
14005 6660
7045 3803
9129 10120
5695 14789
10854 10271
1564 11405
12910 9522
9611 5326
13140 3201
8902 9175
9 1969
9918 7540
13401 12510
10272 6449
8570 1499
7355 6549
9408 12879
1915 13430
6777 5632
13878 4364
1282 14154
6523 11463
8445 11075
2516 14624
6197 1414
2634 4249
8481 3457
9506 6004
151 11644
12496 2970
2292 14408
1613 7376
6397 1664
1493 13302
1079 8139
14871 14328
12149 3490
7410 6673
8907 9661
11299 13753
5760 7976
11191 13602
11655 10446
4547 3509
5462 13263
11095 9168
9142 6869
13416 13297
8104 12431
10708 13816
2661 5918
9294 5293
9756 2330
2824 2289
6757 1143
11101 8841
611 1600
10195 11424
9242 13436
131 9788
13156 13042
11361 6490
8554 7267
11907 1480
12865 477
8263 9339
11664 11881
12988 11975
10746 8851
3296 2774
583 4203
9583 3116
6138 5630
552 12845
5402 4838
10423 6268
12378 10057
9129 9992
8835 9871
5662 8557
2833 7534
8406 9850
13021 3962
11776 1716
12482 11826
734 10310
1117 1170
5718 9532
3215 7840
9649 7549
6818 2093
14243 8781
2892 14491
1483 7624
11050 2722
12068 4960
8536 7224
12071 14320
3265 14611
11077 12484
4558 2144
8791 5337
14384 3583
14282 7294
11596 14893
8450 13909
949 8269
4919 14667
9189 12499
1773 9060
196 11616
6444 5620
9191 10824
694 13461
9509 2522
9834 11748
9663 31
11909 14137
572 13129
7350 13020
4304 13505
12705 8052
426 10409
4588 14948
13293 14221
3754 4849
6932 9591
2842 6806
7349 2973
8617 3416
6839 11011
11989 3558
423 13588
5919 2970
163 13931
1125 2803
6855 2311
5964 14345
7845 1196
11036 9539
6102 10627
3842 424
10044 12823
2377 6045
2599 12993
7475 10860
6778 9772
4090 2343
3024 5800
8851 13942
11380 13952
9811 6760
7235 12649
11179 13935
12751 13426
42 10436
4927 5813
7370 13668
6945 10181
14819 6402
11899 13707
2780 14235
11931 8011
8185 2842
8399 14836
7740 5434
6763 14900
4916 14545
8433 5384
4600 6932
14367 694
9561 2945
6400 10318
6275 1299
12561 1452
375 14108
4421 8523
13261 14694
5807 14012
12452 2708
3165 10162
14680 10375
398 14529
126 13746
2867 7270
6632 7791
12613 2806
10575 12381
495 1285
14226 482
3271 14372
5898 10853
1944 10215
10648 12573
12 8579
12262 8213
6540 13417
8163 3577
10075 6836
1006 8362
5528 4287
2477 1400
3922 3789
5152 6771
13491 13351
6259 7454
6705 8268
5718 4154
2261 7322
10477 8936
5600 13484
14920 653
9663 14213
13691 1014
11231 8868
3046 4480
3447 14863
14523 9269
9179 14445
10571 6159
10366 11913
704 8253
2411 5018
6910 231
12218 9399
11781 8093
4913 8918
13184 9054
1228 11082
3927 1971
11020 6328
2010 6343
1751 12512
12948 5758
2521 9578
11718 12749
4876 4062
6452 9389
14213 7328
13282 6350
744 14378
1652 1401
1824 8223
13307 14652
8499 5276
8378 13697
12755 2476
13156 13933
9586 6455
10041 14229
7462 5123
5644 9046
6277 13651
2991 11964
14925 359
12760 3129
3475 11636
7042 12064
13499 6456
7482 10131
5007 1971
3384 14330
5810 11357
8887 13054
14949 3214
1333 9385
2792 14734
7161 6392
2787 3545
3202 8885
958 652
223 3833
1575 4765
9365 9541
8787 4774
9698 11925
2816 8423
8529 1834
2138 8934
6997 10154
12992 6821
6755 13312
10059 228
1124 8470
5199 1846
9320 14915
5446 10041
9357 4016
4564 11181
10530 12049
1339 9393
4517 5218
570 14561
4977 5972
260 12843
14367 4428
8953 8406
7338 10414
6756 6670
12697 5435
11414 5172
8144 12127
2523 705
13261 12125
9439 5739
8323 534
650 935
642 14817
7182 13500
6802 9727
3430 4579
1640 1681
631 6438
3383 246
4692 9994
13393 14680
9442 663
13062 13212
13512 10178
12987 14511
4800 13905
13642 11841
3594 9505
2031 5702
11746 12784
7836 6643
7127 2598
5470 436
5829 3551
1399 6986
2983 13362
5712 12877
8521 4974
3982 2166
9176 4977
10456 10993
4567 11547
658 7221
1328 7382
10707 3297
10172 1430
6009 11890
10417 7423
9076 10792
9566 10496
3600 10851
12253 13923
11261 5700
6625 1683
6702 6611
3644 11893
14090 5336
12507 8263
4303 13584
6627 14630
6742 11128
6762 4769
7274 12147
104 12635
2875 10831
8231 14833
12670 10502
978 2642
7305 2609
4625 14694
14826 3429
14825 13846
9235 10797
7017 2840
9838 7593
5850 3119
12719 8003
14590 11470
10471 419
9090 448
8067 4079
8586 2138
4745 69
13865 8670
2558 5320
3551 4262
3158 14759
4533 9530
14240 7955
12780 8138
9782 82
2125 2934
9086 9246
13993 14659
7036 14449
8523 6163
10800 8364
6098 1849
4448 9685
11194 6827
884 10900
6860 668
12194 12755
966 1350
14336 6925
6410 5323
7534 5260
12124 7587
6227 4154
11926 12441
7373 10669
14543 9871
5676 474
5762 2584
13221 10035
13280 14651
3998 14684
17 4472
9548 1421
4925 12424
4595 9009
12445 2555
7901 3604
14613 11391
4886 14604
4770 5208
8479 13495
1658 8814
14250 4660
7931 10310
766 10746
7595 9906
13480 8488
12887 14520
5957 12685
12120 3932
1506 14723
9588 6499
9037 12909
11470 4256
3734 2357
13450 7208
1950 13788
2427 9309
8807 4031
6086 4197
8210 14394
4730 5183
12841 11024
7922 13099
850 10920
13906 12786
14904 9248
9631 14257
1734 7571
9447 7377
12108 890
14824 4944
7981 4983
10193 3248
9233 12214
6039 6879
1549 1400
1133 9818
5806 7096
11650 8253
4565 4333
14691 13755
12548 1242
8604 3525
1625 227
10516 9416
4787 12497
14652 13682
8705 1800
11674 10322
5812 9095
3436 13661
14405 7768
4063 9877
2094 14292
11941 2658
406 374
12065 8868
9303 1534
12744 7895
6474 12542
4537 13689
14961 10190
855 4154
5826 11135
683 12865
9551 8436
13198 7049
1914 4615
1731 7192
14775 10213
6673 8278
14371 11655
9324 7741
5686 2092
13281 11213
180 4426
13829 994
1574 3200
1275 3543
166 9546
14881 5709
10187 1748
6187 4028
13010 4586
10592 3021
11710 3921
10652 6698
13670 3211
13291 11191
12675 13042
13467 188
688 495
8548 7902
1326 7662
856 8119
14177 14843
5522 2469
9817 14542
14608 617
14699 2123
10380 4358
10609 14316
1175 1861
14073 1737
890 4390
0 14966
8329 11634
5274 14728
7572 10740
7120 11444
4318 10883
9700 12283
5640 6508
4341 2772
2838 13301
7969 4625
7846 4320
9322 7246
10030 14067
8955 2888
7141 1396
2160 12710
9523 9796
1125 12456
423 8720
1642 12418
3728 912
6575 13251
5367 3725
9647 11347
12067 7198
13031 11510
13850 10067
2286 3465
632 12810
9225 1425
13250 1728
2411 9922
5843 2594
7852 7030
1326 8843
6568 2308
6410 4967
10540 3069
9573 8554
12412 11019
155 3868
205 2946
14100 9363
11494 12680
12781 9562
6320 10156
280 4073
10054 4309
9944 7154
8606 761
3815 9289
4540 13011
8678 4537
4135 6755
5030 3604
10678 6526
9334 445
4737 47
11740 2821
10101 11314
1592 3267
11745 14542
10524 12370
4020 4592
13353 11459
9043 4035
12370 840
1784 9829
9345 1614
12658 11863
13578 3516
929 4145
3892 13630
12149 10690
4221 13306
2592 11592
5271 12054
14650 7334
8603 2041
3418 3281
14170 4622
8187 13655
12033 12334
12067 4922
5610 6791
8911 13424
12251 4453
11896 8409
12774 2784
579 8725
487 8876
2254 12502
2243 1675
7109 3051
14244 3769
11114 7892
14740 2742
12136 8134
12257 13078
11311 1184
2074 1503
12780 7424
10630 2776
1542 5588
7188 5920
9140 11692
12539 7626
3870 4220
9117 10276
13973 595
2955 3101
10015 3812
13304 1706
12626 9001
4209 9935
933 6789
2403 11500
7411 6480
278 11932
661 6284
13159 8936
7461 7269
2677 5350
6397 651
10162 9663
2245 14353
14616 6278
1312 2573
4377 13305
4496 2952
1536 11285
3978 5582
14712 5519
14077 13977
2039 10634
11040 8686
6615 11443
13094 9343
4640 5211
1856 10995
6283 12873
13157 8551
10470 11423
4697 5301
13274 7342
14236 7945
1199 2311
3324 14664
14286 14888
13513 12811
9863 8446
7058 10171
13671 5608
2302 13453
10081 8165
4099 11699
11106 82
908 2552
5152 11293
4228 4212
12378 14306
8320 14034
3523 8855
12474 14900
11521 10433
5396 9445
14949 38
4629 7607
14857 8465
6872 2052
6852 12609
7531 10460
9598 7544
11600 46
14909 10433
4773 8481
6354 3188
11129 8824
1450 8141
13859 8123
8526 2294
815 12426
13206 3000
3592 2357
14312 7545
8071 3393
8137 1434
10305 10581
13105 7653
13692 6091
7482 5017
11094 9669
14083 12183
2065 14101
2124 12805
12460 2440
8686 8151
14196 12638
9094 9514
5794 2542
8490 10315
12292 10726
12565 9100
8291 11455
4697 14065
834 8250
12137 5927
4433 7920
608 6913
2033 11886
6935 1989
9660 14188
5356 13880
644 12276
7145 4174
3788 11235
1594 4876
3696 13544
3407 14711
1022 9860
2008 12529
7738 3064
5885 978
7600 14636
9177 7474
4230 8541
4129 8804
13149 3235
4146 2799
11145 11237
7990 6008
1895 4932
3902 1218
11478 4002
779 8944
14805 10278
8507 9528
14829 9983
11908 4121
12729 2838
3762 6914
13256 2461
7163 12931
11058 12348
1038 1559
405 5907
150 13896
11914 424
9466 1641
13512 5239
7631 12640
6133 10921
12998 504
14280 3944
14950 9259
8804 6261
468 3925
1141 5390
14584 568
10355 7718
4476 14627
11028 6323
2633 6258
5592 7839
9379 13494
10990 11541
3443 12996
11375 11959
11442 2141
3838 1675
12099 8983
12976 14161
13401 12827
14255 9026
366 3174
8963 7505
10850 7089
14966 9048
7939 5899
4756 4052
14621 8738
13085 986
10365 2722
14044 14932
11675 14106
14617 515
2996 5545
11763 2732
8686 1902
13823 9057
10795 10360
12294 13788
14894 5262
417 5882
10053 448
5573 13696
1244 6896
3537 11055
13009 17
12683 12274
831 4322
10710 6412
9961 3579
2321 13725
3783 1353
9455 11508
12097 14111
13989 9755
13236 6645
9065 1042
8087 770
652 14086
1318 14401
14334 10185
2948 3278
9196 11316
13434 2719
366 14825
1293 12226
14834 14640
11068 8558
12894 1466
7469 13281
1666 12273
3638 8284
2057 4106
14587 8682
1291 3033
9227 6569
6666 9033
10879 14896
4539 6125
9961 13902
6262 7297
9930 7540
6681 9239
10742 8738
7649 11872
3553 6344
2875 4888
7056 2367
9755 5450
2120 11756
194 10164
10532 11148
9764 10236
11481 3138
1954 3332
550 11672
10054 2745
8227 10738
4467 9252
992 3067
6084 12933
3880 890
7005 7503
3262 9814
7328 13793
6944 12334
10376 11559
12057 3496
12383 9047
9413 4508
9526 6881
7553 2097
11322 4449
1761 7827
12780 2197
9991 1557
1657 2771
2900 14686
4220 7481
10825 13667
8044 14918
11054 5691
7393 239
9522 13288
4295 1329
737 7114
2238 14077
6859 9947
12321 4279
13477 12205
8431 13075
7175 14212
5993 3372
12597 13785
11570 7582
1739 6805
9474 3734
2580 10096
4801 1394
1883 443
13028 13504
12511 12648
13435 7241
9932 2645
8905 12706
1548 12849
8816 6863
6774 6545
7955 7664
14148 878
12091 11099
2146 3694
3420 6888
284 8383
1850 68
11669 5990
2482 6840
4520 14479
3217 34
6650 13434
13238 8022
2070 2618
8546 7924
11154 11701
9743 6167
12727 10132
14559 14177
11747 11076
14505 1680
4840 8291
3148 11937
10478 7759
1211 11374
2685 3904
3170 784
50 5132
14824 7668
10634 6667
5954 3800
9965 316
1740 8243
2581 11730
9489 11069
4679 13678
359 9266
4488 4221
6302 13792
9737 9162
10389 9577
10800 7653
10440 12535
7455 6780
4562 4432
5750 1197
4121 12649
2523 13788
10413 14937
12141 13973
13722 3963
10272 12834
13703 8633
1555 10583
3553 9391
2401 14163
12320 13725
11912 7646
1832 723
14191 896
12721 10003
5525 5614
2532 10513
11002 3673
5846 12459
10926 2480
13704 710
10519 12697
8344 4342
3302 1652
397 11963
2846 14119
13975 14227
9105 12927
6382 2098
13414 6068
11781 10715
249 3219
14377 7675
1835 14548
4379 7776
11574 2301
9589 3426
12847 10179
10490 3386
109 11435
13638 11631
2759 8488
14168 6714
5113 14469
5964 3439
12979 5235
4498 1311
900 2447
12430 8983
8745 9390
1509 13420
2690 12150
13258 4715
6678 14476
8778 12742
5899 7038
10479 11072
1498 9677
5507 12290
3004 4066
7113 11875
7194 8073
3126 5537
6909 8362
2520 14081
4199 8575
8336 6339
14973 9586
2021 12496
13395 6763
11172 900
11892 14472
14675 4464
7771 8941
350 10843
4969 12858
13061 9214
5651 13673
7963 14091
882 4684
3540 9659
4818 10150
11309 14557
6985 10933
953 1924
11318 7803
5266 6962
13418 7174
10594 10762
1629 3674
1714 497
10290 1944
9156 4015
1070 12810
2660 10598
8377 12299
14764 10525
12636 2832
9334 6399
149 421
8634 7461
14221 8274
13722 10618
14870 12841
1477 8406
9727 8182
12049 950
14217 9541
5266 8703
1222 1934
1109 7950
6878 3957
13546 8934
7217 8283
5224 74
8409 13198
12783 10828
9852 6478
9097 4395
13607 151
9433 3936
6934 12405
2797 10932
2917 2128
9204 14174
11476 5448
14626 3340
7277 6188
4663 13706
5808 1662
10008 4168
7124 6674
4699 13424
3256 3473
4400 11898
10502 11551
4680 2606
1634 7263
3557 13492
14732 6721
1610 11459
8446 10293
2156 7023
9712 1368
6775 14329
6595 3479
9987 14058
98 3848
1827 8484
3898 9241
8481 14598
2522 12739
1166 14944
6121 12790
12022 5327
2055 6487
14584 11746
12792 7999
12667 4384
2557 1941
12050 4409
9335 6612
12717 12451
13935 11974
738 3495
13726 4997
8299 6046
8236 3654
7602 13232
1467 10215
11021 9550
5032 11813
13071 886
7462 3147
3470 4709
4592 6619
3049 9970
4013 11365
5740 6731
10209 8549
3257 7080
4325 4152
3798 8281
7887 12136
10344 1938
11669 7724
6732 10820
14106 9388
1665 13865
4587 7846
14377 10891
13144 8753
1746 11275
14776 1243
9513 7526
13252 11259
1123 2631
14036 5266
8967 13596
11223 1642
7656 7479
3526 12222
1595 3999
8365 3422
6084 496
2062 1098
14885 7604
1403 3241
989 7907
5679 2526
10394 7843
5353 4158
8020 1664
515 7728
3902 8201
14147 574
11111 6768
4078 9881
12636 14296
1371 1455
1574 14862
9949 7325
2339 12474
11950 9831
14057 8219
12472 542
1279 12234
11876 7888
6678 9803
9897 4904
1501 7133
2759 11027
14179 7094
3008 10345
9496 8727
6081 6857
9323 5616
5594 10287
9278 1520
6159 7722
12517 12715
12845 877
4207 1215
11987 10079
5439 5924
3856 5408
5675 735
13465 4563
534 12920
10539 6786
4202 7185
5896 6757
1615 2843
12312 2363
390 5173
4371 11740
9074 10961
3736 6177
7768 3791
939 13135
306 4901
12419 7661
12694 12688
14758 10636
10639 8682
5016 5141
4666 14308
9482 3963
254 8738
3739 3952
3205 7426
13447 10854
3481 5792
9062 319
14853 5697
7429 14738
608 12545
5138 5406
5811 7331
1660 4790
2594 13287
9591 7806
1618 2314
13314 911
3115 1059
13561 2487
6545 131
3724 1101
6142 1167
8893 4196
7370 2179
8707 4378
13308 4789
4986 3803
4823 4978
25 10649
11695 14078
9575 12106
10158 10533
3514 362
1831 8634
14345 4711
453 6367
11194 14039
9765 4695
14282 9436
8621 468
5234 1885
13059 5250
14776 4630
14577 6127
7826 4410
2794 3068
12623 7195
7478 8106
7781 4854
3775 11594
4861 6227
1712 480
14575 7870
5514 4572
9222 10281
4476 5307
8439 4785
5378 6063
2390 10174
10978 4643
11647 4946
3244 2463
9116 1250
9904 9322
12579 7186
1253 6728
11054 12723
9752 9862
14400 8216
1020 9376
6670 3947
6495 3164
13114 7319
8813 13608
8480 11354
1426 12539
3914 1243
12883 9704
6890 11051
9564 12760
4854 7809
13461 10573
6088 5213
1177 11357
9994 2432
14699 5963
6594 8369
11318 11826
12646 6740
12135 12249
1828 10203
2416 9784
13843 12591
9535 9735
9882 14930
8450 1512
9796 1957
51 3744
11891 10379
12037 5120
14448 4151
3366 10607
9276 5015
12338 5849
5850 14520
1239 3415
9793 2478
12506 12822
1617 3633
1614 2721
360 10151
2444 7454
6056 13227
14447 14023
7818 8936
5904 4694
2767 8671
2637 14674
3180 12382
6792 5717
3144 11699
12769 1377
7181 10704
10035 3436
11153 10135
2161 9972
1276 14734
10154 2396
10727 12045
1876 13320
7561 1754
1295 13312
7225 8138
8581 9244
3788 13247
6686 875
918 1525
13105 14047
13195 14909
13100 9174
8040 8452
3990 3206
12648 13122
12721 5730
6361 13190
11117 11622
2033 7863
13835 9707
1979 3824
3037 3797
4336 5042
1801 183
6243 13535
2581 14694
8802 8255
4839 11453
233 2617
9082 6224
4704 5962
12637 13754
5257 2204
7252 5643
308 7783
927 2351
6243 3669
4765 6425
10139 6354
12971 12202
3426 10877
1501 12484
8240 1214
11695 9927
6534 4783
6860 5703
14950 1118
6496 5331
14209 9645
1897 9414
40 13613
1280 12971
4892 11873
2821 10620
12389 14562
6348 14497
14280 2551
13737 1088
6821 11633
14517 11925
6644 8272
3024 5748
10928 1575
2669 1214
6116 12289
6674 14399
14583 2411
4426 7933
2757 4043
2245 11529
8463 10334
12376 2793
7927 2075
9166 7589
2569 6587
10001 9116
2036 3080
6499 10371
1835 3353
3926 3190
2947 153
5249 12940
8940 12131
496 14908
5656 6503
9253 150
3778 8339
11606 14424
11104 14263
13223 13170
4208 726
8507 4446
1531 7877
1072 10575
5918 9436
4587 4241
4161 9991
8048 7796
5942 705
2551 7340
9047 7040
7235 6569
8911 5322
7401 11824
10372 8683
13229 7823
12998 10926
11572 3033
14577 3007
13401 13563
9010 10360
12355 7174
7350 1665
7408 9765
14806 2197
9720 7534
7380 10822
4049 6058
2035 13988
10444 5004
10427 4336
7744 9361
6571 2741
13574 4852
13349 8045
9392 12896
14145 4781
34 10987
1742 7532
4948 802
14299 3259
170 2406
12694 2332
5970 7674
3278 11355
14720 14270
2660 9950
10558 605
4491 10480
14002 12502
11125 389
10709 2347
11268 3229
7810 6717
291 4801
6618 9616
9549 10730
12531 9513
8555 1044
12303 9999
8907 9120
11994 3943
6575 5637
1060 4034
1787 5970
946 4213
4968 5851
7156 1575
14923 10738
7196 6910
12751 10725
2645 4392
1977 12954
7667 4071
63 2151
14340 8123
4740 7288
11651 10752
5745 649
3556 154
5077 10956
13400 5473
10482 13417
12808 8973
4841 2998
14366 6683
5462 14432
3587 8246
14158 10218
13271 6880
12909 11810
4479 3822
12091 14714
3848 12424
9770 11214
12351 7456
10921 9853
1432 69
5788 12932
4437 2603
3689 12928
2663 1657
8750 9013
5876 11898
11237 11183
4212 13192
4 7830
10467 3502
8986 66
10705 384
11739 13397
12475 3243
3283 11014
13699 650
9703 11458
12295 7382
5289 5948
5695 14096
14344 400
3873 484
9430 9237
14385 10210
12007 3550
7084 7611
2343 6927
9665 9837
8997 9485
4596 14066
10678 1152
2852 13655
8114 3273
11482 11592
11380 10059
13596 5859
6041 5108
3061 13378
14258 8325
7314 8351
9893 9243
13925 12836
2419 11486
3012 8310
12871 9698
12972 13104
6119 6502
13043 9986
11263 8281
13469 10067
1876 9061
11745 5154
9872 5380
3109 2267
2545 8952
7556 4495
4310 12511
13592 8453
3974 5604
7698 7130
4128 12293
1052 9797
4846 2451
1034 13351
11 8002
1988 14969
532 10481
3652 4589
11031 9301
4778 8519
1407 1055
9688 6266
1347 4631
14135 825
10885 1208
5538 11469
13039 961
3953 1496
799 2599
14831 11152
12917 3224
6501 1873
1402 11803
2514 4321
13157 6724
5379 14997
10930 14806
5657 2907
11147 10281
6100 7400
9192 12063
3394 5266
3587 6955
71 4814
4526 13246
5506 11439
7812 11711
6085 1467
6609 13727
10102 2890
2546 14612
1193 1360
14948 7314
4133 2660
14622 13031
3327 10125
14695 14922
8689 14092
4316 9439
3347 11709
9846 8363
9479 1669
8981 10201
9172 864
11642 4541
12187 11776
7111 1659
4402 2749
2975 6276
3971 2806
8915 12913
11300 6201
4712 7476
4929 5334
4267 7097
3686 14713
5 3682
734 13974
13653 12476
12944 1638
1033 2871
9006 5719
659 8449
4938 8649
8878 11753
13628 4251
2010 11605
7260 2793
8383 3079
8095 7665
3821 10846
12127 10549
13400 9377
5918 2227
7687 5025
3572 1024
3401 719
14757 2902
374 9760
178 10146
6924 3119
3035 14493
11110 11611
9286 6760
8773 1674
3777 11658
14738 12838
1555 5661
595 8366
12004 14902
10782 1469
11073 10723
8263 13853
10640 11067
6468 4379
36 9835
14476 11665
6802 9173
5078 9276
14822 12750
10413 2571
8276 14773
5161 2281
2671 12751
238 4052
5976 6986
7331 10982
12888 4125
14263 4385
12714 10124
10946 686
12128 4752
7642 10621
3755 1031
1293 13651
8894 8303
7993 2144
2060 11315
5321 8428
14919 11557
5923 12281
14920 10771
6990 6685
3145 5941
371 6274
10711 8217
6863 5175
7060 692
8864 11654
3374 2958
11833 3681
1860 232
6819 9313
13259 9137
14176 3533
6907 11117
13469 11924
10369 1364
14160 6548
2945 7516
5972 4731
1129 8135
2470 12286
13506 7626
1474 8484
6555 12878
5167 8666
4816 7156
3790 10067
5310 2669
3741 11208
5938 10479
13431 13873
1068 14402
1728 6309
9190 2936
8277 7745
11023 6518
6281 6308
2198 3326
3777 800
14044 4276
13473 6161
10978 9207
14968 13648
14846 4099
14562 11975
3302 14090
5896 12725
747 14849
14716 8750
6767 4546
13143 7373
11586 6544
14959 5989
12093 9507
3386 8328
11738 8022
7657 13275
4378 4375
11137 2234
11658 1541
13247 1122
8261 10131
3823 8866
3755 8130
1544 5770
2994 9335
14834 3117
11364 7912
5055 2725
2383 3913
9779 3372
1080 12296
9323 7714
9993 12867
13872 422
5881 3991
1706 10757
3472 7067
3679 11948
2051 10185
11955 8003
5071 4460
8362 7808
13399 7742
8580 6245
1536 3552
12033 10672
737 3657
11959 4727
7038 2464
13080 2105
14537 5333
9131 7665
1077 3590
8530 10183
4331 9150
13313 12135
9002 1619
5721 14862
13506 13774
14484 9500
2575 1710
12766 5535
9025 11419
14595 109
8237 10451
9717 5617
8666 10388
1854 11581
6825 6838
11999 10755
845 13177
381 4673
12332 6046
6112 13966
10123 8048
14865 136
6349 1448
6011 2094
8319 13175
858 9029
13385 12138
516 2757
101 8934
10033 12482
8772 890
6595 9297
3827 4488
7437 3060
2433 4635
9945 9351
1408 6513
7992 6070
3441 6387
2976 116
11598 10327
13802 5017
5213 4981
10223 14045
6316 14318
10456 9996
9369 12393
7256 255
8637 10145
429 7619
4113 1789
13982 11659
8852 4403
13470 7393
10576 12317
6720 295
14081 5768
5927 9626
4548 22
7047 10695
2914 6617
9721 2841
299 7433
5160 14261
4107 8817
9255 14739
4180 10618
10447 4966
5707 4213
12788 7201
8743 2670
4825 3717
9515 8649
5685 14482
1437 6158
9972 13930
4187 403
12131 2852
14945 9857
5796 11277
4134 1023
4637 13096
13288 1989
7251 2472
2099 11005
10940 3932
12777 14522
5250 6782
9326 6476
9615 6921
9290 8264
9511 6173
6410 7162
8505 4076
13890 11274
14819 6334
7148 3361
12318 7144
6163 14084
5385 4773
13822 4680
9557 12819
12040 9179
3611 3530
1020 13274
5853 6649
4876 11152
13805 4092
5685 103
12778 6142
6843 11971
522 11182
12618 11575
1378 7012
5878 3539
4175 12647
5132 10503
14019 12506
6406 10777
8885 2919
5924 3988
5102 8956
10648 10263
864 5232
11047 7699
2463 6968
3169 12247
11765 14774
8046 6396
11247 2276
3062 12611
7780 11705
10316 5952
10230 6842
402 2247
12109 5549
8638 2239
13927 8840
1552 10746
3097 10932
8834 2184
259 4431
28 534
2812 5189
5724 2328
11646 2918
4108 4022
4312 13375
10588 5528
5536 1427
14926 2727
13232 847
9671 1283
14227 12338
5396 3409
7465 13013
5586 14707
859 5613
11424 8484
11077 5735
14343 4818
1307 8756
11998 5717
1654 7233
2522 3143
5823 9220
1705 5223
7174 9962
2350 403
5523 9387
8938 4191
3319 11861
4945 9995
9355 14541
12625 13444
8156 11306
1338 7615
7392 709
4658 880
11435 1502
4166 8861
12219 14229
10680 2931
4300 12421
4241 7404
9024 5067
1762 13639
2752 9013
3392 14577
12209 12086
11902 13345
3721 2194
13642 3423
9337 13682
14139 5819
4523 13041
12855 2548
9088 2298
12224 9861
50 10634
10932 122
56 12479
14191 5988
3103 4264
12129 9724
626 8215
832 3161
3137 5180
10061 9973
3735 11868
12141 8597
9370 11184
216 297
6332 14262
7830 4175
12030 14016
6610 600
9490 786
13073 10893
95 7987
4241 9660
13684 1464
6742 11699
9673 14856
10057 2671
772 13891
3956 5798
8951 7747
1431 769
8752 1343
6263 10282
1529 5172
13937 4632
4312 259
13726 12118
2602 405
8463 8552
11316 11701
9006 2161
10223 14846
3059 8217
4758 4900
5648 3175
12054 10634
1575 693
11124 13682
2211 14893
7892 8873
6218 6042
2387 7508
12399 14352
11585 3820
2360 3080
9399 11322
5738 11915
10464 7404
8487 192
13436 13229
5483 8495
14142 987
743 12728
1087 823
8029 12816
14970 10106
645 2399
9037 1976
8675 13845
1318 1918
1010 7103
14679 7881
10994 6452
13458 7512
7064 11884
5281 356
7309 11458
14644 11516
13712 3070
5954 14602
7558 6033
5518 5435
1955 2601
5062 7915
8673 9257
11759 11347
6365 5673
6699 12055
14775 3693
12992 10173
7107 12472
6441 7824
11354 9817
13115 11120
10003 7535
11508 12643
2853 3213
9577 5881
14809 9728
12094 6022
1668 5400
10418 3289
6455 8105
502 13284
5906 14893
12511 4367
3606 5402
5553 5932
8868 2278
8835 11217
2052 4302
2382 10557
4572 12365
7952 2277
7529 9531
12500 1333
12862 9373
9687 6537
2722 5296
5914 11523
10102 4050
4385 9325
7823 13709
2611 1695
5653 2392
10427 14942
6576 6448
961 8678
11476 5784
13605 11848
5327 13434
6185 9587
7063 14638
13055 1993
10912 8617
2837 6295
7316 6688
3149 2893
6585 4554
5823 8288
4504 7790
13653 13372
7340 14551
11449 7715
12004 5199
3972 776
7333 8679
4080 5525
10173 11302
8567 6768
3349 6353
9445 11910
1827 1785
13753 9678
12264 2470
14287 3518
14439 10524
9482 8530
6941 2279
10950 11998
10689 5629
14380 199
3161 3764
10374 13349
496 1300
10128 11950
14136 17
13994 8769
11142 8540
794 8623
11398 7400
9994 9217
8980 8587
2126 14489
5637 11854
826 2789
645 2532
11093 620
13087 14407
13156 8602
4641 13151
9090 3587
164 14018
3859 2623
4166 12581
7165 10016
804 1962
1199 6962
13623 13683
8740 14920
13501 4444
330 10720
12802 93
5120 8789
8915 3421
10669 1341
4634 2227
3521 14558
14178 10392
11335 7466
9936 362
9311 7898
626 9306
13125 1651
317 4290
9684 10218
10311 14926
12195 4775
1205 13899
4996 925
4566 12255
1604 5577
7049 5025
9676 6970
11493 7757
7766 6662
11092 1100
2735 13832
1702 11800
13386 13450
12418 4159
7302 4266
2628 6556
2440 7905
9241 14075
4483 13834
9885 7289
14027 10509
2180 14039
106 8001
3111 13184
6259 9200
7467 3839
6385 7856
2197 515
519 10609
1833 14950
12896 14098
4470 5711
12065 10310
11876 6701
7503 7139
7958 8640
2864 357
3555 11462
11151 3486
13930 844
7228 6281
4392 14840
8447 9490
10290 8180
75 3838
12130 11562
633 3102
1047 7702
4143 14221
9868 14937
4761 14207
13878 10009
9202 1651
11319 8778
14430 1645
5460 11187
2377 14704
7249 11202
13556 1132
5938 7823
3060 7173
4246 3026
1551 14880
10268 6989
11802 12367
11008 913
3330 11890
9286 10056
6924 1729
7356 6743
14210 7806
8140 9639
13853 13092
172 420
12190 7629
9296 13530
13118 10116
3379 6721
14335 14151
13498 12778
11432 3070
6000 7239
5533 1436
5416 10673
7563 14458
326 1889
9684 11030
14768 11909
7355 10949
8478 3986
12270 8206
3337 6352
14879 13217
3351 12792
14948 8522
906 6299
5609 5470
6984 807
7157 12559
12163 1047
12534 2483
13184 5069
1904 8399
14956 3511
1527 13459
13585 6956
1232 2434
10385 7276
5261 979
1536 11515
3240 11441
2366 3110
7768 5471
11060 6797
11112 8979
9640 12736
12035 13200
4142 1256
5684 11041
12488 10200
7797 9285
1801 4073
13229 9418
13853 9940
8592 12836
1301 12543
6349 14150
10644 2823
536 3527
2265 3227
3206 13882
12291 7248
2423 9209
10920 3020
5097 6956
8093 5478
12599 6739
54 3263
5401 3572
9551 53
7825 8414
9013 6202
12300 1738
2851 13425
8710 10390
5194 1246
3305 571
13984 5043
8987 13905
5351 762
6979 8730
1899 1209
13037 14285
11892 9436
1660 14745
732 12972
1441 7584
28 4687
14826 11019
12674 9863
1341 7655
7712 1457
12447 12319
11330 9899
7572 13400
6279 10159
1669 6055
1186 14604
6831 1940
13827 11460
11206 9680
356 4454
9356 4582
1444 12654
3510 7195
9787 6179
14440 13353
14745 5605
5795 226
12416 8934
2142 12684
464 13442
9401 9782
2075 6338
2693 5759
6530 2903
8120 8048
160 3922
5663 14696
873 11913
9249 6066
1651 4600
12717 1583
7379 10039
13686 6280
10783 2835
6711 12534
7122 8310
3422 1276
13826 14803
1026 14831
1475 6153
7557 6476
13006 7914
3581 5643
9441 13996
7453 8998
8772 4720
101 13620
1742 6244
13537 9835
2024 5589
1659 7228
2116 1047
2292 11735
8988 4331
5851 11918
1269 2455
13168 12034
1704 3039
8310 135
5422 9995
6102 10442
13702 3561
1891 6540
13257 14818
11480 9024
14286 2244
6213 13905
8716 640
4779 72
5262 5192
11955 10864
4115 12933
6876 13599
8004 13657
7944 4660
11700 9280
14740 6385
14920 12312
8065 2090
12403 4594
5298 14458
13922 4913
8588 8708
12592 8829
1833 10330
13952 11331
1013 4291
8423 6866
4114 7268
13564 6250
11138 8443
12202 2644
11709 2245
4874 828
7755 2670
7161 10505
3918 4172
867 3503
4561 8329
3040 11363
6183 8464
323 5652
9373 13429
12044 12287
9213 2770
13384 14434
9207 5936
11359 10823
13370 6639
7028 5604
4440 13259
11340 14442
5600 7997
2175 12492
6666 266
9903 9861
12717 7284
6543 2272
9976 10857
7000 12855
12909 10062
7868 2876
13775 9786
8649 955
9223 5794
13027 5850
2973 9368
907 9382
11310 5446
4375 3201
12172 13669
2116 6139
8246 2347
1543 1529
9486 10042
13471 2174
4171 12606
9334 10798
6090 12823
2780 6770
5260 7843
11908 4157
3621 4615
4069 2107
1829 8995
287 12835
3274 5863
7942 6533
10081 13054
10810 8461
10324 1918
13402 2169
4298 1965
12997 5144
301 10799
7109 13665
10035 4475
12718 14757
3192 5847
9282 2114
8862 11417
14637 4524
3669 4978
12892 5953
13494 12531
5760 13723
184 1836
7910 10543
1585 5321
6673 5043
2416 14239
404 5226
4124 8085
732 3746
3169 13766
5958 134
7441 1816
10055 7703
515 10505
5733 7202
1490 11628
14131 7390
5597 13988
11456 9901
13195 12827
8909 654
14934 4186
9611 1627
1730 8338
10783 8516
9649 13122
10029 3483
951 10564
12236 6822
9196 7320
8331 11299
3589 12876
4133 10266
9634 6383
4723 11634
13998 12900
10218 3060
6170 1529
6017 11851
10682 14840
2662 1530
1794 9767
7702 8976
14427 3678
3666 9954
7636 13287
10601 5223
9047 13981
7447 6360
7859 9126
13945 3462
1196 6502
144 5394
11589 307
1284 13505
11163 4308
4727 13970
3870 7128
11716 8526
12481 12852
524 10035
12501 10766
6324 868
1154 8035
10301 7610
9254 12591
7571 2342
14434 7106
9593 1024
14708 7884
5029 13034
10900 13773
12689 12407
12623 6175
4869 6183
9380 12632
3348 13068
11038 6971
796 12842
14660 3192
2430 13627
10919 4429
12512 7189
12057 9384
12178 999
9610 3952
3094 4256
651 10494
5075 7203
347 10533
5989 2182
13503 13679
8670 4918
13681 9457
2827 14924
561 3862
9328 12531
2394 8106
11811 5919
13551 3445
2795 8818
3197 13095
1335 11386
9438 6461
14726 6373
2506 14345
14582 1989
1504 4246
9586 968
348 7078
9446 3884
6030 1300
13561 4527
14184 5676
3305 14920
9998 2196
7564 12572
10924 9256
5515 3947
7993 13465
4607 10412
14305 7074
6066 5576
9640 4641
3567 10738
8549 13061
5335 1430
1754 13952
8464 8233
9657 1018
9621 7570
12687 7940
12753 7208
12427 6213
13862 9948
9191 9016
4858 4125
6337 9536
415 5733
9276 12384
5092 11121
8060 3560
5563 3475
7305 12086
13966 9636
3362 993
573 2002
3015 4190
10400 5449
3272 5460
13381 5003
14422 3025
5013 1625
1784 6766
7862 11425
3199 10556
14460 13075
9439 11920
13621 10600
903 3396
849 12473
5153 885
3590 3946
9543 14630
11931 1062
7810 492
14828 14095
1564 1068
10070 9745
12470 7955
4568 4648
12568 4215
2583 2297
3551 11737
13608 120
5528 12193
4881 3346
3922 6764
3449 11904
7125 11445
11275 9586
8364 7445
14999 6063
338 13853
10071 7610
13381 3717
8003 3756
14249 11648
1291 10619
961 10320
4237 3390
13832 2270
5588 497
5224 6510
8723 8411
1835 14091
14858 10202
2703 6462
5803 6415
749 1411
9865 9413
12259 9690
1552 14107
14041 747
4001 4439
2098 1443
5689 9049
5382 10354
3063 13347
12435 2000
11908 6586
9266 14204
7834 3651
3302 11703
109 2690
8245 2459
11235 9417
1528 10098
9261 5294
13100 12669
14311 14834
2694 7521
3992 9738
5997 14036
13556 8946
11942 1713
13626 3112
13253 5082
6893 426
14946 10966
9868 4992
8117 198
4333 62
14171 11379
9875 12100
9746 2850
14235 10275
4731 12993
10325 6588
10044 5673
1800 14229
262 9624
12256 5656
6729 13998
2184 5452
3797 6140
1733 8246
14688 1265
12043 12546
3269 3478
7783 14585
12276 10560
10872 9298
12337 701
1421 8074
13825 6360
3987 9616
8794 14655
5996 118
12514 6081
9561 1538
2924 9992
12275 10824
10585 14494
1797 3996
10135 11538
14996 1587
2398 13795
3416 10963
2406 11065
11015 7821
8775 8069
5780 9811
7224 13850
11428 4761
10239 1762
2237 12152
9352 10465
13368 2818
14798 6175
6063 9101
2665 5420
2142 4725
9446 13346
13120 13795
4239 10797
1592 5542
9872 12355
4145 3834
12152 5839
4866 1433
1628 13285
4899 9812
5806 12588
227 11329
1401 9475
4488 3043
785 636
7394 875
6062 13074
7301 5507
5089 3051
1092 4018
4207 11396
2504 5168
7007 3664
3744 1135
4276 14225
13539 6809
4792 9090
7985 11861
2925 11173
3281 2433
6891 7586
11473 1871
8795 3878
9395 12747
10437 13326
5416 11659
7713 5001
8240 414
7669 4612
5848 12964
13729 4450
2506 10650
2033 7474
401 831
733 1899
10275 12215
12809 7655
3299 2806
3548 4795
13870 9204
2232 1408
3771 361
6373 498
1430 2982
8243 6997
8341 6284
10968 9104
2285 8894
13812 9451
6708 12767
12868 6158
10913 12150
9604 7791
2040 7941
11152 7436
3224 7761
3155 3041
2929 13452
11205 3411
1181 5517
6179 11267
8643 5112
13600 3709
12703 11090
11144 9408
10020 5808
9065 2636
8116 11584
6197 14214
10623 4606
7286 10419
9009 8651
5292 1207
14273 8571
8025 9749
9358 6554
4572 7035
13475 508
7418 3097
6217 1358
1334 8058
12933 461
2387 8658
4447 8975
3614 1960
14329 4457
2646 11454
6504 2139
6248 3564
8303 14832
4823 6160
3645 8554
7892 2002
13505 6051
4493 9731
7348 9918
1524 7262
11265 14357
13063 12443
10887 11379
6867 424
8333 12806
6163 6185
2902 3356
9506 6149
11120 7898
14760 4401
10690 9802
8224 4387
7359 14841
4356 5127
10065 6407
6261 8314
2736 8958
10417 4279
10953 12345
3339 618
8548 13214
10649 8396
4839 9196
14118 5681
8375 12889
8564 4877
6581 11049
4152 11710
5410 4622
5833 6688
9648 14704
2790 9186
12784 7432
7143 8508
11481 3362
9060 10837
13716 387
11857 628
1297 1049
11759 13867
14246 4140
2638 8662
12532 13345
2958 492
2523 4361
14102 2698
8623 8586
12481 5875
10392 4883
12094 45
725 4952
10697 12030
2278 14852
8249 5211
13034 885
13472 925
1584 10135
1959 14161
7742 12099
6780 3523
6218 717
746 2076
11679 12126
14217 7899
11685 12188
13344 9681
12369 5409
8017 14472
1748 1249
12347 964
5842 14776
11028 11326
4211 10576
11700 9122
5540 8703
6277 3962
6058 13089
9851 14053
5947 9025
13545 5830
13235 2232
13453 417
2788 5041
11591 7984
1172 2653
13567 10276
4406 7758
14497 7265
750 10285
10687 756
2113 10044
1827 5388
1401 6576
123 14381
13344 783
12213 8443
10050 9410
14179 481
1996 14338
2074 1601
12931 8300
7715 1247
8342 9983
3608 6699
4414 14807
11665 9261
12154 7112
4343 2404
8240 7668
11330 3955
7450 11
13142 5097
8590 12960
13373 14356
7823 3242
3523 5479
4929 6605
8487 3062
3437 1613
12567 10774
9786 1840
7504 1131
3256 14984
3785 6040
2413 78
4342 7534
2974 12329
132 12814
4069 574
7216 1757
8281 8327
4376 5409
5954 2982
14950 10399
12792 6158
7885 9263
12509 1085
12498 5225
8365 2201
2873 9511
2166 583
6453 12621
7447 8836
1519 10991
12164 696
4106 13440
3861 13986
2390 7143
6528 2378
13983 9675
10576 1818
9640 9709
10482 11381
14096 12391
14451 5358
9357 7347
11694 5076
3336 14442
8488 9929
10583 5847
2146 7069
14338 8326
14825 394
7932 1750
5927 10908
14078 12533
3713 1391
6710 13580
12691 10220
6245 240
6833 4314
10802 6853
10397 926
799 12934
3444 9493
2867 12341
8972 7104
4386 5375
2769 12572
12000 8366
513 10992
943 4523
4469 14217
2899 6687
4727 10857
9788 11962
12716 6719
9648 2660
10190 1037
12029 8359
883 13856
6226 10562
8111 5371
1294 7811
4112 13603
9094 2978
326 1147
8999 8741
7468 10147
9247 13856
5913 10875
4216 6299
10442 12638
14409 502
10674 6023
14979 8063
12051 2399
10719 826
7427 8697
9074 6829
10282 3835
14119 10299
3120 12055
11382 13117
651 11680
313 14928
13322 7977
10788 8715
14400 4806
8725 8105
5133 10477
8539 10957
1359 12009
8818 13769
4848 12582
13950 4709
2858 9032
10545 14929
705 1059
4858 4928
9220 8158
5579 13006
3748 5788
7493 12068
6643 9495
8968 6270
14079 5223
6655 2247
14318 3761
9115 5260
7135 10829
2809 11499
1559 6773
8372 7441
6199 14265
12730 11323
2783 5444
13321 5908
14460 7285
4807 10537
5257 6645
307 7231
11136 7937
13604 6452
3848 10359
9322 9468
11579 9220
5159 9814
13817 5156
13654 13262
5448 4265
2326 13695
2334 10206
8834 6290
14729 14235
7083 8400
9102 13945
9571 9420
9257 639
8302 1275
238 8873
13430 4548
13280 11949
1513 10380
7974 998
833 13361
5536 4803
12924 13116
5389 10176
14032 14262
8635 11376
7525 10460
4528 8751
966 8168
10255 9524
8752 11460
10960 892
6883 5484
434 9965
550 9974
39 12075
2800 11409
7398 11616
10386 5874
14832 14141
2646 7639
6783 9476
7315 8121
12196 7724
12701 13145
1713 2750
3083 2022
7956 9419
126 5015
11496 8637
2484 12922
9534 4297
14891 1816
8444 9500
1603 10608
12200 9599
14517 12495
13412 5766
10101 1671
5254 6731
9764 12218
11827 4889
14971 10226
8118 5535
3402 5206
2104 5840
13195 9356
12158 14921
11517 12047
10375 2343
3539 6026
7713 1970
10868 14425
8397 3261
13174 1404
637 10938
3882 12793
6651 10961
383 5846
3643 12676
10738 14783
3834 1418
9534 4978
2782 8705
12519 9899
4007 5037
11922 4899
6306 763
2651 11855
10840 8372
1739 13062
8139 7687
1768 1309
10469 14714
10401 14768
585 4527
7304 9752
14997 3216
11485 6169
13132 5384
10354 8820
2543 7267
3124 8052
2474 9378
11191 11016
981 1340
7334 12969
4843 10755
9992 10652
5955 1625
4914 2005
14445 4621
1508 12437
9033 303
9710 188
13243 1902
2453 7708
10573 5623
10288 14753
6604 910
2329 6648
8222 14916
2565 13694
6712 387
5973 468
7614 9257
4700 10607
2624 7885
12186 11058
6276 7493
1189 12696
4948 14042
9296 14360
14517 1317
14999 3911
13342 13998
8126 14217
3730 13931
454 13341
2355 13311
8600 10246
10722 10233
13739 11057
11973 5519
3080 9005
9166 5752
864 2301
5414 1908
2614 4091
2240 2975
1431 4647
6878 4633
10080 13029
426 7336
11214 10812
7917 4293
11222 1326
8671 7861
3556 3511
10322 13561
2967 2
1707 10995
10910 3249
3646 11175
127 6542
1328 5571
9798 8486
9370 5144
2448 4824
10067 9368
7779 10136
13891 10010
11480 4123
1751 7142
1498 13219
7757 11999
5779 12493
3350 10515
7397 4104
6053 725
6766 8952
6497 4746
14916 8879
11774 14843
4155 5692
77 524
7327 533
9433 10480
10544 7655
5119 11716
4445 11447
46 13614
8617 1257
5640 4779
2734 13826
11274 5474
14881 12733
5144 8955
3203 5883
6379 2441
8390 1450
12415 8601
6068 6337
2643 9046
8928 1473
799 12762
9531 10646
8396 11878
9454 14250
869 9589
3326 146
8027 7061
4527 13890
8223 13129
4885 5720
12459 13687
11902 6589
9858 14893
3915 14760
9347 2151
8410 14423
9094 11420
2164 13384
1647 8263
8852 7182
3323 8032
4043 5562
13421 14106
955 7348
995 10277
8990 9334
13396 2147
14172 1156
12120 8277
9977 3905
4215 14365
9321 1605
4645 3379
9860 3296
6924 1119
5192 99
158 14559
13925 3720
6805 14600
9962 4384
4179 6061
13920 6554
13547 346
14717 6421
1770 5132
8127 11899
3186 1304
1496 6987
5172 39
5888 367
11227 333
11497 1901
10272 7749
9777 465
4458 13393
10484 11671
10553 2262
12452 13656
10814 9977
14159 12616
2352 8807
8849 14083
1561 11048
10403 4272
254 13191
6939 13213
9575 8812
3246 10831
319 2065
14111 1094
485 13768
6159 5032
11516 3612
8239 8437
3372 2678
7187 12622
9352 3715
14692 1466
14575 5311
4275 10014
3334 14311
2905 767
1357 10461
3276 4782
11550 7276
7375 9093
7255 13040
3239 6130
2680 3212
5089 4301
2430 959
9944 7000
1873 5313
13561 14913
7492 11190
14132 8517
5285 1638
8597 6775
12213 3488
42 4200
13348 10595
5697 1181
12071 3075
1101 11642
2579 10143
5181 14145
1238 14361
532 5169
4829 777
4789 7748
2100 10355
1227 7996
867 4348
12745 106
5593 1029
1799 10553
14750 10084
4583 13525
5062 6823
879 13700
9890 7760
14083 2074
4576 9586
12062 80
11228 13658
6396 2580
9376 5297
13 14280
5662 5160
8364 14737
348 14546
158 12082
4587 6652
13255 4375
11025 8326
11621 14040
12435 7921
1167 3438
1010 3796
13727 2469
12662 10012
13800 6915
13343 9298
11973 6049
7007 8260
12559 13210
4157 6026
8649 9126
14646 150
12709 14006
8617 14679
8867 5579
2104 7931
13203 10890
9385 5221
11640 14411
10104 6629
7014 1100
1883 7752
14287 3248
6174 1821
2867 11160
13123 6781
11185 7650
14589 5109
2266 8166
6983 11902
2439 1358
5963 6467
13762 13314
4864 12843
10191 11175
4374 1708
5524 4059
8424 13674
14478 7203
9821 13323
493 14073
4945 8563
105 8788
4718 3400
8716 3192
5344 14582
14073 8804
9058 3598
2137 5490
2759 2778
4916 1438
14384 7947
2814 142
10552 13023
4698 5857
6990 4815
631 1436
8558 3958
8295 7922
10985 7358
7408 6384
14336 1248
14986 9775
3270 6041
11656 12474
11536 1030
7318 13868
4546 6332
12201 12237
13540 9585
2706 1014
8347 13437
8208 10878
7970 14529
12168 6782
13030 7824
12173 14404
2724 8160
12671 4481
9025 11922
9883 8014
1790 7781
8373 3227
10659 12740
6044 12890
124 8805
142 2021
5341 653
11388 327
6479 8668
5650 11526
7279 12429
3204 12033
9778 6417
8879 10380
11011 8791
562 2593
8164 12197
13399 6083
11015 9325
403 5188
5993 9266
12558 14953
10619 7063
1625 10989
4896 11325
11834 10914
7880 13754
11148 10664
1483 6394
8965 1821
11852 8807
4266 2170
1763 11015
837 10600
6480 3348
13877 4892
4010 7845
1694 10714
3968 864
593 2470
8433 8677
9315 13195
4881 11839
3555 8997
9963 2372
8565 7758
8693 6087
12796 1240
959 11985
803 6180
10761 9745
2336 13617
6739 6077
2540 2828
7557 6552
1916 7105
5126 7162
7835 5127
3881 644
6065 10623
14159 5145
759 11863
5903 7278
2193 3018
9286 3908
10895 9636
6912 6894
4829 6769
5666 5435
10860 10770
857 3611
3576 7557
11385 11300
8558 9425
3229 7388
14605 13563
3724 6485
464 15
14724 4799
433 7392
5245 1238
9732 12468
7356 1951
10871 14566
3796 893
8772 11113
8497 154
1586 10703
9860 9753
338 8785
2553 3208
14487 5744
4998 7338
3769 4182
4082 180
11403 10463
8068 13476
2388 5706
12669 821
8920 6268
5220 8381
8257 3837
13369 8812
978 94
3467 5613
204 4027
4215 6435
12060 12857
415 2903
6509 11065
2257 1555
14940 2607
5259 14793
7984 6950
9628 6688
12983 13363
499 11808
11343 13157
8475 5234
2045 9322
6485 1992
2018 7045
9041 11546
3529 8286
9126 12562
4503 12312
6519 9321
10901 1310
7497 13496
8914 7010
3791 2967
14438 562
12794 4334
12270 10554
531 5264
13058 12107
10287 2562
8881 9673
14828 4569
14716 7155
759 5471
9313 14818
489 7936
3834 14009
13788 2077
2400 1294
6238 8727
6084 4694
5593 2631
11705 5608
7406 680
7000 8266
1865 8189
4661 1098
4879 14155
11704 10016
14173 8581
13439 12022
4423 10233
986 2949
5356 4902
9894 8176
1546 8349
9916 4970
806 4145
11236 10060
4641 6
6657 5116
6837 5536
14890 9556
543 8484
1449 10577
4708 13291
4708 3144
1291 12388
2721 5120
6055 3607
10478 6154
13234 10560
1268 14763
4206 2398
315 9562
769 14502
8594 5689
13723 13577
1973 11367
11303 3150
5573 10199
8966 14934
10814 10052
2002 13591
3749 13534
12337 9865
10809 11807
13291 14677
6744 10317
3813 1867
75 13001
13193 946
3064 703
7981 14860
7999 5581
8425 9143
6648 9110
4824 1878
12207 11283
8189 3175
8090 8363
10232 3827
11182 6287
10163 2595
12782 6693
2563 8072
14136 3121
4363 8617
2208 13852
5325 266
3586 2854
2109 3017
8398 4952
3919 6318
1133 3936
10000 3697
3686 14836
857 6767
3116 13225
5906 600
9795 5093
4124 10652
779 7770
4532 3436
9244 2820
9067 332
11210 5222
13955 1243
11984 5669
5260 11977
11902 3740
7023 8518
5244 2560
8196 12162
8660 12291
9332 2674
11147 2984
7979 9135
14179 4048
583 2327
5823 2557
2210 6605
4209 13151
4494 2265
6978 575
3794 14328
3739 2372
6569 11643
4812 12782
13372 14797
3617 2276
9501 13878
14837 14128
1758 11803
11109 11837
11447 6540
7821 6967
14458 2815
2849 13907
354 10281
5373 12116
14240 14503
6995 5772
4429 8745
506 13138
70 12766
10440 4196
710 4462
12487 14095
6684 8819
10105 4465
2204 1482
9044 3145
1535 687
14210 13656
11003 4994
12752 13747
264 352
7176 11264
4759 1126
11885 6471
3592 12517
8447 8127
6722 10514
5588 8028
3916 7761
14754 2993
9610 9426
11600 9616
10469 6264
11296 3756
2733 13694
14200 1661
7276 7798
11240 11477
9099 7389
14055 4915
7029 4778
8379 13891
9624 10379
1573 7473
3656 4052
8116 11032
12753 12219
504 5371
6837 12655
14208 7600
3710 11181
7647 11880
2290 2652
8012 14262
8768 5753
1745 8605
12315 5559
6023 12876
13497 7845
13642 6163
3884 663
833 11388
7655 10847
14351 8122
5211 12877
13321 10630
3793 289
9407 5
12281 14490
3955 4754
305 13945
14725 2834
555 13871
9894 40
5834 8684
3925 14443
4078 3820
13474 10947
6709 6942
7981 2984
2180 2870
10659 3272
29 6648
10007 6421
12674 12767
6350 4176
10035 11786
4013 6347
8878 6571
9953 14847
11717 10227
14957 7958
173 13864
12610 11733
14213 2672
14435 4970
2924 13284
14787 6752
8081 31
952 2384
863 6688
6458 9848
10165 2960
13288 2961
5255 6313
347 3132
4735 9145
4764 137
11435 10620
3988 1027
10384 6585
11650 1280
2725 14981
5179 3427
5861 7168
8402 14099
8692 10769
5102 2061
1436 940
10779 10043
374 5251
8983 10907
8703 11349
7449 8966
5005 3011
3980 12338
623 241
4113 8009
8641 13616
9480 10053
8714 9605
4704 11365
5951 10876
14874 14933
3370 12144
10192 4637
14119 8325
2032 9526
3731 1896
13579 1548
6827 8020
8928 8258
1574 9979
5755 162
3152 4318
7398 4406
2386 2110
9626 73
10622 5590
8010 5074
8323 5071
12638 2667
3420 1368
9272 6118
933 3079
3778 685
6238 8294
5845 11934
7043 6376
3097 6574
6495 4899
5697 8412
8659 11125
8851 14040
11465 10223
11902 7183
7882 5992
10976 13668
5203 1857
5708 2369
6746 8251
2002 4171
6913 8699
7390 14459
7490 3825
13153 5676
1730 13872
11309 2834
3255 1750
12192 3767
8861 6306
6647 4009
2620 13755
4488 72
14732 3153
2800 6706
9677 6110
6003 8755
12745 5141
1333 7692
810 11472
7898 6224
8790 2997
12941 10936
14678 14230
12895 2602
3610 11582
14867 427
11411 2056
2500 6659
2204 5739
2102 7533
14564 3622
7564 9597
7278 10424
6802 7604
10215 6344
13508 14622
13304 4000
5047 7341
39 3620
12292 2719
4439 5271
6357 6664
2593 14303
14278 10321
3419 5536
3919 10547
2291 5731
3776 7663
10588 4666
10777 8307
7861 14499
4798 8811
14954 14617
6094 635
11719 13827
882 5281
12637 3772
9512 7363
9063 14469
14729 9166
8005 6030
6556 1596
4180 8330
9618 12579
7616 2836
2674 3800
3468 3432
8431 7251
12877 8297
4481 6228
9564 6477
6700 8897
10812 12613
13268 8978
4141 12610
5842 10849
6276 14325
637 1375
12555 13014
7188 10004
3108 12615
13577 10571
11256 4027
5579 7187
13995 816
12253 4151
1888 2749
44 1904
3883 1997
7340 9044
2249 4037
702 11202
11818 14642
8719 7308
11255 3030
138 8944
2623 627
7314 11766
10030 5953
14074 13843
13899 8645
3321 9139
2265 5678
2509 11981
10094 5316
14543 9402
9602 12316
2936 10994
4497 8536
900 6821
968 1451
10788 12447
5899 5268
826 10581
5403 5109
6686 7474
1857 3350
10759 6172
831 12362
13145 1045
2165 2483
6086 3358
12949 12141
6170 6069
8448 2379
13020 13135
659 6858
3646 13157
8515 4220
9450 14785
4657 3971
12092 10666
4064 9518
1538 6595
3083 7877
4727 3850
14022 13869
3947 10794
2285 8025
10521 5069
3882 6603
11523 7929
8102 310
2594 11615
4193 8564
11763 10678
694 14369
7874 3285
11978 11664
9245 1499
12760 4489
2602 10649
13943 7511
12933 4911
364 717
4394 9037
5149 6904
7431 9966
13481 13403
7315 8784
10161 8050
8493 12212
12605 12404
14607 12563
1023 12761
5944 6855
9858 6198
5688 5757
4817 13076
8120 5837
1641 7055
10126 6446
2699 12823
6431 4759
4562 10102
14154 8850
11278 1441
9195 8381
12062 11884
11696 1907
4079 6915
5133 7114
7235 10514
11865 14997
1845 5585
4703 1194
9390 3893
9671 3678
9211 2892
12630 10905
8111 9150
5831 14794
2139 4615
6699 12957
5202 12176
6341 6606
10870 9812
13861 3682
9329 7806
5000 3122
5428 7623
8270 9715
12553 14165
13536 6018
1885 13270
1211 2160
9735 12824
12995 11842
5322 5725
7621 2427
5200 8673
6414 12868
6034 13049
780 13356
6200 5881
5748 11159
10387 3326
2819 7679
13358 10510
3513 3444
336 10816
9035 901
5903 13090
6708 10565
14248 7186
2123 1705
3061 1865
10833 10614
11941 9050
8959 836
4288 136
280 7771
5806 5295
347 8780
9270 12210
1973 14545
2834 6727
7999 1401
6340 2753
13349 7754
4368 8835
4975 4788
10635 11562
2033 10039
7196 9906
7450 142
14005 3858
12934 6689
2475 6532
9386 14061
12002 6072
5809 4004
2301 2496
14404 4870
8088 10389
3439 5122
14704 11167
4020 10252
4360 10069
9960 12127
11069 11810
8351 519
7233 8254
11670 11933
11967 526
12054 10511
14195 6304
13558 3946
43 10562
5952 7306
11696 2087
1248 474
6817 9186
965 6954
3657 4274
222 7333
12119 10692
3804 1104
2017 10188
4604 8622
11175 10964
2657 5572
13767 14292
12018 13245
11547 12885
6443 1910
12669 982
4840 7488
14014 5152
5847 7269
3433 10603
5229 4421
4568 4349
7744 6613
5480 2115
5684 6467
7007 1274
3958 751
7570 11322
9221 7889
6960 3369
8897 14907
8751 4787
11975 7289
473 10076
4514 13949
10175 6154
2666 9855
6630 4050
8148 13617
14918 8191
9430 748
11302 8242
1330 11202
11012 9027
10599 2820
3215 11264
14754 2090
1184 13237
2265 8743
2349 5092
11647 3473
10372 9082
7515 3951
9689 1738
12116 13189
12783 14676
3754 6687
7383 14207
6626 3374
1163 4173
1170 611
13541 6874
7745 2755
9604 13056
6757 14530
10069 1599
14731 8462
14161 506
8090 4204
14267 10938
10340 1269
9093 3053
7029 6714
7098 9364
11993 1564
3712 1017
5878 8297
11578 5315
10211 11155
10324 4087
11437 118
8348 8868
8183 11218
1419 8426
105 10712
7872 4804
4187 11738
14274 7438
3918 12806
4031 2172
8297 4044
4556 2259
11298 12668
860 14434
9151 8569
4157 9994
6229 14698
12748 5171
14438 11412
9231 3471
7459 11732
841 9390
6424 9267
6236 8048
14496 12165
4266 11425
2456 3367
6709 14880
4940 4559
7247 8359
6563 12681
6352 5809
12570 6521
1355 3216
12609 12474
8767 349
7305 13733
11718 9043
4249 14741
9201 13573
9344 10082
1314 7900
10946 2646
14054 7572
6802 3790
9969 3895
14232 7907
2010 3194
7515 5930
382 11734
10674 3357
12647 598
2084 5409
8314 3725
7117 9794
12439 12720
10691 3841
417 5075
10611 13700
12416 11189
6415 2920
14977 14814
14010 31
8288 729
8736 5027
8126 10005
6494 4916
4189 5934
6087 6255
8463 7759
9068 2947
3506 5912
12458 14922
1211 5056
6522 12498
7387 1340
5171 9450
1597 9197
6438 6866
3561 12254
13305 10832
11949 7129
14082 2437
9976 4768
10980 4859
6438 12882
14762 6953
4246 14002
13060 1558
6272 1173
3394 183
3170 2781
7050 13848
7585 8856
7476 2908
10049 1924
1176 3419
8815 644
3338 5076
11463 7554
6219 6746
3156 2
10408 11202
7047 10615
14052 582
5854 12118
5206 11678
2823 8001
10915 8613
10060 13572
3330 12548
3047 2481
1902 5281
9720 6296
11245 4941
3319 55
6737 1077
591 5747
11995 5652
488 11896
4499 11705
7818 13541
7761 12453
10442 13143
1719 3642
2894 2046
1357 3551
11798 4864
3164 10396
11517 13232
5178 9661
13929 4323
6894 6528
12355 6941
5910 13461
2486 7663
7722 6677
557 1730
6240 13735
13245 12331
8767 7755
913 13884
13307 6898
14590 1215
13381 9362
13389 12115
8550 12996
1474 9263
6794 4172
2414 6381
5122 6366
5979 12993
5063 6613
5762 10049
4687 9358
11646 4421
2369 11186
1793 12221
9955 14232
8322 3024
1097 9161
1797 7208
1397 14857
10330 4114
11099 6349
1069 8207
3629 5396
7666 7397
5894 1996
2809 6073
8556 1929
11263 2550
1496 2074
9974 10786
3246 11605
10715 14265
11892 5399
1528 13489
935 3061
14985 14563
2806 1257
10336 1347
1576 10961
5363 14126
8797 13981
8309 5195
721 3145
1483 12045
1048 5992
3950 2361
14971 14807
12768 1764
1290 891
137 1511
10250 7825
381 311
4806 13160
14373 11161
1626 13150
6324 4250
12017 6161
453 10781
1923 14643
4700 2729
8460 1960
13592 5082
6986 10527
2912 12390
10678 3325
358 7746
11815 10937
11151 7711
11081 13680
13549 10397
5015 12827
1161 588
10841 14373
8075 1241
14272 3745
14724 2708
661 13877
11468 8586
13291 14297
10097 2916
2741 2362
7601 8667
4592 10701
8355 4983
9048 7745
5853 2075
9384 13489
6415 7377
13906 10748
3894 801
6842 12526
3241 12261
14351 7272
12457 1910
10464 2501
1377 9732
4295 3737
12043 4232
3893 3689
1374 4378
440 6356
3962 12029
3400 9601
13798 7639
2875 7087
12524 3724
3542 6467
10440 9010
6246 9709
11206 14997
11901 7825
3298 12878
5495 3061
10956 7621
5194 2124
14925 8719
14480 5612
4802 10731
7842 4453
188 7724
10668 9554
1306 735
5526 14244
13446 3744
13443 8006
5592 12501
7011 4421
2940 14521
9570 1622
10800 11677
7822 13588
8001 14173
8257 10362
7115 3385
4194 2151
10152 3613
6310 2876
1168 14900
7977 7352
5477 13314
930 12099
12990 12216
14161 3470
1582 5777
3810 4170
9423 3090
6533 9037
7337 10037
8009 3808
