9000
11106 6619
7056 4885
11362 8005
3594 4006
531 3824
7578 1949
6803 12957
6578 6614
732 14966
9679 265
13415 12315
8071 1532
3338 9013
8529 888
6555 9328
5700 2132
1579 3389
12762 7527
3028 3945
2550 10255
10960 7374
12163 5785
14119 12908
5507 5646
2052 1513
11395 10444
13967 14509
12319 8136
8402 7737
10136 12777
6890 4205
9556 214
9529 9564
11315 13823
12033 1593
9908 9526
5208 5344
11068 13811
12388 2972
14014 5658
9620 7616
13174 6983
9170 11819
7047 3216
13900 7686
12764 1043
9032 10058
2274 5062
1908 13179
4108 1877
14202 2434
1893 4881
1546 11027
14802 5480
6718 3215
14670 8954
1171 1679
5433 1474
11797 14705
9549 749
1737 8764
13401 4539
10493 13429
14900 9409
9604 3748
7848 5467
12557 6819
1150 9935
11954 4295
3948 9386
6993 4897
289 14789
10421 9945
314 3570
1391 14073
1380 4240
376 13543
13783 12323
2332 7341
870 3252
1290 12475
11965 1085
12400 14556
2125 4018
1896 4171
12451 14951
708 12220
14811 8033
4281 6905
5055 1088
11879 14744
5321 6526
14939 7453
7313 1815
3800 10674
14967 6829
3837 5242
8821 8092
13318 14952
3042 14703
4684 8071
14180 5144
12689 1302
7145 10082
1442 8154
2368 11380
702 9638
8565 3922
6957 12366
6579 11388
9299 9781
5802 7425
14003 14927
7753 11367
9480 740
169 12239
8659 14466
13405 4162
9857 10280
8262 11074
4023 10184
3232 9657
7771 519
5081 12778
14144 11418
4625 63
3682 12927
13797 12332
6763 4622
14063 259
10094 7747
11218 9396
11740 13320
5359 5906
6952 8437
4448 11549
9902 1236
10015 13131
5890 4397
11273 9345
2382 10701
10891 5026
2847 14309
14836 13907
613 8788
9486 9941
3898 11431
14819 14765
4992 10251
14721 4922
7492 14595
1130 7991
8360 14524
10821 1758
9816 9669
14873 14767
11095 5845
6689 2603
12825 1294
13021 13376
2619 5267
3597 3757
162 5152
3817 7476
11118 13311
10699 13238
8087 10779
1894 6653
11799 13239
7200 5254
5649 2932
14420 4074
8076 12369
2021 1080
12931 4058
8574 11900
7411 9140
9178 10596
1375 311
11636 11421
6970 5865
13331 11004
6903 1864
13881 8845
3202 13286
6452 12096
540 4467
10852 8708
2549 12843
3287 9169
8136 8172
5450 53
8779 10382
14096 598
7626 14960
8893 2130
10948 2204
14973 12418
13029 1457
13779 11232
7648 9520
1742 14977
257 900
14165 4605
7145 1030
10152 2181
4201 9980
11119 3384
8412 3915
14095 4002
11729 5196
10920 2779
5083 7597
14261 4650
4226 2139
13881 9911
14128 11459
2348 7424
10826 4959
11885 7635
5159 1799
1403 8533
3950 10801
7296 8410
9587 3702
2641 2287
12700 13216
12815 637
7823 3010
11137 11022
5644 14892
10302 3099
1316 2385
10678 846
11537 10574
8863 3414
8157 6541
10090 7397
10770 898
13790 11757
10901 11484
5202 9409
2347 710
5904 10642
11530 8569
11120 13365
4952 5890
4015 7952
12137 8727
8819 5783
1599 14921
10130 11673
10374 7821
13878 7381
7362 5143
937 14452
6041 1438
12464 951
11834 14941
1386 11678
11819 13638
10061 5854
13469 7631
8499 13812
225 1032
2076 3132
3500 14726
12386 1205
733 5295
14154 8740
5667 703
5495 8337
13876 13807
7821 3246
8411 1111
6221 13131
4105 13464
9761 7045
760 405
2494 12952
9156 11137
5899 9411
2021 10286
3630 8708
7332 1782
2590 10835
7284 13787
3417 132
2331 957
8422 9209
6779 10855
5336 1263
6806 4064
9025 13065
14859 11648
6817 5726
14745 9826
8819 14478
7143 14958
1448 2789
2844 12515
14989 8099
5021 7155
7660 7117
6192 8611
12616 5558
5773 6867
10170 4045
795 4960
3966 7083
5920 2334
5529 14921
6774 2052
11855 3410
5897 4592
9219 5505
12557 11850
11024 9787
11382 8609
1342 2542
7213 6546
9308 9923
11240 13330
3380 7043
6568 6084
9398 11931
13926 7781
7194 14718
12456 5234
1097 14355
11476 11953
11069 2921
14336 3001
3918 4155
6761 1360
2075 12065
10065 7437
10531 6882
6665 12622
9770 3007
5217 9336
12430 11490
9568 10157
6954 9269
4771 3679
5916 5201
2205 14160
11045 11313
12206 9407
13985 4980
4591 1323
7432 14045
7559 12140
14580 2454
3371 9642
3338 3551
3598 13416
2444 337
818 6660
4207 14527
11566 14918
14258 13969
12724 5694
2198 4680
4841 3477
7433 8563
13840 11717
9921 12992
11682 7374
2572 13954
5845 14368
7487 12795
12687 6381
8931 6735
2262 11248
136 12203
6519 7648
9340 7989
6449 11928
6469 10869
10172 14492
5749 9182
5559 5007
14353 658
2880 579
10982 8099
14086 1142
531 2753
2353 6929
7462 1767
3244 10734
6562 12414
227 8145
13147 1967
10892 14514
14120 7607
5913 7129
4637 4163
1066 12359
3627 10501
4913 1291
4484 1970
13664 7413
5465 5654
6731 6754
12503 14450
8428 7549
5089 1125
4545 6712
7059 2384
8817 4533
11864 12646
6412 11214
5654 2051
3217 2733
235 7879
1679 11179
5534 4125
7507 12209
3881 3382
6569 9940
11453 14125
1465 6768
2798 11462
13843 1614
12969 10007
12203 1262
10698 8982
12002 13406
4416 8626
1860 3660
766 165
2666 3965
9362 7389
14378 6296
12713 8671
12854 7269
1112 9910
3089 10244
13596 8059
8324 375
3895 8249
2425 13257
146 5255
9119 14562
3038 12951
11536 4828
3703 1630
4962 12870
8217 616
13164 10512
9415 2744
11601 3867
6830 14059
13307 10432
11274 5915
2002 13549
4774 10232
11488 6766
13162 11485
4637 11943
10597 14593
9330 10588
2349 467
2256 7136
2593 11778
10072 2481
6460 14352
1164 2440
14973 1201
2241 13412
11584 9550
14048 12683
9541 5153
8744 5022
13055 3790
6967 164
10142 3472
1068 13911
7197 11908
6596 7126
3669 9610
4543 11896
4533 3344
2133 11265
1289 13045
4010 11895
5196 9842
1324 5001
9161 6189
9335 13503
8927 13646
4218 1294
14468 10862
4106 8577
5159 708
2454 11241
4092 1602
14353 140
4511 10824
7671 13991
3399 3624
12308 3916
12595 3558
2180 3742
5332 12466
180 8767
10406 4020
3814 8083
3375 5409
11168 493
8865 7858
4054 1473
920 5026
1022 10011
7518 963
11047 11713
12991 14723
6363 1091
10574 2771
8101 4237
9071 6884
14493 13256
7912 12649
8479 7410
12012 981
8487 13463
11245 6631
12712 4934
11505 13124
3200 7400
10656 7239
10696 5908
12858 14743
8712 196
2457 6122
13663 229
1229 4914
9489 11226
14206 14597
13961 11191
401 2663
10690 10980
8048 8901
12118 386
14326 10158
10472 5491
3166 3384
14505 10431
13853 1946
7800 9267
7758 13026
8587 3826
4573 10774
10272 12086
6041 9093
371 5963
7035 5720
4817 9782
12322 2772
11896 12042
6496 5402
11578 7031
9003 7268
9721 8872
10491 851
4268 13953
4660 13576
7434 8261
1935 3087
6957 943
10331 8370
9964 10410
608 5824
1794 679
14829 12704
8959 10852
11968 14564
8664 7746
12889 6483
6845 11058
8390 10413
13522 6745
9147 9361
1709 7484
6693 14001
13511 8777
38 4313
3064 13203
14 7192
12904 13720
9173 13058
2482 13267
14140 11523
13157 14309
5117 6559
6232 5594
544 12703
5217 4881
8545 8481
3266 4658
12195 5162
1614 12816
14601 9840
12900 3756
6857 813
717 14747
14355 1376
3613 5511
9555 3946
2721 12503
14523 9988
5239 10747
11082 11592
13710 11237
6853 9795
11436 13532
4856 1827
5062 14182
14971 75
4063 10818
9082 7170
6448 9959
11595 6290
526 14866
7801 11473
1603 1145
14732 11068
1680 3421
13209 1953
4161 14568
3925 4322
3103 6682
12562 10622
7692 6161
3454 5762
6490 6334
10971 4982
886 14088
12181 5922
8448 1864
11565 1059
56 12243
7371 9266
13794 1686
11003 13029
12192 9235
14273 11317
9405 4048
3435 8811
5348 10370
4089 5068
9506 5400
6206 1009
13650 446
2962 10528
11839 7072
5503 1963
1321 3185
3208 9045
9197 3391
1621 14515
7848 10156
844 14077
309 10327
14844 7043
7432 11708
1039 4103
6656 12573
6406 7398
2671 10657
12545 12428
9665 1579
9689 29
10354 14214
357 13482
5436 4407
12497 9138
7072 9011
6743 13448
264 988
4173 1447
8596 9037
13167 13996
9831 153
2884 6758
2289 2865
2831 3447
10052 11260
4782 5726
4357 13081
9445 11463
10708 11275
5122 14928
2223 12720
4343 12078
4484 915
8095 8146
11679 8668
5812 2187
6468 8797
11191 10713
6129 7711
10938 2578
9796 1234
14323 3139
7054 14841
1012 2101
2057 2822
13797 478
3205 2192
14650 6196
10690 7080
14801 3456
8934 9676
12227 10085
11736 9904
13276 1511
1078 11194
5353 12593
9773 8603
14307 13647
13018 6670
2979 10958
270 4677
8660 5709
4865 9462
1608 9249
2925 2481
14171 4096
7804 4122
6119 14139
2395 2011
3391 6717
3394 4036
12566 14310
4362 14495
10369 14826
7084 553
8930 7916
5 5800
6895 10626
13356 13181
10819 5780
7632 4579
10331 1626
14891 13053
9025 7848
405 217
9917 7618
1963 6556
1074 5934
12684 10403
2554 7731
2703 3995
5287 10368
11448 12716
10047 6916
12953 1831
8740 5835
3075 1153
14356 8387
14813 10959
7900 12737
11972 10517
14073 14322
11897 10587
3171 12956
950 12002
1134 5570
8719 8145
11996 3511
12721 8131
8600 867
8412 712
12210 14517
4071 1965
4709 6821
1724 5748
8974 820
12646 7575
2496 9444
8830 7280
14525 4755
270 11536
6048 3844
2980 5740
4106 13349
4029 7189
8288 8526
10016 14070
8377 4626
5114 2229
10298 12175
12263 7934
3379 9650
7194 4445
5883 3254
2620 9077
9488 4652
3630 2660
13188 780
1043 13387
10689 9701
5538 9277
14122 8795
5590 5808
1358 8420
156 14959
1142 1053
9261 13224
10902 5020
10054 13474
14726 10096
7112 11298
1510 12964
7713 13074
11472 2209
9051 11211
13449 14883
4013 8079
3062 3102
14653 1035
6779 12509
8883 12887
10589 12522
315 11156
5072 4185
1993 5505
8165 11015
14599 3798
7609 2121
5331 6209
5373 7710
5414 9271
10420 11521
7111 2036
2293 7122
53 760
9672 5566
6931 12792
12351 12061
1184 9778
5173 10001
10242 9665
13712 12807
8058 4008
900 9638
1622 6026
11498 3938
13817 4273
10987 4217
8546 14154
10615 1820
3569 11009
12003 13865
6459 2520
5821 7590
10941 9870
88 5503
7097 6003
13807 408
13997 11053
331 3659
5658 4447
3773 4432
13250 6983
2032 12101
7991 2161
11925 9657
1117 3281
2036 10866
4222 5871
2918 13317
3032 9908
79 12559
5372 5643
12113 5426
3748 776
8273 9287
12634 1495
2624 3943
3129 5829
9182 12577
10426 4994
11796 12993
14349 4493
8554 2487
5399 488
14287 3399
11307 4016
4196 924
10452 6286
12837 3016
5064 4953
32 10110
222 2120
3484 13927
1317 14377
6216 9735
5142 6474
4780 12253
2589 14374
3269 6414
1611 13299
4235 3063
8452 14302
5406 948
13423 14830
1250 12831
7359 6878
5506 7214
4173 9779
12943 4960
8097 2001
11176 12311
7479 13878
10834 9990
11476 7971
5778 9235
4185 1237
10253 2190
7067 12882
2045 6543
682 2345
1202 11802
6668 2047
14257 3471
9364 1128
3885 9740
6962 11518
6648 6736
5028 9165
3811 1864
8621 243
1971 7574
9848 14497
8146 8413
7448 5985
3232 14318
1946 815
7830 8110
2691 7332
1204 838
599 12548
750 10864
1478 6147
6252 2038
14466 14060
12716 11124
3968 12163
13369 12479
5790 1809
10420 10256
2462 10605
11120 7977
6629 4547
13433 13635
7101 2562
7853 3296
12312 2131
149 8661
7560 7258
4340 9207
4691 7251
12353 7307
4325 9048
10091 1876
6840 7107
3930 13347
5310 3819
65 8713
13738 12348
4590 7107
14544 771
4314 11421
7247 9679
13237 7407
14182 9530
6257 7239
7572 720
13576 5442
11793 11356
653 10426
4862 11362
13271 7872
1215 9082
10772 5286
8701 5869
9491 11236
10364 3571
214 13675
13898 8803
7940 2803
12007 14497
6311 4545
8802 13045
2756 9179
4073 9502
1341 3382
3333 5597
3146 1512
1510 9910
8082 6519
4451 8423
2704 1067
12543 9586
4125 685
14100 10794
9499 11481
1204 712
6641 12842
13858 10373
2844 5347
12241 10533
5218 3384
3868 11421
7398 14372
3744 6484
13746 7011
6164 2070
13101 3996
5822 12605
6830 13202
8815 11058
6641 10332
9669 2179
7622 4432
13086 8954
5962 2898
2489 9440
1274 2420
13589 5147
6080 2850
14818 14114
4512 7273
4459 6554
10067 4880
7702 4115
13839 14311
13546 5255
14637 2780
10155 3494
4273 14541
6562 6851
3736 661
12478 4876
265 12241
8782 1906
5048 8246
13198 9308
648 7147
10513 6911
14403 1833
14420 9952
8937 11945
2594 58
5472 10877
7403 4983
8318 14265
6368 5858
13670 10817
6548 8930
14009 1147
1705 5194
1032 12723
7042 6806
3269 14437
14421 1929
8614 9957
5682 10668
7269 6887
8989 10635
9309 9042
14594 11765
3279 14391
339 12986
5757 8442
11154 3263
485 12044
4549 14045
2294 13397
11255 2488
5004 9605
680 7393
14015 4265
10897 12252
1006 1287
4788 10120
9180 1609
10342 7836
7072 42
5440 12350
9394 3864
4724 14327
13584 8383
4050 161
1508 6298
6125 2666
8311 12413
6507 11211
8728 4607
4498 12345
2720 3767
7591 5832
1770 6727
2683 14175
2784 5584
955 4388
14496 7695
10252 1791
13566 14315
13398 3500
13253 12900
506 5569
131 2395
8377 1696
10529 14836
12217 2226
10129 1284
10551 6776
5603 8027
2981 6435
10601 8935
5008 5457
8091 12104
4727 10986
10495 4934
13077 13746
12518 6902
5447 3342
12794 4018
6110 8157
346 4095
5626 11912
1152 12924
14145 5860
430 3912
5344 13342
10447 9736
6606 12128
8003 2098
14727 8520
8719 9092
8028 1633
8655 12010
10720 1684
10437 10690
9721 5307
5915 14605
2598 4453
981 12055
1966 818
5299 5347
8094 8909
13337 2263
11228 7240
10870 6803
4197 12740
961 1791
11278 8309
2082 14935
9569 3605
10363 14044
5677 5670
1962 2371
5697 2398
1307 8573
14437 13460
8055 4849
6019 1792
5423 6604
8621 2127
10609 695
3437 451
7187 183
13210 6880
12629 7414
5831 10932
9184 12259
8000 12576
13345 12762
10376 5445
7554 4806
11781 13800
3532 9143
6263 1936
7734 10167
9473 5836
10295 10209
1570 5564
5586 3782
1543 8868
8501 5108
13002 6525
1776 12227
5417 4227
3801 7541
1553 2415
12344 4328
10536 10950
13593 7425
1622 10276
7493 3937
11751 14539
101 8211
2944 12945
689 5516
2691 12658
13412 10067
8509 8518
6821 3596
5106 1770
13636 834
525 12170
6297 540
2586 4252
10860 9192
7205 11967
296 3060
12630 2882
1689 7074
8288 9764
10133 2382
62 5565
14624 6216
4572 9433
14002 2573
2798 6038
5431 7888
13355 829
7975 13239
3710 492
6773 3948
14984 3019
14979 14740
5487 10317
1439 12171
1821 7810
10194 13408
11082 12175
3017 5681
7781 5613
14438 3651
2707 1938
2265 4753
9089 7456
11096 5143
5154 1875
10859 13294
11421 1776
12946 9742
11552 2844
11037 11613
211 7392
2394 5536
14712 11583
848 3556
13095 13182
7071 10243
13730 2802
6284 3053
1448 10993
7151 6507
5439 14211
555 9372
6086 14095
763 1172
10521 3003
9384 5215
11404 8015
3017 1669
1372 2629
14533 8321
2874 1044
5732 3914
4968 6981
10489 7238
12249 8581
2860 12889
8969 394
4151 14560
5157 12289
5794 14679
11583 7950
9100 6584
9790 12949
8209 3067
13095 5636
9337 5535
13079 11222
13071 3517
1415 14806
3898 6087
12695 1264
5549 9218
14934 9793
10638 5522
9365 11147
14828 7807
13727 7197
221 10438
7418 3012
11721 13967
8383 5245
2154 13764
2207 10906
4035 3176
14570 11145
9674 7002
8201 3242
11937 11144
4159 2936
12645 6740
12943 7318
6818 2277
4111 673
9227 9194
8579 1529
7947 10456
13607 8336
14156 3175
7404 13816
1584 6696
3653 4914
2668 863
12831 7879
8893 4226
3956 7117
10498 13662
12173 3746
10745 10424
146 12560
13897 807
8225 4376
2148 6140
2542 14395
14832 1508
5962 7211
7112 9637
2086 1115
12346 6044
14466 5864
4458 8231
4927 5974
7228 14503
5964 2055
5066 2453
7471 3650
6634 9040
3952 13360
2987 1140
14571 1297
4476 8418
7355 5883
1369 3765
629 8870
13365 10914
7579 4776
11537 6136
9831 9857
11824 6366
7089 9556
1198 14565
6249 4525
6300 3606
99 2830
5668 12869
970 9578
13235 4171
2293 4861
2725 14566
12650 1922
9014 10479
10291 9665
8581 1055
5311 13795
5341 4901
4970 9706
6355 1685
13708 13151
10406 8571
9385 1105
12322 851
12545 4657
11192 3907
3419 2951
408 1270
882 7633
3615 3214
1078 8010
6599 13758
13025 1854
10759 10958
8439 12121
5418 5346
11551 7248
4225 3962
12818 9751
14802 5137
9069 4568
12349 14179
654 7515
2460 678
8250 2401
9933 10800
6010 3445
10044 11773
7146 9642
13393 3443
8865 13187
12966 14204
10386 14050
3860 11235
8786 2186
1976 989
6476 1927
14311 411
14098 10011
3402 10753
4225 7206
1973 10624
6326 9318
6872 1258
4236 5539
6427 1615
4229 3368
9866 3365
12630 12470
5545 3578
888 362
9245 4337
4026 4579
4262 6400
6454 377
480 9369
5834 14075
7608 1090
14761 11356
10089 6830
14294 2228
10334 9694
10063 7758
4441 8449
8259 12560
8852 6176
5469 3001
11374 2882
14444 5391
8675 7813
12052 13319
6056 3744
11446 9549
5792 14153
3403 14441
7315 2056
7121 13717
7281 12152
13350 2915
7641 4504
10315 11972
8963 2986
6159 8785
718 7667
7755 13422
3360 6648
308 8847
12596 9043
8472 7142
7798 1951
3834 10539
2271 8855
14549 11953
8376 2163
7864 13761
6359 400
10769 8358
6220 10984
12267 11964
1494 441
6378 6297
6216 7046
12591 3482
4549 3004
4766 1549
11176 4049
11273 13766
228 7138
2379 11044
6814 10961
1407 12103
760 988
6281 4948
208 12633
3919 2007
11481 14936
8443 915
8689 11697
8376 14525
3398 4803
13629 13836
7394 939
13347 10381
4504 5294
14496 12855
14272 6731
10120 3901
12202 6364
4300 9291
1137 14116
14747 433
5920 14358
11518 8265
1755 7932
5090 8475
4182 5308
13130 12905
13642 12433
640 6881
2955 12546
8737 6144
13227 10829
3283 13293
14175 7372
10176 12276
3657 4258
10500 11663
8542 11363
1117 1333
7147 2584
6931 4917
13216 5095
11017 14263
2644 10817
5232 14371
8982 12635
6875 2635
13298 7281
4459 14227
1299 7504
8573 11336
11895 1534
3297 10156
13985 9544
4625 10419
6547 13521
10774 5633
8954 150
11800 473
7939 12205
5196 12007
8060 2598
436 7893
6285 10802
4916 4409
13841 7654
12015 824
2626 6206
411 4052
7167 3972
4841 8252
13480 2648
8627 11160
12760 8065
12231 37
10199 5080
4396 5954
10870 121
13670 14759
13430 9908
12787 7927
6936 1459
2089 4083
5937 4771
721 10954
5915 11647
10691 5284
6117 13476
1774 484
8033 248
14844 4398
13202 11236
2722 8259
7294 6467
1820 13825
12299 5659
3961 12785
12985 341
10475 9216
2229 4879
9068 3194
2310 12578
5733 7415
2649 6568
12615 3699
3683 850
5597 13746
4365 10233
7061 9498
12743 5793
8503 7532
10231 9641
10617 3712
7975 13343
3586 451
2564 3742
7669 1860
10421 4333
9126 3705
7094 11494
3621 1756
14312 8152
4010 12182
4403 2388
13209 14341
6374 8963
12041 5990
8051 3043
3272 9329
8842 5619
10001 2984
3123 12354
9972 14881
4549 9928
7970 6505
14956 346
3134 11483
10181 8987
12273 815
10467 1873
5430 10962
9733 1631
10532 1869
10766 5181
7983 7728
2716 12846
14941 2101
236 2402
10053 8690
11381 7935
11552 7094
14901 10254
5715 8790
5414 8779
9875 2766
7501 2743
2505 3523
13532 66
14166 9910
9439 12117
14796 8994
6026 1169
1268 5978
10308 5427
9362 1718
3882 9637
11541 7600
84 14107
11744 2850
3090 10579
9199 1070
5866 5817
1200 6003
7706 4325
13226 6126
6920 9195
12496 8412
12974 9447
3061 7980
690 4249
6489 3360
3589 8498
8613 4041
9617 11744
9960 11771
576 14192
5705 1667
8304 13291
3169 11821
14770 6419
8668 8642
9706 7683
7849 2238
7820 9329
3230 10558
14143 11438
4396 10710
12244 1919
1812 1246
4424 8758
10152 5181
1262 5951
12187 13497
12122 3402
7241 11341
12502 14657
3553 5521
8354 6295
6053 190
11662 9591
9934 8350
6068 10308
2008 8560
1957 4694
5815 13249
7938 5866
9595 573
12541 8650
8698 6416
7044 11532
5383 5267
13262 11267
11964 7517
5899 12569
1450 8142
10365 11025
11570 7901
9166 14985
2262 4162
13483 9361
429 9609
3343 11541
10966 1976
5658 3830
8719 9416
4177 12274
9222 534
4414 13050
12020 7847
1093 13833
7842 4276
2110 5381
10355 2303
6150 1155
7143 9401
13600 8156
9542 11185
9706 2006
829 1416
14569 11178
8220 4177
8329 9255
11599 4682
14207 13457
5638 6212
3780 1024
5672 7577
7086 4233
4765 5065
11764 3634
12203 1109
5984 4499
6396 7066
10742 12607
2016 13368
3877 14940
2313 3358
11827 1785
4824 10266
2601 5846
1832 7082
9097 8176
8687 9034
9937 1184
12851 2185
7333 7788
1844 2730
7281 7990
9640 503
13915 542
2192 13123
5611 8622
2652 5377
9196 1066
14393 2179
8163 14103
4801 10524
5634 1268
6749 9044
13219 13428
729 3868
4991 9682
9248 4788
11745 13017
1520 4518
7804 12134
5943 548
5674 12878
14648 9233
6912 11246
10274 2615
8070 1536
13961 2741
7253 5430
14271 7657
13729 2970
13061 1358
2220 8385
10688 4196
9162 10497
14898 3254
10242 663
2732 9909
11229 6967
7049 12431
13117 1604
8262 9768
11010 10030
13860 6781
1863 13979
2940 12259
9242 4071
10265 3665
7170 7414
12901 10850
11467 14277
7558 6030
6464 4406
3364 11976
7357 6308
7351 5893
14291 2708
12223 2773
8439 2442
7894 2592
4446 1859
1727 71
10785 7706
4564 14042
2015 915
12781 14926
13534 14926
11708 3030
9990 8003
2671 10968
8310 2825
136 8356
9908 13178
2642 6310
1603 9849
9550 273
10328 4438
10346 4343
10038 12653
10606 13658
1875 8064
10690 7294
13681 9942
4678 14248
7640 4144
9635 8876
7506 13869
685 8009
5699 9648
12044 13615
4116 3895
7372 8168
11900 6976
932 3120
11724 7348
6879 10921
8290 1894
7947 8581
12454 1270
869 12942
11305 6308
31 13541
14578 13093
4715 6400
4782 7722
2908 9314
646 14651
5217 12694
11854 1323
10910 4086
13829 12318
9550 7126
13718 5464
9052 3668
9791 10154
6929 4193
8547 14248
7576 4098
13279 7157
9729 7581
8465 12261
5178 14193
5151 12414
12947 5094
11201 2743
10766 8515
14066 6070
9562 813
9291 1894
11029 7869
2671 10010
7140 9567
1560 5010
994 10113
14579 584
6346 6003
14963 4261
9536 11360
12093 5111
13782 3839
10328 14246
6769 10511
2348 3901
4904 589
8755 3858
9525 4167
1554 7179
46 8567
6963 11420
4575 8147
3422 8748
11550 12077
13541 8998
10900 2676
3360 14550
4767 5309
14988 9410
8583 2531
13299 14996
12346 13137
5161 14826
2414 10258
8313 11628
14809 13126
14033 3747
13978 6378
5439 1094
3427 6345
8822 13199
12263 837
8671 8067
11709 14091
2616 9460
2788 10314
10986 13752
3390 8269
14513 14716
9057 4851
6195 8129
14184 9093
10602 9668
8270 11208
6223 9588
8707 12592
6700 12797
2955 9427
7855 5492
11710 2046
1448 7964
14609 4894
6226 253
14861 3999
789 5452
12331 3589
8727 11182
1478 13381
14221 678
7506 2491
13905 9415
10014 6773
13651 1858
12650 4250
7789 5341
8604 1104
2793 9317
14604 1814
12073 3487
14352 2019
5143 12172
6527 7546
12645 2696
7850 14550
12784 7040
5617 4831
545 4207
559 6503
1925 10659
9368 9123
12180 11213
2131 14856
5582 1793
5466 3211
193 14473
14557 12649
14791 8681
7682 13578
432 7523
6114 5591
8168 5521
1901 428
2313 5646
2510 10790
4480 2839
6304 1439
137 1334
9763 3798
8088 12083
4010 7008
354 6281
9351 14681
1443 12522
6750 2942
1897 9088
7480 5813
10039 11091
5900 6291
3937 13961
5634 2097
8771 6766
6441 1766
3553 12443
5250 14598
12922 4902
14045 7028
11446 14126
12555 19
11637 5843
6044 14160
9968 9916
11134 11461
12790 998
5071 11442
8084 950
12916 2789
10787 7791
7309 1646
13652 5918
4036 5629
8420 9198
8946 11087
3065 13180
1683 7438
2896 5094
11306 5534
13342 10161
6504 5222
7938 3418
12837 2178
10586 1104
1244 2279
13875 354
4707 2910
9981 9061
10460 6122
10330 782
763 5474
250 11155
108 7409
8910 13554
698 6835
231 12662
6150 2901
2432 11915
11112 6638
7615 8906
4126 9032
8352 9263
12690 9246
7951 726
6311 11639
11684 13840
10700 13796
7075 1569
1661 4379
5794 9463
9739 443
9906 9216
5837 1252
4273 7365
2492 126
4208 14164
13395 4083
2340 8504
2089 5314
6532 495
1428 8633
11914 7354
5552 1245
4958 9537
14295 339
8453 9052
13513 1002
2897 9101
14099 7509
7635 8833
4830 3766
2566 10077
13361 10233
10061 9214
3774 1545
10236 11816
4373 12998
7876 10969
13432 13160
4027 8096
12228 13997
10886 866
1829 6428
3079 11563
11048 11722
10194 2486
10966 179
8689 3866
4390 14123
5848 943
9329 13962
13645 8347
330 1433
8924 11345
1953 14797
1924 6499
1846 9615
6459 5941
12405 10236
3370 12652
13767 9448
10312 4737
14054 7965
1974 11090
14707 1453
404 2924
2392 5760
8580 13762
7904 6844
2450 6861
13106 10898
9684 479
14036 6782
2039 13741
3759 4697
3687 5644
11949 12022
14284 4184
13583 12165
5049 4332
9306 6732
8428 13677
837 13661
11916 9616
13799 3176
13077 9485
8894 6560
13091 5508
13835 2841
9697 12360
6590 11185
9558 7696
3064 10178
10583 6398
14667 431
2250 629
11174 7706
3546 10070
313 8520
2916 3540
11709 28
6113 5806
3467 6518
1732 7379
1144 9493
10595 11914
11847 937
12727 10956
5503 7750
5095 9445
781 4611
13200 6697
4183 10742
12881 10534
642 560
879 4900
6522 11474
7520 8485
13865 7606
14151 6302
1494 5242
12614 7845
14254 10084
9452 4827
8976 3718
4146 8
7916 14773
4471 14786
360 14630
10789 1861
413 12734
8823 5263
3708 2355
4364 4666
12846 8726
11534 998
7715 2001
8023 12864
6107 10953
6184 7773
14461 5760
3106 10229
14699 8220
4354 13935
14222 3178
5194 1092
3057 4773
4086 3159
4247 1301
5631 239
4856 7160
11866 7805
7071 7743
10397 4292
11459 4147
8276 13284
2551 12886
7589 9041
8322 11044
11855 3311
13210 318
10715 2686
12414 7556
10265 12580
10021 7624
4565 8175
8483 11836
2420 2891
8472 10522
14566 7130
6980 4112
10824 10875
6989 4886
11202 1513
3795 8657
14029 5595
8150 11334
13696 2366
6583 2686
2370 11609
8454 11175
11030 3305
7257 3936
999 10196
13571 2497
13559 14476
13144 13915
13754 11632
8066 7454
7463 9923
2560 11729
1961 4260
1620 12208
8322 2643
10741 3367
4196 11763
9144 13801
1897 12447
3333 5341
7215 7916
3823 10635
1656 12447
1867 5657
11020 9689
2398 8785
14151 6845
7377 7351
9600 9909
14724 1790
10523 12158
5821 10446
9370 6818
2722 2681
9523 14796
586 1070
11590 3514
7780 4418
9725 13757
7863 10247
10794 5256
12584 3659
8657 317
952 4289
2484 13930
10713 9303
11217 8560
4274 1567
12432 10297
8888 3894
1438 5475
12376 6862
6376 2162
8266 3160
1449 2801
19 9447
3151 9969
7067 14912
14357 4607
559 2959
8458 9034
12305 3737
13865 13695
14555 7446
1635 9647
5354 14921
14314 4700
13151 13324
2155 8123
2694 6943
14072 530
10979 1466
386 14195
5085 4338
13011 5336
2926 3005
4079 12392
12446 340
11778 2683
12132 13952
3909 401
9549 11154
9532 1672
7722 9381
12439 12002
7404 2154
12038 1411
76 7403
12522 10317
4309 1141
567 10002
8204 2539
3692 12238
3805 12970
11310 4255
14247 2645
6437 3181
6978 14582
12679 13093
9600 3598
11196 14776
661 13040
13922 8011
4147 11648
12325 13300
1441 9853
4922 11624
8804 11924
4966 5650
13459 334
5605 10756
9944 14837
4788 13150
3932 14506
3555 7648
12386 7717
3215 9077
12494 12467
11347 3251
4703 12961
13448 4147
10671 7250
5981 5289
13555 10618
5899 13615
2873 4926
10867 1412
4538 5582
6424 1314
14046 6357
4990 9744
197 3809
6652 10894
13227 10021
10896 2469
11963 7267
10503 5309
8309 1373
4853 9318
6286 1458
12974 7788
2111 11506
5862 8931
3129 14117
5028 9554
5085 13425
5438 11757
2726 8493
9763 4577
4834 8325
13721 10988
3446 2808
3145 1728
11284 10007
8205 8046
7050 6214
796 9267
6626 13919
11340 2258
921 3722
6602 4084
5953 1786
11952 1009
7366 7835
8426 6459
10965 8319
9395 14817
2138 8245
8553 5552
1420 7354
11000 7716
13081 1012
11483 11475
10041 6929
13466 2830
7336 7559
4588 13751
12638 1268
926 954
13406 2522
4108 10661
14064 6916
1520 1187
14001 11988
6599 3733
8057 365
2012 8440
5810 2738
7471 10193
12323 3126
7125 10960
623 9764
3772 2545
964 10212
14543 12069
12415 2496
136 14221
11287 1136
10250 3347
9262 732
5334 2493
8624 1737
4589 11637
5225 10407
14854 7758
6344 14410
2201 7918
5456 2169
9365 7422
5867 5494
6012 14373
7907 978
1258 10773
11152 3263
4885 3779
2751 13425
5380 4438
11282 8714
1174 12764
13283 3762
11741 9579
13068 14385
135 2943
11785 2546
9455 9332
13369 10385
7676 672
2300 2352
2109 3182
8221 8274
10571 13049
6803 9212
8199 757
4587 12089
7702 6761
2712 2387
2844 14154
10038 7250
5309 14165
14541 6011
10420 12129
7888 2792
12581 4736
3537 12927
10022 9463
5782 7220
10154 12049
6317 6140
12544 1746
9819 12587
2475 6502
7420 2125
2922 1617
3445 13168
6164 4660
2712 354
9000 8693
10895 11914
12389 2889
14029 10766
8763 12954
920 1860
4903 4616
2768 13190
6645 14222
8856 8503
5170 75
11490 9514
12172 5557
13782 5468
11503 13198
3075 9952
7673 2822
5798 6320
3676 3096
1517 11614
6445 755
8759 10199
12846 14344
4877 1734
9830 3735
12142 5967
6175 1511
1662 200
9558 8191
3030 2286
1955 6069
8908 1630
14001 13128
13726 9537
11397 1185
13706 6182
10685 4298
9030 9683
8970 11376
13744 11825
2267 1688
9004 13413
13665 2539
10444 10136
1399 8806
1452 12575
9670 5114
3098 11611
10866 8521
4578 8847
12485 8796
12721 9448
6056 8166
14089 6033
2837 9119
10029 7686
5407 12715
2936 3832
10643 13919
8325 1141
301 808
13353 1886
1483 13976
9051 10536
1784 831
10698 1984
14584 6159
3330 5137
7903 3097
11882 13833
9852 10991
8146 7846
316 11031
8450 71
14875 5228
3433 11519
10878 10402
264 3231
387 8057
7242 8855
1410 13627
14552 9323
7435 5580
6006 1303
617 2245
5117 1978
5166 14753
11026 7029
14789 12805
6243 4359
12608 8757
6493 544
691 2177
9741 6241
13946 8894
2419 6181
2996 12694
11409 2724
8048 4445
12524 12264
341 13561
8220 7230
1906 2357
13078 11492
8336 17
1720 14946
6066 4891
4164 1319
5341 13875
5669 3345
13000 691
13371 2433
8490 8845
6141 14474
12336 9846
2142 1091
10466 8926
8012 3908
10916 13378
9228 8709
7788 6308
10982 12126
9434 3139
7599 6497
4085 14999
6703 6776
14953 6132
8308 1718
3875 2918
6944 13190
13282 10515
8232 3035
9159 6575
3726 8401
7712 14147
10484 3368
6949 4601
8754 7752
1101 9306
10481 787
6084 6306
4541 10795
3909 7977
14274 531
8718 7657
12675 10368
6275 804
5610 12097
187 2411
5619 9558
3777 7334
3838 9572
1490 3907
5530 11366
7144 10037
7552 6093
2994 7143
8551 4176
3241 5175
9998 3706
6536 13079
10953 5597
444 1174
8443 6804
5140 4662
7264 10301
6662 1922
1203 4651
10524 12016
12283 4836
13624 4635
14392 7624
8371 3772
2207 11609
3056 10802
8503 8386
8962 2222
3781 3674
11416 6517
5293 11788
2298 7535
10072 11076
12592 14103
14985 13435
14230 7708
14620 721
6535 6451
6484 10673
5422 337
2162 210
5143 4092
10080 14605
1854 1140
13940 3601
9509 7532
9072 10091
2443 8027
6242 11752
13057 13372
5546 846
6622 13577
8103 2876
8684 9957
2883 9206
14982 2483
7079 12831
12721 12452
5020 12126
9552 14909
3587 2227
4982 5885
3315 3842
9430 1734
9077 4700
13943 2687
10479 5512
5758 12882
5639 11620
5683 13288
8462 14535
9238 12821
9662 3218
4027 4243
12764 11884
3344 5521
14150 7345
8962 9737
1343 4392
13502 1389
7510 13475
11190 5403
9268 7220
9541 10898
14201 4364
9117 3082
1305 12352
78 9090
7305 9704
963 14811
13887 7103
5698 13022
3877 13204
1570 4367
2009 10891
9228 8645
8229 11942
11214 3387
10257 2894
14380 10194
6572 1817
8995 5334
7892 11020
9667 12951
7633 1350
7694 1752
9199 68
5524 6536
9653 1650
2799 8437
106 3309
5690 6486
14195 4184
10196 9821
8011 4033
3368 394
9412 487
7961 14036
12174 3691
4846 10814
10614 628
8143 5587
3605 8896
2691 6769
7605 6467
2052 7971
8522 10462
10840 6011
9455 4419
6115 13270
9220 11371
13685 11420
9012 8752
2421 1662
2373 10508
7009 14513
14395 8485
5964 12316
1968 4253
11286 1883
513 10089
138 9370
884 3231
27 12897
10634 1179
13716 13825
9350 12959
1464 673
7180 14914
5211 12144
1052 5692
1053 5587
9531 10542
9817 2213
1580 11215
9535 10206
9370 5917
9345 6660
3857 6362
13815 4757
4946 11037
10577 736
10776 10452
6251 6326
7364 2014
7716 10595
6772 8980
11476 12848
9973 10011
7771 12437
2238 12113
6611 3637
176 3716
4128 8247
12723 14528
14117 9343
7567 7117
3078 13627
5394 6180
7015 8190
14887 4989
10790 3833
8300 4341
8246 203
14650 14874
11679 14090
3394 6926
7513 13488
4268 7427
3301 2205
7070 14360
4019 14679
1107 4314
135 9185
7335 9966
7574 1408
5842 13838
3779 6270
7462 5193
218 11008
6327 6364
11561 12762
4647 5399
8868 69
9262 12335
8783 7144
8227 5040
13449 13101
12529 2978
1746 9164
4565 7470
3689 14528
14317 2266
6935 8488
6950 190
1221 12754
3885 7610
14282 1534
12828 7277
7672 3700
8445 2401
10616 14471
1231 3396
4954 13270
7312 8092
10731 14611
1987 8389
11018 12188
9959 6347
3979 10573
7783 4312
1701 10555
7450 4184
1817 7898
12257 7440
7239 14199
14120 2229
7720 9223
2829 3598
12091 11884
13278 10013
7252 2901
9611 11240
9084 9260
4295 13245
1677 11004
8703 10441
364 2069
9476 12161
4714 10910
652 12810
12284 13617
10889 5023
12743 4273
14860 1408
12094 2777
13027 5634
11409 8146
1858 12006
2612 14538
6392 13000
858 14693
4704 5659
12182 4879
4966 14914
294 9550
5094 81
23 9489
16 9703
1137 3814
218 5657
2428 7652
418 9185
6388 3538
8940 7747
5058 2188
6180 5814
4503 6238
6521 12133
14892 2226
4226 8838
8807 4402
2373 11794
11267 8326
14160 1140
2129 2511
143 8314
547 3986
2602 3978
10887 4274
6637 6943
5523 14709
9013 9738
8948 1589
3363 9776
6676 12011
7817 57
2480 741
6217 7987
3917 2515
6412 6265
6360 9851
12859 12543
6814 5931
14483 2810
2148 3994
8395 9085
185 7851
12295 3021
14751 4498
12055 11163
4953 14852
3819 9167
6853 1109
8658 6893
223 14093
11529 8126
4901 6023
12850 9977
6473 13297
6540 12653
888 3087
11119 5950
9060 14528
8736 14246
14189 7970
11136 1509
12083 2874
6277 14031
14720 12344
10191 600
191 4581
12802 1285
1995 6780
13061 870
14197 4526
4660 10459
5587 10022
767 6151
14969 7416
8057 12354
811 10946
6590 7630
8241 6202
5225 4507
170 5212
11638 12117
5177 5884
4838 14260
2837 333
250 6983
8370 9876
3847 11411
13193 3252
11822 2819
54 13154
6435 1628
2593 4533
5624 541
10217 921
6899 8306
870 2851
3217 2589
6086 3931
12516 5694
7751 12309
8509 10029
1131 12949
6130 14131
2580 4981
14740 828
7479 9464
8093 6029
3582 5523
12601 3681
1654 1235
251 6883
10261 7472
7122 9757
14147 6097
13906 210
11321 9957
958 11253
9971 9982
8035 3578
13527 11206
13023 2794
2797 10422
5312 9999
9685 12961
9353 13273
203 8700
4796 14589
14839 2396
9942 8113
3931 4143
9441 11673
13967 1545
9627 14126
6172 4023
429 3766
4391 12612
2520 11384
9688 7385
12686 10329
6322 5397
10048 5620
8444 4099
13919 5817
5141 8140
1281 5768
13534 3151
12797 5254
12948 6248
14257 11765
14002 13255
10188 2775
14458 10170
7947 3091
9771 10550
14760 13475
5630 1299
10052 1830
13361 1877
14016 7576
4202 10325
14187 11254
7072 7955
10063 11135
14579 14191
7552 1492
6319 9286
1413 5933
7488 10962
10791 13837
5610 9951
2086 13741
258 2522
12943 10095
10516 4713
11920 14949
10367 8070
2298 8429
14698 3200
13563 1085
13566 12381
7487 1495
8265 14549
10981 12534
11255 13791
12880 7375
7829 292
1150 3743
12694 9833
11570 2704
14241 14983
381 5718
13400 13155
14029 8597
7765 4901
1041 7238
10474 8990
11511 4122
5544 3589
1307 9578
7158 10625
12627 12490
6090 13435
6092 12900
11106 5135
14080 2208
12253 6737
13874 11325
12229 2053
4320 13478
13147 654
6046 1692
1337 10249
5387 2030
539 1090
10949 3153
7644 4720
5995 1497
12436 4842
4342 10447
4956 1642
12192 9730
2377 13317
12272 8681
10358 7021
7870 5981
7335 2452
5279 11285
1369 14688
12658 9342
901 90
5614 2451
10920 8519
2232 1991
10801 9244
11931 1183
8207 953
5980 5286
2011 7467
6379 9838
3556 11081
3888 14005
7038 3182
1792 14051
5454 11057
6267 10532
1645 6714
11551 3721
6459 2000
13729 8423
6504 5005
4053 11749
2364 10672
1942 6659
11023 8193
8411 5244
2597 4448
11731 13812
2006 11396
6622 10253
922 4746
695 14310
9894 5488
8696 7301
6058 4682
13681 6253
14611 8479
606 7779
8644 7933
8233 2489
7259 2377
5251 11876
7583 11893
5135 7308
2875 12527
10092 8905
10714 807
4465 8979
13484 8640
1263 2483
11821 8630
10770 12886
6040 8917
5841 13123
8990 1477
2759 3596
8339 867
12065 14528
11255 4688
1074 312
7011 13724
8968 3738
7536 14823
6221 9543
10437 10075
6963 8531
5137 13718
2407 8741
3150 1242
3817 10020
8833 14244
15 11030
5271 6981
12489 1154
1438 14390
1611 4607
13433 3495
10729 3541
12577 5927
4402 11714
4487 10224
11288 14267
10555 6651
4042 11432
11742 3886
1194 3679
12 630
3296 7821
11879 1627
11288 4346
3020 6336
5505 5576
2156 6204
9686 8471
13334 11853
12420 2753
1120 936
7687 1136
10889 12960
14037 12368
1370 8721
5023 45
10571 4365
12196 2701
4167 5415
10089 3213
7605 7905
14644 10056
10757 7470
1432 4430
9477 12234
9808 1856
413 1821
8779 7724
6456 11041
2398 3242
11034 10347
14773 12542
7757 13806
5055 3208
14702 8472
2685 9419
14326 1299
8307 4322
5345 3801
14358 3574
9631 6346
11392 14263
8788 2757
2223 3562
14117 11138
14597 7050
7133 8941
4846 12445
3770 4994
10193 10095
7427 4417
6214 5094
2286 8616
4358 2200
1595 5495
7724 3072
14992 1574
5630 14772
1372 2770
2863 5089
5782 9355
2059 4542
12499 5250
12768 6144
12687 7935
14262 13853
7948 9904
4786 14887
1506 11527
13184 13668
4916 8707
4563 12922
4202 12906
10429 7868
10158 9066
4260 12579
4234 12512
8136 2752
14057 4785
837 2494
9464 6701
5452 9642
4301 8077
6984 2571
11723 332
1091 14431
5913 12174
7690 10531
82 11302
14489 1356
10222 10957
14457 8726
1872 13523
8785 7402
4573 1839
7389 11194
9628 6284
13658 2883
10370 2906
11781 13488
11705 8901
9372 12078
3627 13300
183 2921
407 12170
929 5454
5627 7472
12959 6624
8750 2933
8208 10130
9536 10858
10547 4375
9218 1489
843 702
2854 2368
11161 6279
7933 11517
12891 1013
12462 2960
8508 11218
7419 8622
6112 8291
277 8888
4413 10864
4238 9979
12082 10615
1487 4542
14174 6662
8299 10762
6759 653
7094 1114
7859 7559
3644 2906
9524 11684
10678 11197
5361 14820
10717 10180
10743 1184
411 3078
7602 6709
886 3709
12644 11875
5806 6909
2860 10107
6325 7678
13484 12944
4425 11196
3293 9454
11779 12049
14358 2028
10119 6775
10446 3590
2842 7692
5346 12358
5199 11551
7488 14817
11822 14446
8842 7398
14165 3292
8163 9930
1608 14888
1712 2576
1218 13674
7880 14047
9193 10843
14302 13100
11994 7259
14000 3056
9636 12404
7735 10285
4718 14174
6416 434
7648 3850
12108 14264
8592 9376
1803 7331
12434 2809
2086 13999
13949 13538
9066 14421
7854 4753
174 3545
5755 2895
2669 490
10177 6247
11695 2597
13957 11816
3900 2336
5828 104
6148 14759
3070 11752
3329 10249
13559 5102
1245 327
10451 12721
9616 3365
9208 1972
10712 13658
6871 10693
2449 8891
11314 7856
11333 6956
7957 152
2563 7463
2803 12265
4237 11490
11672 2692
6048 12126
10404 5241
2046 9945
14437 2841
13215 6369
11264 14392
583 6214
2357 2225
6095 630
10406 11510
4376 5114
9370 9721
2263 7673
13345 8495
8563 8367
14827 6061
12560 5213
14588 6684
6615 14
919 5909
12360 13796
9346 12596
7118 13317
7360 14510
9950 9565
6307 6587
1918 5527
12765 4450
12025 56
12302 12208
6777 4810
12584 10017
11916 7196
11103 9192
4945 8563
12219 6637
8059 13829
5082 11256
4344 7881
14421 11702
555 8455
6660 1787
4957 7532
7799 12394
4253 11511
9171 12608
5420 14213
4049 14921
7043 2990
11127 10967
7782 2042
14362 3831
2193 4581
11758 1006
12209 3757
4439 2803
10036 11596
11507 14974
294 2179
4188 13788
1494 12092
12748 6974
10883 8693
11296 5699
4486 2226
3690 5224
8714 11575
8231 8198
1437 7199
3366 960
7820 7128
187 12075
12947 12404
7867 1709
1735 283
13701 1079
9180 2374
6665 3335
2489 12584
13302 1343
967 11383
11155 8106
12703 1323
10624 4500
10592 2784
2382 6629
3280 3319
5230 10214
10078 6231
4154 312
14533 11872
14553 7642
5725 10483
10631 11037
5393 7777
3251 343
194 694
10665 13245
2043 3041
2527 8259
2774 1189
1364 5678
4701 3030
10999 10325
10895 8292
6707 5647
5344 1879
2996 10604
9033 8700
9579 2368
8839 9879
11694 3038
5875 7423
9034 3210
14998 8940
3835 3800
12461 10059
5579 9749
7740 4057
3537 11018
2262 14354
5739 12957
10784 1375
12609 6690
923 303
3259 3224
3137 11792
1799 544
7277 4268
12001 6544
2027 12818
4820 14603
7840 3154
9776 14570
7909 602
2519 6260
9409 14804
1122 9423
13109 1884
5085 1217
11014 14075
8628 7597
7004 1530
5409 7196
6539 3832
7646 3591
10500 4167
11572 5343
3543 1583
6628 11053
1547 12695
6956 12484
12238 9846
5119 6568
10834 9399
2161 5368
4738 11798
5460 4156
9564 9756
14116 9985
2792 1839
11468 12447
2598 6335
2130 919
9921 12503
6940 7694
1560 12037
14196 7288
10979 8032
2509 12301
5338 8784
3450 834
7228 7523
10088 626
3060 9077
10363 10212
10768 3827
8006 13565
11778 9314
168 11999
13037 9323
10180 11015
1118 1060
11712 8310
2517 12563
10851 7620
10858 822
1528 2171
13479 9532
2448 12231
5030 2590
6806 7621
8934 7476
5350 4999
5713 3601
10666 2334
6650 784
3643 9234
7913 8026
5301 1191
8149 6704
8220 11516
7028 7661
3490 11433
2914 5897
709 9479
12006 11667
7201 3303
5497 2195
5589 7825
11041 3049
12458 4513
11433 10546
8962 11958
1808 3937
2122 11163
9968 1349
2668 9724
4375 11761
711 2249
6818 1390
10949 5072
11596 404
11840 11768
5232 12509
2299 4236
11027 4228
10203 6563
3947 3078
2902 3542
11600 8076
4743 13089
3532 2088
6128 2745
13935 12026
9132 13488
524 7520
10434 2953
6459 909
2867 3354
3437 7223
5113 8734
6392 2177
11325 624
665 7565
14029 7520
1804 3159
5533 11483
3626 14489
1881 7509
14282 291
6321 4652
10645 4565
10561 11859
3340 6578
4088 14398
9777 1600
616 5059
7925 8734
3018 8404
13673 11036
655 4890
4005 4516
5514 3771
10446 3404
1893 920
544 769
5835 4908
6818 13200
6435 5348
9830 6655
10890 10715
1663 5943
6611 6545
10644 8043
2992 3001
11736 3707
4664 10328
9211 2326
1907 3830
5181 7053
2670 3588
2287 10186
4298 8445
12028 7538
10259 1196
10441 6073
6398 13744
4354 6849
1335 2121
8719 1558
10715 2273
13689 13152
13447 10359
9230 11957
8862 9242
11210 14595
11664 5295
4745 1886
13772 6719
5224 10005
11110 1118
3094 1991
8069 97
5793 4406
4988 12804
92 1275
11525 928
6478 11260
9673 9766
5380 10802
10058 2175
10635 13941
7184 3872
11117 9443
1769 10866
8303 5593
1504 13798
2021 2190
8951 12340
8406 5280
5125 9288
6507 4436
1801 2439
4685 7273
12972 10888
9025 2678
14230 8912
2449 9628
9653 9602
10370 7299
6513 1880
7759 7620
7278 7050
13756 2403
14125 4220
4211 8112
10208 3635
7252 7476
637 12238
7977 938
13403 3143
7888 3328
7878 14948
5333 6649
14220 5170
8918 8149
13290 671
7912 1266
9447 6487
3796 12017
1283 6940
4511 7040
4708 14421
9181 5422
10002 14655
9756 12346
11564 9571
11125 1440
13000 7193
1035 14983
10355 9755
3373 3480
13478 12056
3754 5530
6076 1160
12973 6611
4596 6808
1350 5612
1780 13627
2003 8140
12349 4524
7715 1170
12559 6530
6132 5859
13840 10848
7378 8237
13011 12273
10151 6183
12999 3752
4757 9715
13010 11391
9044 9202
8837 5995
4004 5573
3790 2240
14324 1588
7758 2560
12582 3210
3224 13350
1639 6176
7639 2652
6991 14885
8324 11804
6842 7391
11476 5776
3188 6257
3078 12591
2857 7370
7279 8064
5338 5790
3736 14807
2876 7680
14698 158
10914 10740
1572 1253
13827 1741
8112 13989
6282 4458
12348 5319
6319 3165
14893 4105
2580 615
12900 11199
3875 463
5418 2640
5558 7341
12130 6288
10765 3562
6174 6871
12248 1860
14141 13657
6751 11102
2274 1252
14576 8546
14297 12523
11907 14524
710 3742
1028 11252
8614 6171
9481 7906
4664 59
12310 3465
7715 3143
4533 6757
3446 13560
3768 5002
12821 13791
4167 13044
4390 7397
7903 12176
11343 14979
9206 7885
7457 3396
13376 8075
1074 12198
3789 11947
11504 2165
6041 7281
14831 3640
5524 6035
2901 7306
14210 4097
6497 14755
5096 13722
6160 8924
13297 9467
11786 3812
14572 5260
516 13354
10277 2568
10467 10423
4993 656
4052 8005
4861 9726
10328 12915
1552 7961
11969 13707
14086 13438
1517 5917
3852 14752
11770 919
14608 9863
7834 1018
4751 12204
10667 1102
6832 10751
7880 9778
8004 3061
14429 2004
7973 12486
11302 1630
12411 369
10879 4924
7048 6419
14967 13114
9104 10167
6321 4167
8131 3945
5275 10905
14877 10601
11259 7870
9043 7460
8989 2370
10808 6243
11427 5419
14969 7224
6048 5816
5521 14978
5292 6842
14621 921
8394 6057
1950 2787
11830 13941
1669 14158
3963 13976
11358 670
10276 1023
1225 11922
4337 5261
12016 5531
12018 222
12605 8532
5632 13462
3709 10073
8560 14357
8510 10152
3400 3003
7546 12871
10353 3678
13177 13205
13976 2042
9503 12393
92 2286
14761 8963
12340 11938
5597 13989
13416 10329
6212 3708
13129 8522
13308 3215
14113 14577
12390 11580
12446 4004
1411 14590
1795 12573
8799 4696
886 6723
7516 202
800 9518
2309 12435
10423 11684
8932 3472
36 6991
6936 14524
12441 3082
12728 1086
9703 621
12970 2204
4133 6791
12750 4219
4790 4113
12740 6390
2036 1358
8825 1326
4802 9080
3749 503
14569 3447
3358 3087
10787 9907
14724 10976
8808 13509
9506 505
14072 6330
10894 9934
1023 9569
9753 1906
3112 9472
13242 11939
2153 7598
3578 1994
8770 1975
10586 14076
1783 3523
1158 13293
12321 8580
14992 11118
6 8918
589 8939
3916 4015
2709 2489
9213 8870
3149 834
452 9016
2725 283
10413 11223
9263 14939
11565 13463
11164 13976
4923 10343
881 14924
10342 5763
322 12927
6376 4985
4290 5380
11578 14294
7708 10207
12804 12569
12652 1572
565 13460
1416 8359
13727 12782
796 5067
2586 8197
13844 12606
13634 3553
14624 10231
3538 4354
6968 2252
8612 7948
10565 8368
1382 5997
3052 9617
5649 9611
12365 10431
5290 13152
10498 6882
12251 9682
12254 7964
3119 12756
4438 14362
1874 220
12717 1100
6246 1126
9505 2999
445 5175
11205 13953
50 5930
3702 117
13586 13228
9197 12671
7653 638
14330 8749
5077 7185
12657 3652
6596 11475
3060 3244
2379 9694
12410 7275
3714 2712
14507 4278
6694 6892
6484 581
14135 13078
9805 1114
2386 1743
12170 7633
14924 1904
4864 9269
181 13647
5169 9610
8354 7328
5695 6650
3678 8100
4157 13794
1654 6781
3070 14726
10203 2132
3157 8648
8488 9032
718 11462
11114 10512
14112 127
1376 4722
11097 3144
6736 3168
6518 4534
3433 2725
12076 5436
10315 6406
4331 9619
8978 9378
9830 2711
2820 12844
6590 1838
5200 2121
12763 12443
2339 681
6277 7840
10116 12421
9106 13287
710 8140
14258 11264
8970 4205
1965 204
8072 14385
12289 8460
14260 3850
7770 963
14132 9301
6123 6431
11654 10253
999 4969
8160 9157
13820 9560
12386 8593
7314 1124
14325 13306
5296 11529
13244 10640
6325 2739
10789 4579
9541 14131
5976 4197
6513 2917
4659 4290
5661 1003
14014 6607
5807 3445
7742 11500
718 2034
7212 14496
9837 2920
13026 14210
4974 14777
5177 300
6045 8981
10950 14627
4553 4392
1436 7884
3076 2060
13543 7946
5906 3015
4502 8614
4554 13875
4604 12151
3687 11773
14431 3866
9426 11410
12467 7848
6221 10330
5630 11378
2036 13638
3182 2294
2236 10128
8124 4775
7671 219
4971 3912
8271 6580
2008 1668
14722 10723
10553 10083
9452 9062
1740 2269
2228 9465
10438 7757
1959 10006
561 4220
8233 3821
13427 8907
12832 5235
14375 13376
7816 14055
2876 2799
4848 4833
8365 14859
9098 392
11478 8741
13761 5541
140 12679
11621 6926
5246 14605
10828 7657
8857 7690
11077 2904
12541 9137
4654 3190
2379 5912
14605 11539
10813 6189
14545 8485
4041 7672
11421 8100
5176 6
10992 7565
4237 1018
9073 10863
9971 10569
6734 8228
3230 1664
12249 9289
9209 11598
12871 12027
8337 9337
3769 10571
8324 663
10108 11650
3831 2922
3016 7250
4981 234
2229 6233
14861 6631
7260 3440
1956 12548
13413 14606
1084 8331
8213 14231
14076 1824
5075 404
6981 8310
10164 3822
12065 14520
4985 7200
354 1492
1412 9919
9031 1378
3509 14629
11372 6098
14456 2998
14331 706
2466 2948
10191 2753
402 11757
10204 3005
536 12631
4598 14606
2445 5369
7364 14116
1354 11569
8385 10544
1585 5419
11889 3075
14997 12263
9928 6319
14552 12230
303 4455
11050 12913
2441 7675
4240 13723
938 1898
3905 1520
14689 4209
12105 9673
8952 7502
262 11286
4253 10393
10712 8595
1746 10818
11471 5231
10617 9161
7442 3772
2073 9615
8042 9215
11295 13984
3339 13900
5682 11099
13137 14852
12673 3404
1323 11357
9832 4592
5107 5870
2516 3598
14791 8307
7875 431
7670 2659
6538 6411
3619 12412
5968 7088
4310 14131
9963 7853
7221 3930
566 1592
1159 10441
14024 9999
961 1437
13600 8026
13918 12477
5968 3168
10666 5240
11558 8866
7730 309
10220 12378
9069 13310
5415 13511
2178 10885
4604 9395
694 2342
11089 9504
8210 1577
7126 7610
2966 11406
12658 780
8450 2903
11179 1629
11027 5374
3727 1141
14174 2471
9718 3964
683 5707
4466 11519
13266 7872
9243 4760
6919 1652
7082 1290
8712 2242
14296 89
12366 6653
14348 6859
4473 10714
4802 8068
10958 5018
2844 8967
7020 4227
13055 1527
9346 5398
1743 3064
6595 12160
3001 14941
9641 13400
9325 9527
13655 3020
10655 2152
12846 9886
10375 4636
11812 11232
758 7012
7348 14261
5783 8780
10932 11399
10319 1610
2372 5090
6323 10180
1304 9455
10626 12284
7644 14042
11007 8960
12020 8940
12857 11059
7485 14351
10158 5166
12921 1666
8556 104
5337 12904
14320 12591
3982 7737
5258 3200
7954 13338
189 6557
9872 14970
109 9228
10221 8122
1319 12567
10004 1652
6869 6136
993 14800
2052 12370
4953 4989
10031 13344
7834 11595
575 2506
7194 2716
8516 9089
10110 9241
12613 2644
11878 14494
5514 7904
5206 8757
8170 1103
11234 10637
547 14451
7611 8659
7792 11725
2951 10974
10008 6323
11707 4432
10397 5653
8952 11671
27 10988
10903 3754
6204 2352
13335 14449
1162 948
11950 8075
1477 2979
14263 5304
14395 11665
4455 3733
4385 13406
13479 13726
397 6476
7118 7745
10048 14760
14165 6265
13965 1059
8360 2547
13172 12094
4406 12522
14635 12936
268 8455
778 13938
4568 853
1533 8623
4956 6614
14816 13081
13789 1008
10573 1918
6587 7275
2944 4120
11666 3624
4174 10499
12308 11081
13610 13093
9518 7446
606 1522
9125 8837
2160 5610
8875 10449
6327 13102
14715 1963
7924 8315
12548 10783
2959 12350
10137 3799
490 3269
78 7085
1530 9882
743 2437
14664 10658
14164 501
2672 7421
99 2854
6829 4659
13867 5032
8090 4653
4322 10802
7911 5616
8098 3531
10424 2994
3045 1561
2648 5245
6536 13103
604 11037
11325 3042
10060 8573
9379 11936
3579 4665
10001 7218
13283 10032
9755 1438
8863 1977
11513 14202
12300 14102
2831 8037
14540 8302
7868 6368
6607 8894
7286 9920
2411 11866
13701 9325
7380 13102
1256 6514
850 12282
5570 3221
560 3025
13655 12971
14208 1847
1869 9440
13862 294
9226 14468
1252 5615
1292 8095
5574 2647
9917 3087
12081 8925
14936 5718
5342 345
5426 10981
4840 7026
10148 3125
13512 6301
12052 13019
12241 4942
6310 3704
9875 2802
7917 3116
3879 135
11098 1512
11841 6216
2134 7641
12751 1835
13138 13099
4150 2873
9132 14861
4700 11653
11204 13131
13862 6694
6019 8691
2439 10921
6214 14168
6717 14875
12221 9682
5299 766
10226 10998
14306 561
5687 11623
4860 10960
2256 12851
14682 13083
13439 1061
5345 1283
8309 13232
5984 6411
2602 10117
8618 13556
14993 3102
7064 6887
6947 1680
10844 13504
6578 8639
9651 8088
5133 7136
3535 9565
13012 5431
3702 14354
725 12602
8830 14352
12854 7315
6774 715
5991 4575
7492 8458
13180 1262
7631 10206
1626 7109
12955 3371
341 10302
4500 12421
10919 13255
7164 3400
1437 12391
13278 8812
9359 5624
5233 7249
8034 8440
10221 4461
14498 1812
12442 12161
412 9933
13271 43
1130 10172
12986 14436
11869 125
14856 12066
12040 12463
1461 4763
2751 7481
10983 12374
5238 6730
10455 1420
12846 9708
1102 1087
4998 1398
6056 11996
2100 12528
9704 2294
4455 4194
1625 2930
1141 4535
703 12975
10151 7770
11149 12001
7977 4476
4656 8713
12973 4642
13634 8707
6187 1844
1356 11620
13490 9747
2082 3422
6360 14571
2757 10387
8750 6363
13011 2163
11666 911
4384 4112
5797 14784
11407 6326
1571 14480
7068 9539
14243 14137
5990 9289
4123 9217
7868 3241
13095 14305
6529 2332
7555 574
338 4867
13074 8336
3432 11914
8433 1921
8781 10603
13188 536
8259 9294
6489 590
1759 10157
6153 1696
10629 11869
12643 4200
8456 8888
6785 9343
14949 13342
14179 4377
341 13839
6276 10698
2618 3444
4604 5213
3236 2876
9054 12797
3983 14459
9196 3688
6586 12135
5552 5377
10490 4983
9881 545
728 6081
14672 12384
12403 4974
8537 9323
1100 5082
9941 12539
6164 4390
11892 12
4528 7848
5906 6502
1643 2476
3655 7972
5750 12151
11172 4849
14418 1457
4815 817
7387 11539
10498 11677
6008 4967
2109 5063
4511 83
12235 8391
14062 8650
14060 2761
5439 9550
5781 8477
5953 7059
11063 13959
7204 1481
10155 5235
1977 13653
8891 8606
6926 12211
4085 2323
4185 11559
9379 10993
11311 4181
13547 12654
3577 9035
4386 10158
6883 2074
11103 13380
4720 7715
10320 3935
7900 7677
14488 1719
1375 3375
7722 4304
607 8481
14323 14618
13839 1352
9096 13042
10121 7012
14092 5472
11778 11832
14044 5516
989 1869
3858 4463
6803 14097
12026 13025
12600 7985
416 10354
836 4061
7411 6325
7012 5885
6292 13299
8190 12759
1112 2637
9145 8151
2681 6547
12672 3528
5540 14268
12683 9601
2302 8728
7736 14187
13957 12766
8420 8775
13865 14338
2027 7069
12906 8952
12722 11184
8979 7256
10738 7238
12246 3478
3204 3721
819 1275
4068 12724
10590 4763
9849 9583
14743 10569
12945 888
3498 1996
11790 12777
1074 9870
2698 4682
11396 6286
14887 2684
7509 8417
9282 13711
6620 1484
6839 7024
14624 134
8109 4229
9624 10126
6621 14879
4223 5146
13604 1949
2351 13586
11911 3348
10982 9570
396 1907
4869 5499
983 5308
10413 9424
11727 6532
4597 13095
3785 12206
9084 5925
7781 4321
8702 14861
5200 1621
2173 8119
12951 6051
912 13156
1894 1754
2791 5712
10817 989
3035 9863
13025 4904
8276 4793
7916 12612
14724 8957
6172 12620
7958 7800
525 3292
2758 10256
7920 10660
4433 7028
8947 4498
11936 12633
1353 14886
13762 8303
1339 588
14647 10623
4232 4155
800 2294
6502 5389
3196 4427
7007 1110
8666 3633
4798 10019
7359 11254
14839 1086
14147 13800
1715 1960
1675 2246
14020 6910
7962 11325
12682 1224
6485 7925
13860 4382
3563 8995
5588 11872
11147 12834
5265 9914
457 3058
3926 3480
14452 6362
6813 12977
7493 6764
3449 12865
13345 1526
13101 2904
4588 5386
13120 9447
7599 2085
744 1743
1292 4076
6512 12333
14811 14140
9629 589
2538 8486
13087 1265
14514 8387
5555 942
13382 2037
3220 13987
934 5309
4781 5719
11805 1158
14332 6453
13036 10887
2839 12164
8667 11795
1714 10575
14814 11762
838 12061
11405 6113
11307 5301
11749 7289
2004 12402
4350 6748
1856 14092
5708 8081
1818 12679
5658 6277
12870 6406
2947 697
5880 8243
7219 13175
8566 10213
11330 8304
4240 9679
12834 12356
3881 3659
12282 8939
10740 6721
14915 7973
8415 11228
13879 1724
5707 1051
14242 7964
11199 1599
13673 11006
6074 8321
1757 7391
1178 4711
1818 206
8692 5831
10687 10162
10069 3319
730 4918
9877 7813
11642 10316
10870 5105
3547 6044
13543 4149
5932 2610
4998 2994
8362 12263
3797 14607
3894 3149
274 9160
10439 1804
10918 13596
13614 5278
3056 12676
7670 5685
8477 10388
818 9300
2930 12661
14374 14734
10510 14826
14780 6765
5322 12799
906 10560
6731 11708
5726 718
6498 4912
2236 12951
8311 12517
554 8967
239 5203
8302 8236
7849 4121
14464 6304
2565 10912
1563 13933
1490 1194
3183 8016
11536 3343
9620 328
7517 11645
12988 13565
2647 2401
14470 721
6130 14898
9395 10574
5695 9844
8768 9800
2028 12022
9068 6697
12498 12207
9192 3275
5893 4590
13603 8092
14500 3693
10088 10273
3503 3480
8615 11372
14033 3136
9654 14541
12509 5038
10478 10816
3730 6836
11591 1543
11537 14202
12498 12527
14644 1276
5804 5308
11591 140
2727 5728
14927 9443
4740 13868
9772 4481
10298 14227
5636 10754
12835 7809
7895 6331
9498 6040
3215 14958
9704 11887
13244 14242
232 4216
1589 1080
483 5213
1533 715
9959 1478
5832 10459
3073 6509
11944 4854
12036 14694
1343 10847
14734 9191
67 7996
9739 5079
5185 7173
2318 9709
1686 10536
6495 8002
11851 7561
14107 4566
6893 3849
12470 6222
3633 80
7953 10149
13025 2698
5959 9898
7732 6113
14867 14823
204 11969
3629 14125
4621 852
3791 827
5943 10372
3809 4100
7927 14512
2968 3998
7036 3062
29 655
9197 7304
9220 10701
5206 11645
5360 10031
6728 5025
6167 2915
13822 1988
7938 2437
2023 1366
2503 1673
3855 8923
13710 3976
9587 12124
10524 5010
6816 7775
3480 868
7831 9671
7270 11357
4581 11478
10758 4647
10716 5244
3323 7783
13084 416
9201 252
4956 1863
3582 4771
1146 8890
7758 13937
1840 1895
2317 4763
7011 13512
2519 5955
14602 13803
12182 11839
14747 13941
9429 1801
5323 8506
7455 14493
5219 13894
13564 1500
4509 6440
640 13562
7647 2740
5050 11919
8329 14464
14235 11022
12629 9028
11752 7411
6096 6316
14986 1969
12660 14597
1252 6690
11565 9596
7167 14963
11298 11689
13447 3131
7239 10388
2605 13584
14412 2953
14822 2137
5433 14409
9551 2107
6340 13605
2000 2317
1701 2808
12478 4159
9444 12154
3356 7026
7193 12124
9816 10357
2991 1482
14572 2339
10471 9138
858 11376
6430 4395
5863 11407
5130 2210
7707 8759
3999 8474
1022 13574
13914 6131
2158 7888
5543 11292
13026 9605
14405 13596
11749 11730
7603 747
612 13516
13533 11169
11981 5284
12143 1869
3327 13672
1144 8739
7977 10635
6541 6485
9964 4843
2292 3474
2567 5600
7985 345
8816 11455
11369 7932
3540 6866
1640 2303
14742 10964
9775 6645
3627 4601
4795 3775
646 12893
6363 8662
44 14150
7110 12467
9509 2722
2086 13782
7749 11075
9891 14826
2397 6316
3349 11093
12408 13105
8899 13014
7353 6455
3937 13197
13190 8535
5362 9079
7789 4570
11686 4878
2007 10474
6764 2290
8858 2249
4445 4403
9790 415
4006 14467
4163 11642
13010 3019
3632 1892
4124 13556
6609 9492
8796 13404
5582 11928
11306 9197
9704 14728
1293 3948
3753 8360
8081 14679
12670 1457
12450 8665
5043 10799
12883 5599
6074 4420
4429 4840
14451 10423
6320 2825
4105 7523
1983 12441
7090 8373
3076 4921
6466 724
6664 6903
8345 9707
6547 12510
9253 8255
850 7974
10680 6256
7493 7255
9119 7831
8887 10484
2721 8831
6624 2775
2764 4736
12665 9216
1532 1060
7707 533
913 12868
2667 8652
3815 12357
4562 9584
5556 7080
12994 13004
12066 2553
1731 2618
12157 10395
5618 5212
10774 10417
14069 502
2088 12156
1263 6042
3004 179
13388 7202
5321 9674
1070 2163
10020 3996
10787 1996
288 14370
6858 2367
328 3511
10988 2205
13852 8374
13893 8480
7893 8728
2331 9060
7790 2891
1140 1342
2167 13582
14229 14808
1462 2739
10937 6690
11077 6807
3941 6088
6899 10332
10546 5497
8624 11790
10791 12585
2221 2033
1307 9129
67 11297
14782 13012
4613 2207
8964 5923
7299 1338
12327 6051
10795 3743
3749 5077
13430 2808
2215 1491
12722 10773
2030 8173
6425 9139
9268 9000
5001 12846
9882 14639
8094 12733
11085 6698
8331 11704
10055 5477
5620 4736
2884 11808
6709 6932
432 3324
14397 439
6038 4256
14078 1771
5975 1294
10855 2616
1456 13221
9910 10888
10086 10470
6833 10720
8387 10612
11594 4884
1217 10072
7788 6733
8450 2175
10666 1364
10711 9818
14916 1761
1734 5312
7706 4376
7070 7064
12662 7334
5362 12637
3448 11657
13600 5874
8144 14848
3054 2733
6419 4079
13383 13088
3163 9332
10500 4041
1276 14078
733 14976
5014 7342
4688 12022
5851 8278
14951 10200
10033 8449
14893 6248
7518 11275
11871 880
9623 4035
11630 4849
7762 5358
6954 5511
10534 10191
1886 284
3666 854
7937 9866
6257 8405
5831 1723
3289 9655
6691 2512
4628 1023
5970 5457
11920 5516
9748 10502
6467 8829
12045 9865
7948 3901
14286 13081
14538 1619
5312 8578
8310 9704
6811 7432
4942 2459
4579 11787
4695 9048
9032 633
8955 5904
12527 5184
540 8571
2032 11324
13669 8295
11058 795
5492 245
8921 1169
11239 6450
8491 8527
7851 14390
9526 9870
5661 5064
145 394
7944 11068
7639 3199
13425 12570
11952 1298
11995 6270
592 3666
5350 14890
371 1387
10681 9978
5634 10973
973 4697
4158 6342
8151 12196
12054 4743
4649 2111
2484 6250
3166 7830
2747 3092
7188 10237
4732 11433
4986 6016
3356 11526
12694 7247
14499 10763
14128 3372
2324 11476
14197 11823
5053 1679
10472 11670
10865 12554
6963 2623
3775 1806
13283 1744
14748 8152
623 891
3020 9391
11567 5464
14038 6338
2824 6017
1221 2808
12009 5751
5390 9158
8171 6630
5629 9916
10452 3846
13724 4422
9395 7354
11511 6329
7691 2923
3890 4386
8686 8169
13633 2342
3554 14689
7872 9588
3956 10091
14220 8103
4797 8832
311 14506
6468 8844
8887 8206
3104 1778
14541 10796
128 13435
5470 13698
5526 13981
2088 7366
11828 14523
2917 10481
4107 727
133 9220
2479 3290
10919 2223
1641 13435
1435 12282
10792 2890
7931 12336
14168 10023
11840 11891
11809 65
8256 7032
1774 2266
7800 8150
13203 2099
5673 1345
4002 2472
8776 2517
13916 10872
3293 8879
8012 4410
13109 5212
12154 3965
5525 6862
4778 14709
13497 7915
2278 9220
14872 2652
8003 1960
8461 11837
8184 6451
12358 4188
4688 8214
1773 7178
7763 7486
11840 6679
11176 9102
13541 12507
889 3222
9823 11507
12768 3283
8999 11312
8824 10406
7551 3910
1964 11296
3103 4556
13366 9952
10836 1059
2243 8850
7537 6686
10097 3973
4352 14733
8119 7887
1235 1102
9285 5106
13699 1996
10441 12283
9377 7758
4012 12336
8215 7490
7047 5067
33 5900
4298 2814
1304 11895
8668 9787
4360 9039
14135 10568
9698 12544
10620 6954
5843 3630
2687 13695
1385 267
4286 3438
11047 2865
6918 7331
8341 6873
10522 2664
7575 1504
7217 3178
11842 8780
6254 2486
4394 14314
6500 2766
14777 5687
1693 7320
8189 8843
685 899
5401 2198
4172 1788
12508 9330
836 4316
13205 588
5883 4692
10922 13380
12885 1981
11507 10641
9777 13644
12876 4467
13608 6386
7862 1787
14032 5000
2544 6975
5883 13274
13620 2502
12325 10634
4816 4788
4023 13615
10964 2498
10994 711
14054 11847
12675 3846
2821 963
2844 11563
11563 4970
11295 333
2739 12077
5848 14428
9905 14364
5618 10853
11304 6811
4429 10120
5572 9969
7091 1764
760 1967
4707 13038
7078 3810
1275 6758
1259 13820
51 365
5121 12500
8656 7128
10581 4565
4218 321
13011 6685
6477 14408
2871 4940
6650 5526
13644 89
4964 2253
1615 5373
9273 4133
8706 1749
6056 8493
4021 7455
14159 1672
5546 6499
12316 5484
7255 10359
2942 186
4362 1281
8934 7958
1496 11670
12067 2071
7977 10038
1578 4751
8848 3890
14398 13698
724 5991
487 1178
13384 4720
9323 8813
1846 6390
12791 12934
445 12095
14555 1823
11877 6503
8244 9648
8841 5976
8591 7481
1465 10912
9881 5079
9385 14261
2085 4472
9450 8947
8653 8486
1256 9507
9898 1480
6737 1360
1545 6267
565 736
3988 485
11610 7558
8647 11933
8170 10785
6201 9911
10672 1025
7222 6743
11989 3663
3217 13736
422 11247
2107 9709
4690 5547
6342 4789
583 1911
2380 8532
5407 3968
5492 9842
8518 2428
11034 11078
10907 10165
11296 7580
9506 1013
13363 3735
568 6911
1709 11665
1044 2462
12353 11919
680 14309
10210 3589
6445 5372
2425 8463
8268 14442
13497 10998
1077 12673
417 7002
4256 6414
9216 8049
8637 5785
9119 277
13905 11047
4732 7499
4849 9354
12954 7259
4051 7237
11845 6945
12794 11783
2666 4428
9355 6798
10767 12831
12496 7470
2476 8117
6111 10817
1583 715
1473 8695
2921 12452
6866 5477
11950 3306
968 10403
9005 4414
11009 2967
9606 4814
8013 7350
5719 13104
5624 3408
6033 737
14273 12342
227 4639
9738 10109
6773 8916
8352 9219
4381 2234
11214 11610
1642 10905
112 5190
3863 2550
6823 14422
6587 14765
621 11243
713 6568
217 4254
14920 4156
9281 10864
14340 7074
9552 4142
260 10689
10729 1021
10020 3017
11572 10560
2748 11473
8236 13835
3999 1817
13925 9835
2522 6785
6748 10769
243 3661
14917 7608
2418 9687
6570 11488
889 6805
14415 10223
13305 12236
498 11221
9872 2518
12132 3990
3403 2764
13338 13104
5308 5836
344 4776
14828 10995
7128 10984
3811 2981
7426 7457
5432 14347
11925 9278
2051 7456
12004 11947
13740 926
11316 7414
235 4165
7263 9849
8674 11054
1996 4494
4950 11847
1964 4306
8554 6176
12391 3419
9170 4866
1588 5
5317 14840
5886 13223
7381 12116
3522 1126
9872 7500
4382 8137
4561 10828
10019 13639
4065 1657
2149 4321
8014 6118
8028 8071
7730 1217
3053 11068
6131 8022
9948 6703
502 11073
5526 11960
13162 3927
2735 13151
5073 9629
13358 7810
9896 7945
7333 2046
832 2443
14346 10137
4923 3751
3501 10275
5823 13490
11344 2434
1647 11129
3438 639
11696 8391
12569 14752
4243 11422
6032 7970
8499 7009
11625 14517
1947 1785
1077 7984
10846 14987
14532 3197
5266 1657
7559 6811
8000 9283
2279 3173
3911 13276
13903 14968
5126 1205
3272 12516
14531 12719
6254 6512
2962 4311
10958 3853
4127 448
8742 10682
301 10731
10409 10316
6053 1314
13148 10387
14966 14270
1456 12810
2265 8759
5001 13911
5553 11576
1672 7166
3831 11607
5175 12022
10554 11774
11811 13363
9224 3003
14031 12855
8291 7413
6577 5303
11875 8300
14112 5182
1126 9570
3070 11213
7820 2697
8721 9455
9105 2958
2449 12571
8241 8255
3439 6792
14145 1365
9886 6646
4752 10680
8285 10117
8319 4053
11351 5539
2347 11863
12909 5449
1361 9368
52 4653
14797 9323
11499 13636
13962 4320
8226 1168
12067 5567
4047 4416
1181 4742
12627 10964
2606 7157
1473 6303
1209 11121
7367 5135
11061 12199
14757 12670
315 7857
14613 10275
1710 9750
2550 3984
10571 8533
260 14769
10937 8714
9014 6533
10032 12464
7814 13986
1438 8963
1722 14842
11173 10475
6738 6598
3746 6241
5363 7261
1001 8788
11673 710
8606 14911
4382 5787
7987 3367
4650 13303
7353 9140
14507 11809
4527 3074
6322 9167
12741 1090
12997 14703
5915 11322
14607 3458
13793 14851
3466 12053
5221 6367
2267 6849
14056 3559
10153 4943
12350 3048
11475 7226
4434 13987
2011 10821
7971 2820
9375 4266
10018 851
1607 14531
12233 5140
9547 2752
7102 13305
3680 12152
11018 10835
2151 13066
3016 9338
31 11670
12067 1561
373 2628
12122 14523
572 12934
7093 13165
7289 10530
13634 138
5125 6835
10468 6618
4651 6302
1161 13597
3582 6566
12176 12203
5287 902
1331 9006
7298 5851
3112 10892
3922 5043
713 9243
1428 1599
9615 10736
2950 13394
8000 7300
9046 525
1466 12149
6753 9967
7260 6763
10003 14184
9278 3367
10608 10944
4416 1775
11946 7380
3861 3663
561 8990
14434 10238
14992 1265
673 663
13852 13976
13354 8139
12692 4529
13560 12866
2025 14529
14753 14046
9104 12918
1573 1533
3652 7483
11582 10338
13468 13748
14804 7443
1838 6571
10368 10582
131 14992
2370 2619
1158 7942
744 4250
13553 4287
13147 5900
12840 10610
2463 6526
743 3972
12171 8830
10922 5866
8756 10791
3893 11400
13610 5360
1505 8340
1745 8948
6859 8868
9902 950
960 4776
4420 842
8342 11273
1146 1610
8520 39
1841 4888
7381 3447
5278 13725
14421 1233
13413 5861
2487 1033
8124 9172
3744 10593
6233 13804
2499 7016
11498 13998
1834 14287
5598 14753
2299 4777
5625 7688
3033 5959
6176 13729
2513 4703
6168 12821
10509 11387
10230 2450
2961 9901
1218 2261
1760 1722
11890 13586
5825 2960
11034 3812
13802 4595
10503 4940
4235 4604
10631 11976
4138 13699
3571 5778
6511 272
1712 8511
14697 7758
9664 5556
12234 3579
5083 4697
10619 8943
132 3587
12850 3173
12535 12644
2378 1759
6065 3393
10166 9083
6274 7002
8154 8944
8618 1429
10565 10246
12056 13533
6225 624
423 6785
3543 3914
1264 3779
9985 3513
7925 1268
13704 4928
7265 9983
13997 10842
3083 2675
7018 9097
12129 8138
6882 2697
10594 6795
7627 1680
3384 12641
12872 9427
7790 4027
5955 195
9478 5410
14268 14386
5247 6111
2879 2208
8887 1220
12053 14620
7284 7146
12983 923
7360 13847
8187 12900
14518 14518
1246 12082
11990 8863
13732 856
8942 13645
4972 12452
3444 2351
9568 9730
7591 3587
8767 4440
12669 14945
5315 14045
1210 6507
5116 2446
5758 11140
7348 4458
13669 11301
985 10396
6916 1836
13420 11293
9473 11869
9058 2668
4341 671
4088 10432
11416 6284
3514 4372
7561 686
3786 8623
5969 10093
2511 13500
14703 4438
865 7517
10706 11778
874 2661
223 10998
1560 11839
8716 13105
13477 2251
9116 741
11330 5174
8561 1070
9008 11253
3548 2547
11294 4184
10660 6827
1115 8949
6605 12647
2551 8123
8401 2614
2813 13774
8002 10472
6363 6923
7064 1962
13388 107
4476 11499
8053 794
7851 5330
5630 6751
13128 11701
3535 14617
12026 9958
14167 11886
7472 12786
11450 2764
2201 11900
6164 2681
3886 12313
800 11443
8435 6863
13708 1070
5110 1648
10859 10261
8934 10010
2549 3995
12722 14443
2213 14202
3317 12762
9651 13066
4197 2720
14138 12456
6601 13510
12791 5014
2621 7759
3048 11321
1072 11716
7197 5225
13554 2418
8077 2781
11055 10608
5622 8077
12430 9947
5779 12319
6299 8827
2905 6488
2237 9217
8962 7707
10779 4194
11303 367
13354 5458
1046 14389
2496 714
5024 10908
1728 7651
7561 1829
4851 11991
5705 13878
12097 3880
8274 3488
11830 5013
14671 9829
10962 9720
7999 1847
7727 1417
11674 14606
2786 2588
7513 6117
9209 13435
12360 14985
2262 13013
3100 8966
11346 1073
6361 7556
1055 7901
8753 8540
7723 2669
4611 13220
8126 217
1273 4677
6789 11275
11884 13270
4856 12634
7284 4912
10256 8324
13842 5586
3 8474
3254 12716
9731 9578
12651 4942
1041 3714
8685 13691
14724 8844
13490 10466
8198 12368
6667 8644
4988 6240
3912 10270
7024 614
4822 2530
11806 8470
4453 9796
6417 5883
1280 3585
2964 1176
3671 5389
11776 4673
6443 13139
14865 14688
7652 5796
11328 10074
14122 8323
88 13428
5839 8370
8140 2945
8949 983
10172 665
4477 6978
3344 7742
2386 1522
2800 13809
1373 8556
7359 9408
14590 8718
500 1253
2512 7715
5742 5832
3789 6524
10890 8422
1360 5249
5883 8247
14268 11084
2877 1436
10444 6124
9527 4316
6522 7329
8298 8704
12943 11215
9856 13981
9511 4702
10771 9525
13557 12973
8945 2282
2906 9991
9898 12268
9127 1670
6325 9050
5960 9608
244 2565
5292 13784
1663 3412
9301 6153
5971 7649
12076 9014
12279 750
3813 2578
6511 6225
9558 14033
4764 1686
14728 3418
1858 3454
11528 53
5833 2863
12188 8012
13961 2367
5660 14667
975 3257
6473 8929
868 3703
10333 9605
9170 13959
12415 655
13807 2275
10095 2999
6681 5411
3874 3259
8765 3318
13080 6556
3928 8659
2498 11679
7786 2296
1074 13645
1703 5811
8788 2724
12086 11953
5162 14657
3618 14537
7328 3257
8012 11594
3633 7717
12278 9607
9952 12208
13947 6339
6111 11655
5783 3821
4252 14669
925 11594
1527 695
5730 9113
2016 224
258 1999
4793 13764
12116 5595
2632 9462
3257 10211
11852 2858
7364 8674
12508 11656
3379 13298
9090 2020
4812 11880
1459 1953
9134 12322
10055 6093
10157 3128
7609 11945
11100 5524
5021 9662
14844 10913
10935 1560
309 14751
1829 14714
11273 14960
4466 12194
11017 12237
13357 38
8864 14973
10660 2669
14178 257
3296 865
4234 9644
4144 14868
3346 7098
8894 3450
4904 6069
8842 1931
5991 23
8959 14732
4651 5403
8766 14884
3734 4435
12909 1098
8963 12195
12518 2696
5628 2222
5217 9022
1871 11722
11009 278
12239 2780
2666 11541
5583 8715
12194 3359
2048 8080
4491 10845
10851 14640
13544 10973
14437 3544
2286 10972
7048 1255
6784 8822
1603 6216
7738 2055
3692 4170
10569 7340
11225 9383
5209 1451
5700 7949
7940 14418
2958 5709
7566 11909
3141 4712
13468 9965
14756 585
6361 7008
9979 14872
6888 11627
11807 10079
1425 3109
9167 9974
8620 4326
6455 7167
11271 12103
13700 14742
3046 10165
7001 12336
5812 2813
11504 12445
7288 4030
209 12585
14961 10263
3296 14932
8286 243
10051 10700
4826 7584
452 11535
7535 10272
11029 13136
11184 12202
1458 11759
1055 676
8854 14718
11665 4693
12188 8736
6251 10514
12186 12981
9446 4355
1917 12115
4330 2312
2273 8838
13444 12206
12131 4825
2887 5034
11421 7158
12307 13021
9799 3986
6127 340
8000 9105
8177 5312
13891 11649
14109 12739
6369 6609
3707 13661
14204 14561
440 4733
2303 10504
12745 7486
311 11651
3465 8046
14716 9156
12473 6297
3717 13155
11577 8813
2069 13761
1548 11106
2335 789
9100 2601
4802 6727
8362 4189
9543 10713
7912 1598
8632 2521
13708 13401
10630 13931
1546 4557
12870 6378
8928 1020
3048 5561
338 2703
2501 3897
8394 10409
13153 3598
4233 7688
7149 641
4316 11666
382 5199
7701 5534
6743 9773
2643 11421
4474 2616
9618 14743
11365 888
9335 7255
6367 3198
1262 3834
5305 14460
6995 3922
9112 464
14193 13913
12920 1496
3087 11716
12284 8762
8263 5400
12396 9975
13360 2177
9476 5303
7505 14043
13628 4937
4300 12555
4712 7686
1654 10571
8331 13656
14068 9942
7595 2021
14406 6822
9349 12247
4881 7708
9672 4157
2980 13291
3106 14215
14216 11479
9267 4930
1815 7701
3683 5597
14035 2894
5010 11177
8860 709
829 4685
2898 9992
14985 8513
1395 70
8893 7261
6686 1727
5181 9147
1172 8397
7794 14594
10629 13690
16 2883
8513 2557
10882 5667
1691 12901
5976 3778
5973 14013
8845 2396
11774 11849
10446 3890
3029 6
10614 1688
10616 14539
3994 527
5168 10197
1553 8077
3508 14101
3178 14164
1774 487
9399 5172
3010 316
1066 12161
3250 10941
8023 4017
12887 11587
7457 3515
8143 8650
186 5490
7927 1873
4999 3668
11906 2681
11446 7010
11944 11357
3798 8907
12294 7221
10348 33
2234 6209
4268 1778
9509 2775
14715 1922
14873 3420
8151 14549
6899 11241
7554 12711
10785 4414
2186 9228
10541 1406
4874 470
4102 2742
599 10967
4106 12477
14210 9642
5670 9745
1804 7012
2861 11457
2843 8535
218 14977
10591 63
7610 5211
13531 3475
3379 10882
1568 10350
6856 10220
5228 1899
3088 9756
14538 9357
4069 11820
13604 10075
12730 3508
8741 13194
10933 7464
575 12522
12043 3957
8133 13964
4341 7644
12698 6001
3876 7152
14230 12522
13715 10847
6073 11763
3819 11708
8464 2508
3402 14771
3579 3592
393 12931
837 13543
13070 14406
3747 7113
5823 4050
4607 7498
14537 7575
7836 4821
551 3234
5989 13412
13965 14811
11375 14426
1909 57
9285 3334
9196 6738
2669 5174
4232 1737
766 12571
5598 7935
3007 3116
9751 11445
14750 1779
14826 868
11961 10787
14180 7525
12328 302
3529 4889
5738 11150
10343 14954
2330 4420
9778 11735
8485 495
14128 6128
5870 6744
1572 1576
2393 1043
10216 13422
7371 14882
3161 8953
10564 2959
8413 9101
1970 14362
12029 14086
48 12613
6377 3145
1981 7397
7103 9336
11651 477
5329 252
1571 9042
11340 12658
7078 10637
11022 5520
4068 4344
2360 6552
4779 8095
7491 5493
10279 13913
11837 12000
12107 13804
1419 113
5069 7498
13676 11314
5029 13673
5893 4339
6701 5757
12812 1269
14163 7851
14629 3362
8153 13133
14629 3558
4180 1799
5714 4420
14886 1620
8228 4281
4602 7397
831 690
2432 8213
14940 2514
10814 8160
13313 3698
13040 5363
14307 5113
14174 1148
8525 14455
7616 8857
6018 10815
6269 4479
859 7942
5128 12997
945 2761
13951 14916
11507 8358
194 10613
560 10905
12458 3796
3977 12738
10836 698
2985 14914
13289 2616
5267 7106
5500 9191
5963 9676
4156 10580
742 7013
5123 3409
642 6340
4992 14164
7346 2455
11766 7491
11655 14920
14636 5750
814 10686
7219 11306
9986 6276
1705 722
5631 8684
5768 14902
85 10690
13146 90
1655 5709
13797 541
7743 1559
2801 14739
10082 6387
13749 1397
7352 10310
57 8907
5526 7948
1752 5293
9119 833
14447 842
4821 143
9262 6772
10252 7234
8593 1918
10545 9175
14556 10591
6558 13193
10760 5140
2170 10343
7495 5486
9612 5054
5758 14762
4075 8014
9200 4829
129 13500
8451 250
618 12479
10359 14941
1154 8233
10463 422
14646 5831
7600 4958
12142 1319
714 8676
10926 14897
12109 1737
5645 9457
13607 5776
1705 3792
10864 13535
3048 14073
10717 6017
5221 2845
4885 1926
5630 10458
13986 543
8092 12005
13879 8436
12558 3878
8064 13804
7020 14530
2142 7021
1807 13407
7090 13195
6557 13959
11203 10322
12459 10644
13982 11326
650 12298
3571 11324
13120 844
7577 6324
12544 12920
6552 14874
12096 333
9579 13243
8072 13779
3149 4560
3079 49
5398 10998
1653 3358
2290 1382
6172 3476
13468 3061
14645 9595
1891 5559
13338 4801
10648 5007
3931 1680
11163 10992
8232 6480
7441 13993
13160 11642
6241 781
598 2056
8023 13435
11950 3237
4344 8352
9612 9872
5354 4454
12600 14196
9720 2194
8709 8168
1759 12322
4087 5960
5032 10444
3523 10600
3275 13499
11498 1642
3737 7038
11885 4619
7216 10872
1078 4480
5038 11151
13489 6806
773 6519
14308 1137
11715 11662
6381 7595
2924 3674
12930 6632
84 4662
11014 3133
6942 14670
5910 3460
7678 3861
4220 809
31 5717
14798 8093
12850 5882
6919 4487
2090 1149
9158 7756
10409 5724
12295 1025
6738 967
6413 8626
7104 8767
3550 11657
10208 8990
5902 1875
1773 3560
1679 8723
5621 10924
4572 4312
6568 973
14244 10898
8399 11026
9646 10608
9976 6584
11017 9031
4711 718
7446 514
12091 12442
6814 5662
6398 14938
14816 12927
11613 6783
2277 6005
10056 7190
9777 1266
1400 13804
10069 7931
14604 12511
11620 8731
9310 2244
7732 13603
11385 11869
12929 14604
10854 10325
10685 8823
13178 10825
14875 7575
7731 2205
6435 6715
7311 1379
2007 2337
2512 5230
12363 3394
7923 6578
2268 9460
7056 14518
1130 10260
12884 11851
12795 13725
5478 12075
3827 7010
5729 13243
7092 8046
10881 2258
3249 9062
4088 1343
2701 13273
3577 4124
4310 1877
2813 9918
12613 12936
13636 477
13840 8105
7008 1945
14585 12717
9413 8653
8747 9850
1608 11145
1358 4656
4284 1306
437 9564
3772 11539
8566 14690
540 13376
410 781
12783 9049
3053 9201
7139 7553
465 13561
1602 9806
2993 520
2973 10750
4641 9964
12578 894
12880 1426
7692 11313
9984 6820
2131 6030
3912 3731
5064 5443
4695 12020
3275 6657
3779 2625
4311 14905
3874 7937
8979 10937
14577 3356
8173 3172
1059 9389
4028 1097
8286 2227
6036 9618
3793 180
9747 11941
11337 5866
10043 2319
12047 1010
13897 3388
6591 14433
11412 888
10423 4792
14668 3092
13217 2699
2321 8429
7154 7403
4749 5031
14096 7708
14129 8860
6263 7305
11275 5288
14048 3054
7288 3174
8042 10966
3326 9581
10378 8431
4715 5810
800 14760
1281 6118
5739 8025
4397 10521
7645 9329
7748 328
14411 1115
10614 1990
13837 4162
3277 14148
9534 3820
14084 5508
1748 14830
11046 9372
8409 4422
328 1714
12219 12930
8297 2924
3676 519
5195 5290
7774 11064
13172 9534
8238 4182
12296 14296
8123 4530
1150 6834
11603 13454
5338 1492
10993 3119
8333 1639
295 2721
12522 45
12366 1096
7579 7712
5529 4922
8393 1379
8185 14299
251 6407
8557 12490
2255 7837
1809 6425
1368 9318
6088 6380
6801 13745
7968 10066
7255 13159
4806 5258
11566 7216
990 3916
10420 2352
62 11483
2281 9672
10111 868
14470 5019
10779 2851
8450 7557
14346 5998
13009 12300
7357 1753
8702 10215
8929 678
12755 4653
1853 7704
865 5863
1102 4040
13803 7349
11420 681
6519 11897
4889 13563
6126 7655
4382 3705
9404 11900
3581 6981
365 770
1501 11557
6489 1275
8803 14257
11466 10622
14806 2072
14455 9399
12732 11984
14057 7409
12989 6388
1121 6272
8155 14710
1709 5917
3828 10325
7562 8226
12784 5317
4382 9214
8015 4223
2057 2350
2274 4359
12985 6749
7215 13120
7024 5758
12009 2218
4644 13016
14572 12845
2167 13124
6601 8975
6105 569
7996 9569
3828 14321
11120 3078
14202 746
591 1753
3863 2927
6354 6441
14981 3673
3276 6986
11427 11013
9264 2677
3488 13425
8704 920
13276 10840
4698 14416
10736 12327
14703 1842
12522 4910
694 7279
13098 2281
5270 11448
5183 6627
2433 4449
10800 2684
8021 2533
1124 12652
4063 7013
8605 8870
6600 10456
10964 1260
14669 9791
5764 1131
4048 9019
14002 4139
4498 12542
4811 3527
1017 14270
3333 10959
10377 3475
7499 13520
5201 14922
1584 9724
3238 12957
285 1328
11440 9170
14195 6237
12755 1500
1196 9849
514 6133
14961 4225
11726 4614
7903 7332
2144 7720
6282 6466
537 5890
7150 12201
6889 12456
11297 10763
4090 3055
2845 13077
4373 12722
8128 7797
343 3798
7687 11293
4099 10077
5374 2879
12745 13299
8833 9736
6446 8470
4592 62
2413 2219
10188 4877
14987 13841
6239 10021
10333 11963
8117 12189
1853 1
2695 10466
13860 6966
4900 8448
5429 2765
4350 13446
10504 12983
10555 9843
6090 4199
3980 13835
7655 2342
6832 12514
5991 14873
7385 14980
13959 1378
5793 4269
13905 4519
42 7258
8388 8327
1789 5784
13287 9458
14125 12792
6423 7360
403 8358
13804 14297
14046 13864
11075 6851
6028 2001
14763 1698
13346 698
9666 7238
340 9005
7567 4824
8726 12137
7353 6205
11866 6015
13072 13385
5805 2687
2371 14657
14686 10119
8723 7468
8008 7276
5538 12409
1393 674
10834 13416
11913 664
9697 11661
894 209
3513 4613
7714 10128
6037 721
2636 5770
5883 2781
6105 9426
4823 4312
10726 4581
13717 12849
8908 14386
1222 7887
13280 9777
12114 4555
11482 13050
14619 5083
14154 10994
10670 13150
11484 2438
3148 7114
14090 14395
14252 13199
374 9143
10699 14740
3031 7867
5507 8084
6597 13571
3592 13573
13382 7426
9439 3999
11074 14685
4157 7564
12901 4440
14567 1951
7951 10440
4344 3558
12275 5235
13416 8384
3744 2087
5808 7814
822 14541
686 3582
10154 2468
14132 12907
5248 12253
13493 10186
13906 11010
1838 12899
7391 10397
13111 13069
11191 6772
2080 1656
5282 9269
5036 13580
13805 13299
14295 7204
13457 6774
13216 13089
11619 209
10187 10901
8945 420
14834 3247
13057 14012
344 13154
3436 2377
8326 108
4517 12649
8010 6778
3831 13960
6491 5094
4945 11161
2624 6377
7833 14191
5678 12088
5416 326
14245 4311
6217 10417
14976 5859
5485 13404
2371 2510
3630 4558
2456 3325
1084 7447
387 6522
13506 8641
9439 4234
7430 10403
12286 2646
1874 7908
12097 1098
10832 1645
2693 2492
8958 4297
12118 12326
2290 3768
2681 829
8716 567
6247 7897
8480 14606
8667 6233
10523 1564
8861 579
12406 794
6695 2217
11272 5979
14353 8113
2349 5375
2474 3151
4760 6886
6435 9375
9329 2039
9014 14792
1282 4521
1385 14905
13919 494
9732 8781
3251 11601
10356 10382
11620 13646
12626 5633
3093 6402
3070 2882
7573 4055
9871 1022
632 13169
3642 13095
13590 7358
9325 14300
13811 388
11833 677
5692 8777
6866 5838
8228 12290
5021 4585
2079 3135
14043 3488
4394 3473
597 565
5392 868
7390 7141
7684 12793
10541 10204
11736 10390
13571 7095
367 6827
1135 2295
6970 14029
4405 7050
4673 8243
13970 10097
4703 10311
7254 12813
6494 91
14438 3630
3623 11073
8405 3671
12194 10383
1634 11525
9383 3288
328 10123
3585 4307
7596 10356
7394 9581
6131 3467
10928 773
7286 3915
3016 11940
13976 6639
13716 1551
11881 630
9462 14362
1555 10763
9501 2659
12737 10637
2921 8140
7872 5264
10748 6798
14930 11299
8709 7987
3415 8967
14551 11674
11349 8255
3269 6531
2985 14649
13429 3869
2044 11961
12135 5937
14111 4247
3238 7723
1 9592
11361 8936
753 12724
8290 1052
5883 1328
1788 2349
324 5500
5308 3307
4399 5783
5924 7602
9594 4096
12805 12946
6391 13984
13904 11261
9274 12152
8927 506
1036 13637
1905 11360
11225 14734
14657 8953
14471 12033
12356 4467
2253 14480
12940 2715
10314 9576
1175 1563
7962 12474
588 5768
317 7600
12575 13146
12074 10876
10901 5608
12917 7648
808 7278
2760 7864
8765 10624
4433 3746
13270 13594
7601 4883
1860 10560
5110 14303
3413 6099
527 1139
5970 2374
11158 13992
13577 3118
12664 2084
6400 13272
6268 6761
5054 3059
9314 7493
3805 3041
11124 6808
8264 8991
8872 13416
1861 5148
3350 7808
12581 9782
11951 1260
6467 7026
14296 4428
2488 498
14720 11496
1984 12527
6060 14029
1846 698
8932 1407
11309 12071
14817 8030
2731 2797
6559 468
13274 4751
2861 8081
7081 6338
7446 7519
450 1565
13076 8807
1836 10459
12510 8664
14802 9443
13918 11640
7135 10402
8693 12982
11336 10668
7148 4850
431 13353
4291 11250
14716 12961
11629 4540
5928 13592
9314 13931
12784 5837
7167 2243
6310 6892
896 11143
10185 14023
10754 7191
12427 5464
3963 4089
11606 12049
3848 1362
5251 4975
1359 8004
10460 4645
1635 1868
12687 6230
7463 8514
2149 8151
8970 14036
13977 12577
8171 4830
12773 5435
11394 1882
7593 5093
14043 14937
1280 10695
6808 4669
6785 7948
11407 13986
11058 13107
347 6769
2650 5348
13092 10429
4660 4799
12966 4034
9003 10224
3483 4107
12607 13345
4963 6638
14702 7339
13587 14658
2546 2030
765 5008
422 8131
5718 7522
10045 8491
7615 3260
4238 14584
9557 5083
7683 13278
11154 13900
9760 8615
4602 4288
4241 6343
7586 5500
10385 12541
4702 7439
927 7407
1315 6320
13331 11916
4492 14287
1912 927
7984 5825
5363 4371
13558 13507
5381 6561
785 10456
7921 1476
12763 5621
9635 5717
12970 10136
6373 3791
9336 1692
3900 4021
902 5311
8880 4789
9664 10272
8413 3125
5767 7190
11465 13265
2871 1225
11497 1497
7080 9636
7288 1615
1213 3910
6234 6295
14456 4553
6498 7918
14744 9711
6385 5268
323 2962
8379 6106
14716 5220
1961 10728
14693 5102
6478 408
11938 5876
14094 12676
6466 8358
12356 7147
13588 4719
2082 9651
7421 4784
4306 14805
6657 12029
7681 3915
6553 1433
11656 11029
1438 2914
10624 7490
13212 6609
6497 1185
13616 4494
383 7590
13595 3884
7473 14896
3793 9661
561 9635
5170 4222
5985 12172
7225 8802
8732 8794
7909 10986
6807 9541
13716 12405
10464 13122
9492 2486
7115 11328
14171 5216
3222 10838
1551 6009
9869 14947
3088 1331
14724 11496
5517 2001
12452 6697
460 11234
11188 6626
2488 8765
11950 421
45 1353
4003 9352
4298 9755
12025 963
1032 2862
13118 3757
11537 12805
10605 11074
5927 7006
12660 14199
1191 14896
7958 14800
7204 7791
2490 8752
2824 1122
10418 5959
6457 10335
8159 2470
11899 748
6351 8941
588 10193
13068 11523
8982 12919
14857 12335
11885 8913
1219 899
10985 9020
10085 11007
13100 7326
9873 9064
1169 1295
9533 5875
8866 10029
3983 10388
3410 2741
6067 10786
9387 13739
14629 4922
7118 5313
10020 9151
10003 2775
8245 5158
10990 397
5413 13936
3107 4113
11750 4731
13626 10223
11232 6006
3690 8836
161 5711
11768 7237
7079 4713
253 8414
7527 1763
9019 7463
7488 9016
2084 4591
2202 11851
12727 8677
9770 11381
12059 10646
13630 8602
4326 2902
9625 4114
10250 14958
7130 634
11912 14390
10584 1008
10740 10549
12678 12236
10880 77
188 1458
9160 8850
2156 3645
9030 3683
7804 13933
8208 798
5156 12273
4546 6231
9422 13567
8955 7397
6239 1487
7245 5510
2123 665
10045 2150
14578 9193
3118 4447
630 10859
13288 3888
7900 12898
14892 6683
13225 13838
8746 6492
14827 719
1045 12691
13361 13126
531 1753
9367 7700
10552 14829
7947 8147
10759 8469
3658 8148
2739 7060
2416 646
2046 5090
8232 479
10199 9542
54 2852
13523 13110
1700 5695
6963 5275
1401 10289
6390 12420
7824 4225
6426 12580
12935 10003
5183 7979
10014 11536
10101 3089
964 12739
4189 8621
1139 14536
3513 6725
5605 4837
13466 3117
6247 1488
4526 626
13238 8463
5044 13411
3036 11188
207 12368
2511 13639
8840 9932
5136 8704
12023 12752
5018 6916
10583 12986
845 8040
3110 6326
13063 1642
6940 12527
2470 7078
13216 8436
6809 11304
12265 9416
3893 7128
12409 5059
2164 14460
7730 7461
9348 14901
6422 8523
8477 3729
14796 474
12336 6890
11876 7218
1150 2950
13497 2859
10729 214
1230 8302
13937 11885
12020 7736
13571 11159
5897 7818
14417 11175
9743 13088
1953 7710
14928 9944
368 7854
11887 5245
11777 3182
11897 8529
8205 2133
42 1600
12661 14429
592 13758
11075 3208
8508 12983
1737 7228
4563 14140
5842 5670
3581 1456
12731 10721
6908 1738
14244 2104
1862 13727
14616 3786
14659 11297
3548 3789
9806 11940
8174 12267
11146 9320
7925 14854
564 10317
7123 9210
8418 14999
4062 12457
6686 6776
12160 11277
13138 13669
12485 12797
7245 7205
11261 6206
8236 10817
14565 1655
12925 12171
12089 10079
13828 13185
10142 5962
10191 12065
14228 12234
11497 8220
13566 6099
1276 10395
4240 1331
10626 13591
8195 12090
8221 14221
4531 3126
3902 12362
5480 3445
10574 6953
8902 1414
7792 4762
14880 14351
1513 8150
8882 7789
487 14621
6308 4150
10634 14353
2784 11069
8329 8719
4029 6134
6868 5301
5973 8240
11587 5519
14558 9070
11987 14894
4292 5238
1934 10137
13547 9723
14258 3189
6325 5871
8052 9952
2216 11006
6468 5691
12212 2113
4685 6417
5095 4528
3521 5274
7517 3641
7756 1088
5789 2102
1865 906
7881 5614
12928 13294
12278 383
12871 5504
9567 8806
9371 6146
13449 5173
1480 12299
9725 413
6191 12943
6045 1579
1369 10321
3603 6824
2835 14049
14616 270
114 12211
11672 549
10660 599
8738 7210
11372 12525
971 22
14720 11502
4293 902
8291 83
6440 1078
10722 7650
8270 424
3912 4460
2860 2161
4531 1322
527 2392
1362 12770
6681 10291
11899 6403
7518 11724
12598 8276
13543 3144
11627 4572
12792 13135
606 7449
1581 14469
9361 11380
3756 11537
3143 4947
12590 601
14323 768
1173 12847
6705 4959
7159 4566
3246 1424
3731 7079
363 14959
1299 5981
7996 2181
13219 7303
10865 12686
5277 3190
11941 949
6717 11103
2836 7849
13355 9501
12225 857
14813 1712
11008 3863
7253 2683
1954 12932
8233 7713
13366 3699
9856 5122
10040 14579
12190 14540
13767 3462
5637 13633
6558 12422
12065 9224
12857 8118
6371 13550
3783 1285
13316 5892
6540 6953
2519 134
11671 5107
12755 776
9927 3461
8972 10838
7131 10067
4810 741
6196 12663
10542 13918
1522 10227
4319 5978
14822 10696
1293 8060
7559 1184
6225 6468
3942 10057
14414 8462
13976 1859
4073 12854
5520 672
9012 13227
9960 929
2381 9566
7162 754
4496 14194
10679 6207
5872 14097
9212 2483
13779 6114
3073 6740
9900 5405
11797 5864
2858 5821
35 7810
5095 4960
12192 6567
617 14307
5157 3641
7237 2586
10165 1219
3257 4445
12180 2341
5650 11976
10791 11044
11812 7404
639 8413
710 1636
8425 6301
7782 5854
1387 7501
12109 9360
10443 13831
4588 14965
5768 14000
8284 11767
6576 12142
7246 1390
4231 6891
7383 2716
14613 4109
5307 8725
5654 2291
629 7425
11333 2508
10337 14899
7598 4190
4866 9265
7946 14840
2048 7883
10045 6718
3324 3462
5343 13732
4894 5368
3424 6948
1149 6188
1742 9939
1934 11877
7003 12323
820 7174
1638 5439
2444 12948
9131 3758
4549 2765
5380 12947
5668 6323
4998 3940
13948 9580
11277 12299
7875 2298
8536 11874
9190 9784
5495 5990
1854 8294
14662 1051
7245 14064
14233 7027
4168 14089
11833 13732
1485 4030
13024 7080
12200 14571
4581 14515
6358 2914
7015 12466
4710 5799
14152 9828
5025 11426
3355 6179
3043 9539
10047 9557
3147 14528
8677 3318
5905 8326
5070 312
4652 6991
4842 11960
11536 9764
10826 6151
9003 3491
5737 7467
13580 3255
9758 5377
11569 7940
8077 4953
6683 11054
14243 11158
307 4243
2088 14727
1122 5718
6291 12568
303 13246
10074 10707
11824 8887
9878 2238
13685 9799
5874 1166
155 3859
10127 7600
905 1376
8234 14737
2941 10179
11818 4632
8944 12599
5863 11695
12896 202
960 8171
7458 9190
5067 3557
12694 7560
14967 6854
12481 2237
6508 14199
5566 8385
3051 9132
6560 12951
9852 11617
14758 0
11976 5455
5520 7058
7474 6868
624 1426
13387 10531
11481 11221
14045 12150
8586 4234
12409 2278
8845 4161
4624 3864
8814 9977
8244 2925
2006 4356
9168 2026
5180 11791
2456 753
3993 9398
7036 2120
6645 1937
7672 4202
5260 13828
3027 1639
7118 4870
11912 168
13041 10434
12662 3366
1413 9622
12515 1577
8602 8515
4154 4653
11302 10004
9188 1089
6825 6153
14322 6694
14785 8259
6893 9104
564 5766
13540 1743
11024 3722
11197 13419
7585 12751
1315 7595
953 8868
6528 1780
9942 5604
8059 3974
65 2385
11826 2108
5680 2440
2823 1790
14782 5669
10632 11574
11408 3762
10940 6644
6607 7936
3103 3552
6213 728
11891 10127
4464 860
7279 6747
9461 3788
11852 3271
11516 5860
1591 7881
11474 8116
3464 220
13904 12232
3016 5513
8241 10291
6441 4435
2690 9917
13857 10411
9197 12801
8467 12838
14068 912
136 3821
218 2088
12377 6602
4623 531
14011 8098
13076 9879
14613 10784
1834 10422
4581 2058
2975 6897
9338 13431
4875 10295
3418 13579
12891 14420
4960 7120
665 9809
9593 2517
10929 2793
10017 6577
9245 14155
824 8408
12402 14072
2123 8744
12107 9883
2096 7220
8614 1618
1464 9327
7725 1260
10889 2142
3011 12687
12337 9763
7064 5835
14470 6638
2014 9878
10655 13144
1879 4598
9249 6970
4197 4001
1524 11746
12654 13725
7662 10665
2153 4478
2579 7920
2424 8610
14746 5097
1804 6421
9380 12982
4579 13132
12640 12765
4609 13207
12580 10351
4189 14533
10680 1513
10433 11993
14006 7548
5282 13294
1577 12528
12792 14753
5704 7690
4428 8885
11924 6377
9804 8158
6357 1214
11319 7250
11294 4543
8126 6812
14710 6743
1807 707
6714 1336
7411 4399
5675 3319
10969 5469
669 9641
10675 13583
11075 1146
5482 10193
1688 3515
9792 12239
5563 3918
5694 6535
13998 7772
2068 4918
633 1873
13532 14516
3361 12484
9310 7885
12225 11290
14208 6596
4003 13661
3565 7307
13913 10321
9409 13161
10935 2716
6667 10940
10800 14081
1388 662
1288 12882
9580 2372
1988 6610
3949 8768
14224 293
4197 6764
13712 8897
14191 2405
12505 10851
12419 9194
9333 10514
11321 5558
10644 6807
3590 13272
13658 3155
4792 5883
9821 8156
14990 10133
10571 9342
6807 2873
13262 7267
9161 12059
12828 5566
14058 10724
1670 9614
7671 9353
12706 14129
9280 9093
773 8826
9961 2620
1420 8107
3628 453
9031 5463
10975 9295
9014 2993
14124 8924
303 9507
10761 5201
134 1567
2187 4445
8277 6038
13928 12597
2647 6084
4970 8309
3682 14000
14935 3569
11083 4204
5724 7861
13514 5880
13334 3785
5876 6442
13401 2758
14040 9287
2062 5936
13098 8343
1716 1733
6353 11270
13920 2322
6138 13737
604 6086
7524 2234
8690 7945
11753 7451
12963 3020
4573 12852
3773 1050
911 7915
2903 4022
7743 13199
3974 5956
9817 1141
13495 11222
9567 14381
6142 931
3902 6275
7443 598
5555 10582
7410 6974
2933 11057
3888 7775
4424 10453
13158 980
1435 7791
12661 8646
11834 14465
14507 2129
2391 2817
2312 3803
7586 9369
8167 7176
11345 9708
7676 2195
11971 6236
7784 11835
10370 5183
10143 4265
14232 7340
3977 9265
11924 8257
10259 12283
12453 1832
5370 1624
1230 701
9578 1914
7076 6937
5044 9479
5692 5255
7789 9896
3334 402
6853 1875
11091 6176
9248 13918
6601 1019
1383 11752
1980 5764
8662 4802
2935 3418
9516 3965
7972 5977
10804 9336
2929 14597
8639 7284
2355 6064
10974 4431
9127 943
13955 12257
10272 8156
12203 3004
11668 10174
3941 8529
394 3012
539 1906
9702 11140
5334 7567
5389 7461
6688 2286
3257 3206
4230 12086
643 9705
12982 936
9790 1077
7841 6136
10709 14530
5426 5744
412 2267
1238 1141
10631 159
12896 6368
10738 3610
215 14696
10213 12631
184 4116
6863 3831
11230 5211
1976 4362
11841 1663
11481 14049
13732 6947
14737 4483
3819 6840
6446 8514
8633 7711
10546 236
5603 6515
12529 6264
5583 6722
11042 14888
13110 2311
13770 3493
10509 7009
5421 5421
12062 12210
3537 14697
7767 12837
6030 6224
1512 13168
13494 11124
7556 14049
9916 2263
10045 4119
13269 8327
905 481
14563 7080
2413 5720
8732 1127
485 10494
4139 13607
6266 12899
10080 13234
584 6378
13105 6832
14773 13868
10304 7350
2223 13703
9224 10239
11377 1742
12896 14543
10460 6170
8233 12119
14709 10647
13189 3465
1472 482
3593 9674
5986 12684
4950 12389
14190 14935
3664 12715
5995 12252
10359 5292
11190 10794
745 6445
1385 13745
12514 4703
3813 367
13345 10897
14947 577
1098 600
3360 2255
1032 12233
295 12116
8862 5473
4230 2063
6097 1656
6548 1722
1444 4576
990 8589
8553 437
5985 12611
6548 736
5235 1549
771 7525
14653 6758
3219 9535
9871 8992
6481 4490
14948 10496
9712 298
8679 614
11759 8532
1602 1320
10012 1619
6175 6115
9943 10320
14229 4643
12320 3261
3467 108
5380 9461
8136 13429
12913 13457
8870 13461
5144 8691
12078 9205
234 4279
14767 10662
3216 3592
3956 13845
3947 11624
4713 1546
11250 6443
5212 2606
11389 10003
1953 14020
267 2681
14518 1107
7327 11722
7113 14946
13542 460
7422 933
7360 12364
4160 7940
4688 9494
12524 1370
9622 11882
971 12261
6218 12365
3141 12134
1958 7424
12395 8170
1696 14231
2480 8572
5532 1931
3851 2707
14453 12287
1345 780
4941 13100
12259 6287
9994 9463
3037 13420
481 14449
7685 10207
10814 11376
919 4431
5312 14191
731 6423
5923 9887
662 9798
9930 5021
2903 3770
235 5887
14008 5230
4438 12385
4907 11598
9710 9944
2971 8939
13855 2182
1758 5631
12730 12489
10463 6932
2171 1762
2678 2372
2157 12506
5958 3366
14913 13246
12472 13044
7322 11043
6179 8610
13292 1988
2362 522
2434 4732
13360 9363
13648 3344
4235 7549
7160 3599
13900 76
1431 8396
11395 715
8723 8169
241 5007
9441 9855
1763 6952
831 811
2077 2715
13040 627
5452 101
2693 13275
6869 153
6998 9618
11322 8603
4138 12957
8853 5509
9695 10815
7630 3410
8809 4324
8322 7794
12434 3137
7940 13827
10748 6580
7771 13732
2026 10012
12323 13545
5349 11545
7424 174
2141 6568
11504 14737
2576 8324
3369 746
2209 1432
6709 9636
12264 10967
13291 10363
794 13877
6322 418
2276 2043
6111 2202
13670 10782
11401 5947
14495 760
13214 1842
12815 1553
7819 5349
9338 8115
1708 2451
1678 11642
5756 8380
5107 14159
6133 5335
191 6109
7230 866
5417 14495
9659 8714
6699 14343
4562 10901
9344 14306
1887 5667
14179 13822
10780 4827
13233 4797
13417 5123
5275 2849
14707 2380
5404 14839
26 2681
1118 5079
7243 4766
9130 13727
2105 10267
3014 10300
6491 2276
14508 4295
9293 2397
14840 4297
236 3047
11069 11596
6407 8305
6809 14014
7125 6571
192 6362
8794 4722
8114 6285
762 688
8857 10698
12181 143
1309 4193
8413 121
14734 8722
9056 572
589 2039
7400 1066
2658 3704
4414 7762
11260 14578
8144 1988
2950 10085
2524 8264
7395 4471
10253 1505
4120 10242
6292 12406
13135 9943
7692 3555
4998 13806
11021 13818
13308 9743
11373 12137
2562 3578
10318 3459
10518 12303
9280 9059
9954 12676
8370 2116
7908 3636
10157 4008
5784 8789
527 12372
9848 5610
9276 290
12285 2801
6918 4619
14524 11816
1735 8882
3104 6718
1155 13806
12218 1413
14389 4169
3449 4542
6148 9994
1753 4964
6519 13583
3436 2406
11432 8827
5998 10786
2020 12675
1522 11360
71 8110
13510 2259
977 8665
6017 4581
9446 4988
13792 10307
840 10585
14078 8618
6201 6454
13900 4546
5079 10115
12525 9312
5888 5318
768 6462
9938 431
7169 991
1396 6682
7229 3650
228 5333
11696 2546
9585 13038
6857 531
4989 9291
2846 9052
5806 895
9498 13394
3860 6091
2988 7479
1540 14865
7536 9014
7166 5457
3840 12664
12030 6236
11789 5861
12918 5156
9664 3693
14797 10624
7805 14653
3956 7243
2579 10999
12208 2471
1173 6430
1356 11637
11083 14666
6214 1949
9949 786
1776 5063
33 11672
14677 7667
1518 8228
1184 3523
2867 4889
2684 9877
5682 14780
9595 4057
6797 11570
5136 10265
10888 13669
2259 5349
14202 4181
7585 5737
5776 3792
7321 9970
12859 386
10950 2383
544 8893
1530 2107
13006 11897
13030 7196
9216 14787
11734 8100
3913 12677
2504 232
14785 8378
10146 4874
12242 2467
3227 11462
7354 12366
5946 12409
13687 9622
4015 14167
12409 1385
6264 3444
14489 33
14520 13316
14672 4319
4756 14963
290 3576
14777 4690
3294 12815
10330 1901
304 6429
10830 4765
2754 4078
2982 8220
2828 10273
8826 5591
12972 5644
6269 11206
8277 777
1058 12660
13464 3529
14554 995
7770 1413
1961 14875
2545 10451
855 14426
3603 1304
14908 14137
1022 14851
12888 453
9826 13712
9105 12866
14802 7488
12265 2698
11631 13078
2370 2487
2356 1890
12239 5230
10457 13618
11547 3831
1426 11904
6483 947
10114 8823
1599 10573
13592 9959
5827 13445
4088 2975
11488 10449
2854 5133
14400 8607
12637 3132
14910 2366
12150 1427
9361 5807
9852 1083
14887 10051
7920 3650
7460 9663
14668 12437
4787 13571
9887 11516
1250 10263
2877 2992
13348 742
3234 13571
4351 1097
5046 14209
10798 13069
7268 7102
7484 11757
10406 8890
4541 4938
14630 6803
4921 5591
5957 8102
2610 8367
12182 7663
7268 2899
1256 3535
14564 7378
2039 8213
5136 6311
10686 11728
7788 661
4130 12333
132 5744
4493 12508
1297 4222
3327 14860
8778 13499
3982 5754
9338 9756
3775 662
13008 13331
3706 3940
6251 10184
14853 2540
5561 6893
5254 9204
2041 948
13524 418
3315 6380
6970 364
12331 3677
9542 11245
5531 9547
4622 7866
8495 11210
14555 13004
1341 4689
8935 2330
2285 10615
9679 11897
2298 3246
12376 6136
5719 3910
11702 8434
6403 6156
10978 8867
278 2033
12566 8862
13814 11307
2630 5602
1562 14853
9021 2315
10298 9073
407 3017
12729 4881
6600 5228
5170 12610
5404 9577
8237 13621
4150 12588
6762 164
3702 11635
8843 8638
1166 13966
5426 14395
3620 12333
10533 9207
1783 1050
9544 14979
13782 3294
12206 14484
8207 10006
14244 3794
8352 12182
5489 5503
10531 6682
6938 7540
6164 1763
2671 12828
5270 1835
7661 9537
10971 6436
8450 6990
1916 10160
7353 9004
529 6499
8269 553
4040 7611
708 8148
10601 13402
6830 2962
14982 5471
9447 8079
3913 5870
12183 8833
1982 3929
6080 9596
11391 1537
4580 14094
5595 11064
2876 6670
6602 7075
6688 879
10054 7841
5106 9375
5110 2816
5535 6448
9756 12179
10669 6
947 2977
10972 7036
3131 9205
8486 2866
6509 5498
13150 1823
8201 5189
10843 7715
8896 10318
11004 1481
14271 12152
14383 10195
11543 5021
4245 2187
5633 14945
14505 12247
8102 13615
7379 6638
5240 7301
10770 10453
9677 11977
8610 2960
5769 6233
12586 13138
2620 13541
12355 2564
4376 6152
4445 13523
299 5659
247 7662
9588 1670
11401 9861
12717 9848
12933 5696
3728 1454
1365 10223
8255 14547
10187 4147
2846 3949
14354 13711
12217 9182
5361 10142
0 2288
5951 3143
2949 11429
13960 3274
11225 13075
587 3453
5160 13287
8240 186
8146 2316
11492 10254
2855 9980
