100
2727 7064
8346 119
7077 11368
1306 4291
11223 7205
4513 7728
9586 7108
8199 13252
2077 1210
1241 8807
2914 3346
14884 5553
10416 6572
10768 1903
5350 7988
6415 3548
9556 1355
14038 11100
3348 8109
13324 1684
6524 14388
14321 12859
12176 6281
10394 5727
976 12749
5128 265
13782 4253
10189 1621
10699 14919
2263 6061
6318 8400
865 10271
8264 11530
7878 8180
13579 3798
6274 14930
4670 13676
10763 2652
7372 5861
9143 8039
4884 7974
4257 5198
12475 14429
3250 4905
1318 5762
4246 573
5187 14068
5630 2749
5851 5625
6069 7520
14028 2808
2095 7033
9481 10116
3613 9900
6559 14621
12544 13287
7749 12521
8235 8836
5454 2039
13193 9365
8645 1696
10700 11381
1064 13171
1445 10738
12475 6047
11752 7130
2382 5622
3100 2585
8380 4388
4635 9907
7030 776
13214 9513
8393 373
12028 14589
1158 6504
9365 9071
13611 9110
5638 12483
10120 9141
1266 3742
14283 5743
592 12766
4772 13924
6267 1376
611 14363
2284 10589
4379 13880
927 6483
11187 14715
8226 3463
12319 10278
7367 3990
14720 8153
6753 1193
1222 12897
8363 4594
8954 4532
3443 2624
6500 5697
1861 14215
