200
10083 13255
4173 2077
6132 10752
13330 8643
14558 6984
11503 1654
4720 4844
6172 9354
1336 986
6112 3586
5191 7804
14205 14564
2982 1886
1437 14014
3748 13757
972 7439
7847 11627
6754 13053
10336 8613
12797 5049
4870 10037
1140 11674
4059 2231
14010 6429
3979 339
10082 713
562 8762
13337 7648
497 1565
2944 446
5126 1644
10192 13279
11004 2306
1790 6338
9949 9884
6270 7398
13720 5842
9030 7173
2253 14848
5982 2073
4162 6136
174 3014
4775 7035
13845 9072
6931 11357
5317 13189
8955 3135
4093 4942
6048 5947
322 11008
11310 10767
3604 12205
3496 3361
5365 12967
2891 11467
5008 5877
9161 14786
12343 2193
7338 11882
1216 9418
424 2301
154 9213
13402 12159
6753 5613
6773 8762
1945 14319
3856 7176
8357 2913
1911 7784
13555 11570
4603 11897
5663 5550
12351 6877
7660 12987
4101 3494
6540 11117
11652 6680
1888 5414
14999 713
14869 14018
4020 773
11654 2645
7423 2971
12968 8477
11963 3939
4756 8454
583 11776
2969 14426
11911 14873
1123 12911
4737 14990
13398 3245
1517 11136
5897 10787
2988 9545
4545 5259
8018 6553
3992 8402
2818 7358
11675 1275
14901 10241
13646 14343
6712 5908
7813 8581
4664 10496
2247 4381
1834 4782
11714 12662
6378 12726
7287 8997
6841 1887
802 13374
14538 11877
2391 3584
8513 1629
5177 2920
12147 11399
464 4621
7175 9235
4893 10322
11479 8024
5503 13383
12037 6020
12192 11440
11546 12525
7678 3162
8129 9567
8788 7378
7527 13732
12996 4340
7 2599
12672 11841
1379 2993
2285 12608
11603 13457
926 4494
12388 14333
8696 9699
5475 14871
13736 2519
6307 12239
5215 9057
9635 4709
12061 8390
5635 6660
10230 11133
11288 5490
5099 6116
3123 3040
7531 13403
9107 7230
9030 8129
2518 12673
1333 1287
14234 3763
8056 12335
6250 917
267 4485
1496 5333
14235 11956
2631 1274
12837 5869
7944 1915
14329 14386
10370 3776
8277 6688
11697 2520
14647 2406
1409 12978
1892 9828
1649 11948
14683 3186
9855 14102
14671 7410
10953 6424
8261 2938
1006 6990
11559 5895
9474 3262
802 889
5772 13192
8051 236
1684 10024
8126 4622
13301 14621
5633 11304
13552 10771
10372 7317
3971 8734
8456 6817
9261 6394
13655 3635
13089 2183
4933 5746
12387 14986
6087 7602
1711 1786
5968 5283
5640 339
14638 12447
