300
9374 9940
3551 12067
13164 225
7693 8578
5229 3795
2299 10086
4659 2937
4719 662
10575 13221
780 13814
9095 4830
9512 5049
13763 7558
2965 12922
2907 12080
14238 1846
11484 1799
7124 2836
7845 10128
10627 164
4816 8273
336 181
7464 3697
9859 10811
7012 6489
14329 13715
1364 11906
2050 12103
6764 5805
2320 14596
9000 3431
5221 14704
12858 601
6282 14885
2092 12109
2749 12798
2603 10508
14313 7980
13861 6208
14586 145
10974 5822
13532 9808
4016 13897
3420 12320
8364 8305
9379 8920
10116 7874
13803 12095
12049 12086
10296 13367
8959 316
2051 14429
7881 749
1383 11531
6600 45
891 13426
12735 2122
13632 1844
1983 1321
114 1196
8250 5296
6817 2474
10693 346
5137 8812
8755 3816
1202 12604
9578 13484
4022 7549
9217 14175
11241 2776
9003 3443
12056 1716
6126 4653
14162 3770
1997 9414
11778 6626
13183 13276
11244 8316
1907 5879
13501 13387
9606 6906
13755 14106
4789 8414
12547 12997
4873 6534
5888 4336
5107 13366
3892 6517
14291 10449
8617 13874
14253 11403
9833 9684
678 14233
3902 9672
11410 6017
12397 5735
5178 11549
8956 3302
7217 8148
7660 10921
14983 7263
6679 7199
2493 6401
9106 2213
14183 12326
13473 14870
280 2024
14732 3323
10982 5761
9741 13083
533 13376
8339 10816
718 6678
13367 9635
10080 418
2068 5622
2877 7416
2985 1054
13542 200
148 2832
1839 7478
6411 11629
4653 7113
851 3163
1053 11902
8388 6918
14521 2804
8013 14607
8952 94
7515 8659
264 4378
14501 11451
1555 704
12920 13367
11883 11525
7250 7315
2 3915
3127 2724
12756 6237
3400 8957
22 749
7013 11685
590 6103
11863 7959
12850 10465
8177 13187
9253 1166
13017 11370
11709 12707
6551 1219
8057 5486
9128 3310
4351 891
4608 5773
199 1036
679 7239
3822 7887
13322 39
363 3434
9678 10595
5209 1010
4218 14994
9167 8018
575 10616
9860 13178
14973 606
6075 2294
13011 11581
6347 10451
5385 8178
460 14375
12631 6031
5210 5229
5923 10903
1742 11383
3779 11152
637 13777
7862 8489
13496 3315
2200 347
12962 11237
11668 772
8407 12311
12088 9772
6152 2203
2513 375
13005 13264
7544 14257
13604 542
3227 2240
12934 2839
10094 9579
10507 461
1129 12552
14671 2068
12304 1538
8442 12251
7235 7046
13894 12852
13185 1729
9550 2689
12922 12090
7141 3904
3996 777
4267 6671
12755 13515
10339 7127
5755 12084
6884 4108
3273 6499
2439 3992
6085 12308
14009 8493
2955 10766
3580 14990
12694 6773
1210 1001
5618 369
586 11454
5946 13244
10151 792
13179 13678
1286 2648
7808 6904
13712 12577
8883 9376
14125 10358
5781 12346
10116 7101
3893 10431
13827 187
940 11125
8753 13191
11924 3851
12513 9490
412 2014
6873 2518
5224 5732
2782 11548
14859 8124
11707 11697
553 14563
1888 6501
7092 2204
9817 7982
888 14208
425 223
4984 6047
8703 6296
6724 11619
6740 661
12218 12235
13744 10519
5650 5377
13464 4260
6161 5873
920 14209
8686 6637
4053 8678
632 544
10131 4219
14843 11447
4853 7564
10106 3657
13382 5920
1676 5603
11564 11623
7920 4847
10573 13020
7011 9692
7640 8445
14072 8459
6874 3881
473 14723
12900 6072
10186 14781
13221 4092
14356 632
435 2771
2379 1055
9689 2211
9215 14508
2033 11264
6136 14815
5881 4423
5359 2925
6975 1729
9416 2540
10567 12767
3966 10960
427 12286
13266 9878
6824 11011
9137 8885
3793 8532
14109 9803
97 691
1035 2394
7949 1798
6206 12736
