400
7307 4669
11527 8708
5093 3850
7085 8239
5235 1853
816 6233
1907 5030
10172 8786
4185 2428
11801 12143
4688 6613
11469 841
905 4752
12449 9590
2735 8062
13105 10321
2998 5909
4008 10419
7557 12977
12827 4081
2701 2252
7563 4116
6256 9699
100 12292
12512 7442
4387 780
9831 9800
14109 8540
7125 14994
7215 3266
2620 13339
9542 5749
14319 9024
9915 11209
5565 12664
2253 3069
11808 14026
138 12810
3131 7212
12949 10894
2191 7715
3638 6664
11704 9474
8859 13654
5737 12508
8728 14778
10368 7659
5491 6498
5957 3002
409 10837
4797 181
12036 13582
10436 363
12949 10162
2973 5462
3475 13582
7894 8043
6764 976
14432 2998
12622 11534
4505 4692
7903 7465
12669 2686
275 4679
865 10721
4551 2953
1606 13083
14563 11919
4872 7902
13464 11604
9924 5229
11059 10948
8653 14338
1959 4628
6126 11981
5015 9713
5631 9742
7813 10202
12850 5416
6645 3459
2575 8864
11829 7981
8124 1890
13997 5430
8359 14240
3580 13272
8915 11410
681 14208
10270 2963
2239 12488
2318 9880
1644 11476
8847 4215
11580 2763
5620 8047
9873 13597
2828 9545
14994 2025
5088 9254
14940 1824
9752 8999
11845 9157
5784 4303
1827 1213
3718 6466
9484 5129
13730 14506
4147 2901
1013 10563
7180 6330
2095 10530
7445 11612
6112 1422
13158 12760
3001 2204
14098 10801
14983 13483
535 9893
4077 14786
5172 13334
12250 57
945 9699
7972 12968
6890 2293
12555 4625
7742 5560
1591 10003
7222 5189
1707 8747
5182 7773
11726 10120
2043 8501
8470 12740
13582 12059
5236 5878
13915 8624
5823 12444
9550 12237
1389 3405
4620 14918
363 13201
1464 1076
846 3813
8169 13325
4533 8645
13115 12364
11441 13288
14759 7387
4894 6298
13452 11323
9604 321
12913 3766
3024 6685
6769 13231
1977 1694
79 4713
10132 1043
1322 2735
5042 8303
11775 9242
9363 14495
13031 9751
157 6469
6677 6070
14967 11082
6555 11073
10805 7007
6471 3982
3185 12019
2303 11934
6959 2936
7480 2953
2461 5424
1750 3896
8422 187
10733 11111
9932 13578
9968 1438
325 13633
841 1160
4910 10001
12871 4329
979 3633
989 1605
13903 7002
11499 2379
12906 13338
12328 10769
2475 11344
8493 12862
14004 5095
5282 1368
7495 4507
6476 7731
2889 8071
6218 537
14836 10172
14533 2914
9424 12091
13940 13332
2962 14711
6946 1776
9747 600
1586 10210
490 11805
2604 9857
10585 6207
2467 7781
13941 10453
7664 12420
9194 6173
13195 1420
13193 14810
7261 5860
10939 31
10707 2491
12478 2389
685 13759
9976 2602
1346 10948
11076 10816
14007 13760
5574 4219
1409 6504
11963 11898
1844 10985
168 8107
12383 8109
12455 8796
9538 2179
5541 14387
7587 7997
933 13379
11327 2923
6285 933
9864 8982
6597 14804
690 5606
14277 14460
10632 7825
3980 13340
2603 13562
13606 13378
13831 11365
13602 12186
10401 4672
2964 3920
8298 1588
11171 980
9737 7877
2424 416
12528 6915
14790 1617
1313 7258
14997 8760
5046 14030
12429 11807
10526 13463
8561 5984
13878 7768
1743 8591
7821 13592
4505 5409
14707 12586
2137 7722
5533 9980
11207 6298
4438 12331
5559 6828
10085 2880
14816 8038
10034 10015
12109 8089
3279 831
5201 3918
8615 14075
1861 5486
4326 7471
14659 12425
2695 11180
4673 8824
4980 8055
1072 12901
8315 7239
14140 2749
1905 12901
606 6702
1867 9279
8483 9514
2278 2863
10890 5272
3097 9722
1747 7099
6114 7113
13168 8311
13738 1502
10223 1709
3330 6388
8011 2494
6601 6212
11124 9993
2399 5725
11595 1340
3391 14204
2384 7660
8836 14907
7036 4814
8201 1959
11352 14034
14546 12702
14932 2843
2662 8184
8578 13796
14542 2533
248 9408
6238 7145
6732 3742
2506 4461
14334 1990
10226 7543
8533 8337
10961 3622
7973 4631
10654 5667
12223 14346
10060 4501
14620 5833
12260 11116
6861 13858
4620 2072
9214 9982
4230 2709
2866 4160
7880 10246
2273 1526
10602 8524
7337 10686
12958 10356
10941 14258
9008 5225
2444 1098
13123 954
2330 13868
3747 2860
10639 87
6083 9100
13583 12794
2641 13593
9350 7523
7024 6641
7197 11215
10899 9283
5332 7024
9890 4260
14065 4320
14821 2063
3818 3836
2415 8192
8111 7355
6434 12300
10708 9475
11503 609
688 4159
982 10679
4324 14001
3946 5511
12048 2250
439 7306
8129 7284
2517 12306
9868 10945
13796 11600
11910 14789
13719 5396
3722 12576
12727 2108
4136 11091
8489 11737
11294 3099
2575 11256
13289 5414
11081 75
2177 5272
4812 2707
3769 3288
1746 2634
12134 7777
2873 9189
8989 1669
10364 14879
10810 9213
4438 11258
3700 5835
186 13871
10794 14724
12718 3252
13857 1779
10429 8320
4172 4372
1867 9948
