500
2392 6791
10820 5031
7615 2383
2188 3438
2503 12005
12031 4995
11854 1400
5754 951
5780 13188
7406 12164
3176 9948
7294 9353
1905 1537
2752 10091
8750 10348
2011 5382
5554 3658
4414 2863
7133 1433
5144 9150
5862 433
12068 1466
3241 7332
14865 7598
1391 833
13832 11562
10825 1798
7553 6459
1449 5920
367 589
3042 14143
3774 12639
1640 10687
14055 8515
9084 3441
2939 3211
10843 4275
6582 14509
1237 1399
7299 7039
8192 4677
14591 7062
2318 1562
14927 47
4687 11230
3709 5047
313 1760
454 4402
1009 13314
4402 9130
1310 2099
2466 404
2502 7606
14779 485
12016 1966
1877 11867
7072 8537
5558 7644
14489 8716
13493 10119
6807 2867
4681 13312
3384 13522
9047 5239
3725 4837
11924 3133
8061 815
2848 14934
3498 9779
436 5463
11460 1780
11862 5793
1640 979
11531 5824
10626 2712
533 11643
8635 14001
14337 10999
12586 11353
5246 12360
14155 3918
12997 609
12843 3668
9425 14548
5508 13990
10671 12040
3518 4452
8534 13790
12871 14611
8376 13792
9354 12084
13296 6237
13442 13746
7764 5024
1908 10506
2852 8941
2373 10675
5391 14528
5141 6642
1182 4549
10377 14056
5487 14901
14862 5619
9308 11592
1404 8932
2290 5132
7886 1452
6674 5143
8525 686
8768 4379
12686 13683
5111 12493
6941 6724
6155 14573
3756 14460
1150 1103
12733 9377
11793 9552
9287 13522
6429 8998
8747 5163
14094 9738
1915 1031
8748 5549
443 12756
13203 2449
2209 12267
8217 5364
6199 12086
8073 5048
8954 8924
4437 8530
3500 9827
14083 10357
14503 8980
14134 3506
8581 13792
4382 12788
2062 5439
12146 12094
13666 464
7858 13195
11123 12489
1288 1038
10107 4347
2328 7559
1048 4235
3537 10744
10764 9949
11218 5080
8190 5696
1636 4840
5594 2788
14968 14537
8423 10654
5055 6406
4708 5282
737 562
3536 8869
4824 348
13051 8450
3862 2227
8687 8566
1006 8393
12414 11019
10343 1871
13678 5539
3051 10942
8122 7555
13539 3964
7959 13545
12686 2975
7285 5492
13002 4960
4240 13444
2199 9350
11318 4579
1782 1216
672 14516
953 12399
13782 7088
14688 10693
4308 13107
6670 12063
8237 1400
2021 9283
2973 12943
6947 9330
5110 14775
10145 161
8997 11914
922 10735
13679 9471
3657 6209
685 11208
12267 1443
10480 784
2841 8193
566 9
8419 4373
14346 11043
12485 9506
10427 12806
10902 5087
1484 836
5320 11899
10465 2394
6557 6037
13957 13166
4597 9170
5435 10471
14679 9331
13757 4406
4667 11177
485 5081
9120 7262
11758 3012
3795 7449
2778 10316
8527 8093
1062 1675
13853 3416
8629 7177
5255 5247
7432 13889
5274 2958
14467 2821
13142 11599
11256 6734
3912 397
1274 9506
1788 4798
11488 5479
10055 9903
6733 6888
9085 7285
1900 11828
8038 11838
5069 4053
8087 4938
3233 6417
11007 2195
13831 10886
11361 2139
1570 6877
8195 11273
13851 8455
7109 8000
10161 7032
3076 577
7764 1965
1030 3012
3684 11561
623 10816
6183 7746
6738 14049
6370 132
14387 6972
5115 5349
13328 4582
10103 7836
9820 12494
269 10211
3138 5502
13767 2739
1245 7102
176 10924
2541 10956
1502 12892
5060 5344
7037 10982
9772 6626
9625 8635
13222 9806
4695 12364
6200 6976
7136 7813
5286 10784
7050 3632
8272 13353
8413 7441
7188 3331
5428 3804
6055 8617
5643 11772
6961 12991
14942 4829
8369 8973
12792 1980
11797 77
6305 11335
11902 11446
1370 10112
2456 1853
432 540
9148 624
5655 1444
7860 14517
7340 1566
5120 153
13217 12031
12581 10630
2946 935
6301 9404
9309 6043
9915 1069
2904 9715
6772 3483
6912 8235
2152 12216
3549 12884
4418 1360
10074 7404
10917 7355
2308 8695
2123 10617
13621 1726
1338 1223
264 3434
11904 7231
9712 12489
344 9779
2740 8986
9098 1368
5914 4628
11276 2073
10420 12038
12246 13161
8834 11517
5691 10001
14778 11546
5682 2044
3124 85
11411 12445
11300 5171
13141 1242
8281 14119
390 11467
14266 8052
3837 4047
11473 9829
1094 7761
13653 7521
10717 526
10436 13203
2458 2485
4789 8415
3468 8431
9476 10168
6457 4426
7137 12873
11836 5167
3418 9496
7466 5661
11927 10621
4458 14671
13262 8933
12282 3991
11091 9356
7767 6993
14318 1437
4473 13639
10001 12539
9674 8901
8285 4191
1997 5003
2959 5226
3050 6501
9344 7175
6860 3723
384 7032
9083 6323
9008 4632
12908 4033
9600 7526
13322 14963
8768 12115
1876 244
3268 692
6685 3332
5504 868
3242 30
2730 1773
13857 2157
3736 12214
12920 11442
14278 3262
13088 14275
13041 3455
2869 1183
8572 1463
14134 4825
2863 2844
9541 13674
13737 11515
784 9025
4542 14768
14759 12631
10041 6355
4878 5970
11812 3912
678 2645
11725 2089
12077 1159
5357 12361
5643 4646
14175 2027
9211 9260
1763 12615
7638 1040
5298 14843
13795 7293
7240 9131
1785 9171
7161 6704
9498 7768
5902 7717
13412 515
13125 10947
3392 13213
8571 4338
3041 1933
13876 676
4172 69
6786 11516
6940 14279
6171 3226
11929 8848
11396 14819
8853 5646
4581 2870
2945 6420
2058 10590
14089 13561
6644 3202
2930 608
7865 10955
11557 4716
7649 10142
5672 9256
12890 12137
12911 14517
7541 2780
14592 9650
14348 6472
12781 12747
12437 12048
5915 2784
8740 9721
8010 14262
7718 10040
590 10673
9238 14302
9890 13966
13036 13070
9631 1851
12353 14604
14792 10827
618 1240
421 631
108 5585
3024 2487
4389 3144
3392 7012
10746 9396
13311 5459
10965 13025
5427 11905
11173 12421
792 9512
8713 2332
12477 8600
175 5819
4643 10911
7594 13273
7976 10064
3929 12841
6387 8728
12781 3125
10882 6990
13078 2071
7486 9402
5437 12396
1766 13127
12092 7461
6905 14954
11735 12550
6983 924
13599 12466
5079 1760
9596 14234
11355 4964
2941 87
2189 6690
10733 3014
2649 3293
1841 7781
1531 1637
9856 14715
2154 11733
