600
6176 6737
5406 14249
698 13073
7691 12866
540 5897
12993 1407
13394 2526
2638 6594
9185 1721
13211 5841
5023 14917
657 9234
1861 3995
5810 12395
12244 10736
14934 6464
11933 5314
3806 11126
12833 12987
14661 2956
2882 5470
5135 11879
7085 13448
2269 12410
10374 5832
6135 2429
4501 3407
2832 6559
10057 1712
11577 2402
5054 10763
9119 3883
647 11480
12817 7950
7764 7172
6625 14029
8678 2461
9757 2661
6446 13352
5941 14721
15 480
13015 7444
14500 12552
8294 6325
333 10651
945 11694
236 10886
5368 4253
7128 5526
13962 13090
9984 1302
10014 6292
13724 4224
2096 11387
6308 4706
7543 8736
645 277
7641 4359
6544 11658
3533 13166
3779 13175
9647 13776
8306 8369
2484 4578
9459 1209
11866 7153
5575 2324
316 12161
13112 1356
8621 4060
160 7345
3489 9744
4383 12151
13085 2603
6788 14191
797 5569
2741 1437
4061 3386
11644 244
8702 8512
7091 6780
5557 3122
4070 1226
14745 8259
6439 11348
170 7
3435 8173
1307 7382
14773 8414
11205 9790
8859 2242
4748 9948
12449 12981
9575 14012
3353 11518
7347 10137
7325 3668
6057 12539
3829 11019
7974 9148
8575 1575
1640 5252
4883 6907
1270 9257
283 11213
1307 7461
13812 14953
14962 13888
4595 12632
1184 925
13723 7068
14513 10980
2325 9745
13700 13164
11984 8641
8982 4207
11232 8205
12573 1371
8265 416
10309 1813
6675 13722
7510 1605
14935 7291
3889 11269
2293 5195
8987 831
6056 3109
13981 984
7824 11507
11979 7031
1801 10276
8179 7091
496 60
3609 11203
14090 5947
8824 5626
8463 4830
4255 7429
2635 9178
5774 13096
11408 534
7190 14209
6372 7040
40 12173
10530 8122
3447 13579
11146 5607
4076 27
7534 5143
12784 1822
151 1675
3078 4967
9373 14385
11431 12088
10148 4742
9121 11678
5133 2286
2454 8416
5791 351
8163 10605
12950 5761
7173 8666
10488 3579
10580 10472
4912 8840
14618 10159
1789 808
33 1717
2905 4995
9219 8867
3433 13163
10359 10603
11941 9941
931 12888
4036 9701
8013 8109
6898 13585
9342 3429
12724 9310
14252 3330
6212 3855
8751 7395
3484 3051
2000 9350
12574 4500
7550 6381
10137 1521
8304 3286
3077 7563
3633 1119
4290 7045
14591 11837
7025 3265
1483 2423
2478 13397
2625 1116
7110 1254
13477 14412
94 13863
8759 14906
14775 7956
2395 14172
7131 1439
4497 10
11798 1235
12223 11128
12012 13394
8997 3435
10144 13760
11429 6056
13186 8811
10968 8774
11301 2492
5124 8877
2572 7919
10693 1936
6507 11827
9944 8157
10315 5839
4286 215
276 9579
8622 1436
901 13283
5563 6635
282 10190
9149 4254
4271 8327
12666 10621
730 14735
9819 14997
3474 13961
3537 14937
5703 7175
8455 13063
9908 2751
1495 12263
13206 9767
901 11549
8666 10265
14473 4978
4458 14149
4161 10813
14153 7371
14946 3695
1081 6992
3047 6070
4154 746
13772 11188
7270 14455
10970 1469
13377 4229
13612 11610
896 7206
1308 5105
1091 11352
9003 578
1523 6205
13400 7236
10599 13833
5833 10860
14535 14731
2149 11119
3644 5457
12131 10978
3615 962
13786 12078
14607 12599
1043 3066
8088 2050
10206 2147
9906 6957
4051 13738
5768 4564
5289 14354
722 485
9269 8505
5428 9154
14240 11195
4562 13524
10703 3621
6979 14679
12030 4043
10765 4073
14275 4262
9022 12070
3204 4713
7218 6918
13898 6541
9324 5214
2220 4841
9453 5807
7532 5227
7208 10773
9559 7980
1134 3009
14029 11510
14768 14122
5542 10515
11007 6495
7441 3008
3104 365
9068 1157
1350 2032
5937 9848
6702 1662
762 9894
14042 12618
3398 6490
10196 6085
7566 12627
8011 7282
9169 9828
12761 13280
3514 10364
14463 3090
5711 6067
11985 4708
245 4125
8700 7795
7448 11311
4218 2990
5740 5303
10082 4762
11869 12346
8822 5621
5577 11864
12100 1032
6444 13714
1336 11451
2990 8195
11860 2079
11307 7970
14642 8160
2312 6283
5914 6626
13175 13652
9977 13727
739 735
13943 5433
8735 2568
12838 3283
11400 7818
4020 5375
5250 1229
10958 1261
10452 10756
3599 12617
9160 3520
4648 6188
4457 10431
5572 10293
11058 10245
14047 4807
399 7266
10648 10131
6442 13975
5412 1854
13061 9534
7484 7311
9311 14753
14029 13331
4440 9598
1522 4747
2771 6862
9785 9564
12728 1812
11654 4309
6188 5569
11908 1140
14279 4700
2539 10992
3387 12126
7027 11674
13035 7598
14707 1951
8005 13222
13778 384
4163 9515
14358 103
9106 2462
5425 12815
13668 1329
4831 5980
5005 8774
8511 3730
1716 11845
12596 2010
7159 12032
4808 5672
13285 10620
9689 3874
5759 12535
1047 6983
11317 3608
10726 11199
2105 4791
3271 8134
4336 1072
10642 6042
5445 7568
11987 4042
8178 9085
11672 13823
8566 712
5403 913
10926 6251
6147 1910
7784 13175
6727 10465
10997 10884
12838 4939
8377 14757
4138 4057
8562 9006
12063 995
2772 13679
8376 8911
10057 6544
4229 11632
2061 3173
12036 14676
6550 2385
1522 11652
6536 11407
2016 2268
6896 11621
1207 6581
5819 14393
7169 3756
3913 10926
331 12500
1852 12371
4131 8908
12652 233
13332 5221
3655 2358
7307 11284
4264 7464
9947 10556
10892 5163
9013 12576
11261 11097
3981 6166
9042 7505
7622 8243
8598 3356
4839 1722
3225 7708
3773 4970
12747 1574
377 8284
1906 7533
10462 10200
2638 4946
14583 7001
8832 2130
493 7332
14918 3792
14220 6506
2152 12265
14191 12636
11787 10514
6371 5197
11303 2341
9929 10711
8215 14607
4956 417
8959 13636
10790 10016
1234 9288
2816 2807
8858 5321
7216 7443
7157 12466
12255 843
5023 14202
3110 2481
1879 318
775 13869
12117 10041
3196 6162
395 2041
8784 7456
125 14350
10513 9717
9518 11159
10216 13506
5734 1204
5310 14085
4889 3919
929 14322
5180 7492
13439 4023
8473 9554
13884 13185
13574 11944
6823 1393
2123 8154
991 8194
13067 6259
11776 8556
8104 1448
8985 5913
10443 8140
3783 12972
12522 428
679 10820
12543 11183
7798 3385
3353 5914
5138 2526
12508 7560
988 14133
10609 2564
12676 13231
4403 10891
5788 12699
11475 3786
10052 12951
4371 5385
9474 4391
410 13679
4508 4484
12574 11745
5767 7679
10264 872
11097 3670
232 6852
1272 2982
9307 6678
14313 7911
8401 4553
4206 14761
8339 6076
3344 3139
9361 7551
13887 14707
766 10687
14211 12707
13850 5881
7406 6918
8739 8596
7040 14156
9396 1065
12921 6840
2968 5105
4725 5757
6430 5201
13854 1684
1931 6340
5713 11496
4184 3167
423 1159
10744 1119
8986 2537
1574 9054
3703 10556
6620 3534
6441 9555
2999 14155
2936 44
1326 14205
12397 11049
2020 14315
6830 5553
1779 3586
8146 11872
4540 10161
1514 12117
301 261
12307 10651
14277 2842
7237 675
8989 11827
14013 9866
3346 14633
3194 11321
2977 1196
14459 6160
11537 5487
5052 9698
12261 3423
1116 10074
13929 4781
749 7472
2762 13269
8865 11326
8512 2280
5100 1670
3683 164
11520 12887
8095 7821
479 2604
1592 10362
10353 7157
13576 6314
2787 9785
8734 10029
14340 12840
2638 13082
