700
6200 4609
3121 5334
212 7086
8392 3168
2874 1707
852 10045
7930 12121
10599 7306
14018 201
6210 12884
11800 9649
1603 1620
3600 2528
106 5652
13105 3644
1128 11479
5984 11227
6684 5381
3802 7806
180 14712
13341 4244
5405 13929
12334 2771
10194 14556
2717 1368
967 5807
7367 12309
8550 8542
10121 13203
7415 6739
3125 14021
8702 9070
13585 4116
11538 10972
10615 285
6017 8742
12975 5996
14387 5036
385 13419
14808 11854
11 14350
3868 634
5252 4557
12 5552
2524 1406
10982 7720
2693 4610
1175 11231
13341 3678
690 9880
5883 6189
11098 7893
12540 6342
12389 11291
9933 14601
14494 607
14796 6000
4656 1929
300 9800
5747 10361
4903 14432
14048 2268
7817 9604
9167 5728
4910 1542
7482 4552
4335 6479
8263 827
10258 37
7738 13969
8651 3237
7596 2279
12881 8451
12840 812
4954 2547
12019 4597
6733 6817
5412 12945
4819 10471
4634 14389
11292 9553
7736 6111
666 4933
3795 13117
3868 4732
11971 4578
13356 6731
11978 2499
12834 14851
1377 8029
1414 4847
35 12466
1898 7097
6401 6932
8581 5284
144 5170
323 14549
12481 2970
6441 4798
1299 4087
4806 7021
10280 7998
10605 10877
1024 3688
7732 745
11880 14965
3088 2374
7848 3742
12004 22
4893 1339
5668 2019
5854 2643
688 3359
4229 8445
12542 4060
13394 6560
3374 895
7863 3272
3438 13783
5797 9515
1138 10768
8488 1519
3824 13498
13940 5728
10693 10342
5971 14284
2039 10399
599 982
10567 2221
8508 1717
10366 8847
2687 12618
9825 13303
10519 13435
10804 10388
2303 2501
4442 3246
9422 7537
578 13897
6064 11614
8929 568
438 5152
9974 5285
2229 2110
13338 11275
4018 1272
4507 5550
10083 10416
3934 13526
647 3795
10551 9113
11705 10271
7150 3209
7305 9722
2179 12038
1072 8005
4567 9333
8263 1980
5126 12129
9262 11598
832 11885
13954 765
14530 3046
11247 13967
7424 7866
4036 14841
8209 8943
671 1919
13137 14507
782 9644
5721 11358
10258 7191
10623 14945
2469 6549
643 10820
11186 3014
2744 13954
12670 13980
13631 5163
13745 8612
14798 6735
9892 13268
13497 12158
8967 3147
10449 6055
953 12115
12006 4777
12167 4557
11826 11558
3162 2948
7067 13630
12417 5382
11935 393
14458 1864
6589 7392
2086 253
1652 11849
1316 2765
3681 5882
13035 3137
11502 5168
4902 3660
8845 14723
11289 12246
5670 4106
2846 10834
6539 4260
7863 413
6376 11136
9807 13770
12873 5474
2462 1684
14697 7678
11467 8240
1321 12705
13489 1274
10631 12027
5268 10240
4596 9056
14387 845
8298 4082
13818 12402
3518 8534
10983 10698
221 10038
4590 3153
12105 13654
9167 10501
6489 5872
12689 1564
2646 5150
5239 5663
9177 13108
11090 10979
13950 13592
14823 6295
14928 6972
4471 13718
10908 7917
3063 8274
10519 13221
285 14200
12436 10229
513 9377
7164 11001
6350 5583
1156 3353
12160 7760
12143 2748
7841 14338
13480 6125
14153 13045
11214 2361
13050 9061
10328 5400
10180 14751
11577 7795
11337 6961
13351 10171
4400 958
13442 950
12515 614
13882 7049
2648 2060
5596 8621
830 4056
9658 4053
12907 11359
3152 3069
1924 14661
13690 13773
5597 2344
10753 2747
9000 5950
2443 12971
5626 4865
39 2690
1617 7089
431 12832
5375 6257
5709 9873
14046 8861
5833 9029
3083 656
11714 4547
7053 11949
12316 12904
2364 7111
7723 14875
13210 13300
2148 10445
5115 5693
234 11648
8770 6453
8010 11022
1606 13854
8620 6616
5787 9796
4229 2990
8342 11017
13789 11043
11330 5521
4559 3287
9402 2973
3816 3179
11318 8906
395 372
473 12564
13560 12739
1441 11380
8989 6496
1477 11071
10764 9598
2206 14068
3058 14300
4551 7022
11501 1207
3399 9717
7776 14422
1310 7109
14745 4244
5537 8012
5899 883
14915 1139
4350 1622
13840 9279
1323 5457
4072 1931
8242 7837
1887 11150
6220 2448
7860 9675
8104 4201
1277 7422
9293 9290
11093 2416
13610 13534
14923 8436
9176 2645
4574 7735
1110 4494
6637 784
8027 1912
4945 5244
11253 8775
10721 12122
29 7126
7744 1893
11584 4029
13453 9109
4767 8682
4217 10663
3354 959
13975 8842
2671 2722
1916 1970
8033 10672
4725 12819
3440 4011
2277 14029
3661 8780
1569 451
1195 6636
8398 558
7601 14558
3102 2849
8172 2625
6977 13373
12380 1500
12748 1661
13562 5471
10477 11766
495 114
799 3491
5382 972
9261 4962
1977 8490
10785 5956
4134 3272
7166 11264
5609 10466
14497 2873
9308 5826
2401 720
2407 5111
5357 3954
4537 8888
2077 7010
3800 12663
3956 2568
2622 2785
8725 12049
5017 11233
6268 11433
10972 2094
8905 9969
10908 14320
9731 5495
9654 10352
10107 8862
7356 7316
7352 2154
8422 3199
7352 12706
65 7146
4381 12778
1146 1501
12554 9768
3131 10862
6484 12306
5653 14647
14303 13221
581 10496
8394 2796
1563 13768
8965 9104
11765 561
1394 10748
2219 8942
714 11603
2788 8050
14080 12117
11583 5344
5897 7358
5275 2813
10447 178
9478 14522
6711 43
425 8208
4269 2945
9518 2062
7725 415
12568 10545
367 714
4288 6544
4363 2843
12249 12767
10763 14513
7014 11060
9862 3448
11918 12853
2599 13040
3336 7485
4191 4618
8093 1749
7274 5330
8350 3546
12662 13576
13132 9862
13374 786
10308 2753
5901 6949
8164 11350
2942 4880
13702 2409
6295 2838
7834 8955
12090 4487
11637 3131
716 1710
10749 2796
4403 13678
4007 6846
14999 8094
5819 12591
9306 9131
6229 6060
12759 14965
4945 4889
13726 5639
3747 1299
3798 3848
9028 2498
3117 9570
582 1402
2235 6103
6425 6752
11813 1018
13750 7271
12545 1888
2911 5965
13701 7880
14780 6084
5791 7024
2799 5980
1445 3919
4046 9940
13636 395
3700 8427
7682 5097
14003 2786
8399 14606
6509 2062
2489 10248
7511 10399
14871 423
11800 5818
7882 2732
967 3938
5057 9088
6125 12083
11414 14065
6293 3001
5148 2378
6471 1669
9841 10763
8168 14963
136 3260
6225 124
3391 4199
9877 6402
4098 9263
9809 9474
2590 9216
2810 5588
8671 13355
6496 5503
7607 14812
6556 77
7063 11853
7226 4649
13860 9189
13370 3455
9595 12953
5026 11926
5908 7354
5178 8961
10051 11421
11098 1824
3215 10259
2237 8041
12689 5613
2845 9141
13918 13720
4095 2991
2864 8290
10239 13960
550 2687
12929 7632
8270 900
9075 8594
3751 11958
8212 4215
3571 6117
56 5246
2486 13354
3135 11209
10766 2188
510 428
7582 5067
591 7928
8904 14896
3606 5501
1000 6413
2151 6410
6931 11533
12076 12734
11262 10191
2916 4394
6855 5841
1884 5780
2237 13123
10822 11580
14631 9248
779 10435
10715 7992
5442 7861
3067 10466
5938 10872
5252 13610
12398 7370
8673 4128
3228 14422
12209 12591
7096 10560
12348 10149
8017 12872
10419 14399
4841 9896
4960 2618
10053 5031
8388 4419
13782 13403
5006 12937
13561 10792
188 12305
4930 10295
14399 14764
10827 3840
7276 13427
11873 12553
8052 539
13083 7127
853 11076
13385 2164
14283 9868
12209 2514
8420 5093
1655 14049
14645 10573
1040 9731
4802 3477
7325 1484
11297 10810
11718 8473
12989 9182
5899 3889
11745 3742
10554 8196
3668 4392
1397 13941
5596 813
3039 5656
1449 14320
10831 14085
11417 12098
10798 4211
12256 4189
9847 6296
10380 12196
1425 9452
3009 14335
377 2281
9391 2567
12284 4264
11733 7740
9586 12563
8913 2887
5141 7091
8580 799
3609 7965
13353 6431
7236 3327
11809 6504
14887 8218
14748 5398
13406 10171
8151 74
3115 9318
8511 8133
13300 10563
9514 11024
9436 2102
6357 5079
3816 5460
12581 13941
13635 6985
12328 10148
916 13961
2331 14880
11018 8701
12755 13577
9257 2489
14436 5644
14541 5342
3520 4705
2360 8852
10564 5394
8265 8827
7645 9223
782 3671
11308 5125
923 7451
6050 9268
4780 5119
1378 14368
3796 3061
14562 3361
10320 5601
12727 9028
1403 422
8608 1357
5453 11817
12428 5625
5505 2382
3244 12146
14024 7224
7123 12064
3186 1983
1129 11784
9521 13196
14901 5044
4607 14425
10943 12811
13105 6474
11441 9253
9262 8380
8189 11745
1384 9752
6978 9153
7238 13093
7644 286
1399 10515
11640 6320
7387 941
10816 2670
13548 10212
981 6441
12922 7459
6521 8048
