800
11851 5356
9519 4676
5926 12366
2336 4032
5180 8003
11743 9277
9848 14995
4627 2085
5364 9932
9509 13629
5238 5823
14801 12613
8399 2274
6207 3706
6782 5103
14735 5382
5118 6398
2107 12075
12728 6848
3719 897
3734 14254
9806 4140
5316 8841
8061 13846
14479 10282
10376 693
11038 4467
1716 13806
1870 6304
8072 118
3030 14829
6707 10154
8897 1713
2902 12345
4136 1852
11246 3891
9340 700
9416 9756
13812 1640
14182 12270
5540 14426
6534 5013
7364 5405
11487 11485
5723 5852
6212 87
5168 5327
304 4765
5876 6377
11331 11483
9464 7033
1137 10746
13371 11334
9144 4343
3387 4978
2330 2188
12246 8589
5306 1380
13395 7108
1002 7391
8509 4921
8852 7717
10603 2719
5878 4173
13833 13655
2338 11074
1855 9603
4074 8638
3213 5008
14762 14092
7173 9343
8002 5526
752 11945
13658 9770
13011 12154
4233 14824
11546 3334
2236 3569
5384 4770
8228 6917
14708 1263
4327 5692
1593 9324
9196 4565
2586 8175
5421 7340
5195 4176
12480 4473
10344 5259
2482 11933
5009 10353
11356 2563
7697 7568
747 11693
6903 14710
12652 525
7124 13839
4491 6961
10014 10235
5630 11712
1983 8940
4753 8925
13778 9692
10424 11612
6347 3722
3104 5852
7221 6121
5760 5243
3116 6752
1917 11651
12596 14585
3175 7242
7548 2747
2011 12374
12298 7435
997 6406
13699 1401
14154 14792
9444 14302
5183 7000
5626 14365
8869 14545
13531 579
13189 11828
13364 7917
8208 5218
284 5555
9145 14787
14717 2142
10432 8580
10719 10963
9750 11592
5788 4017
9086 1903
275 9916
3492 11429
14250 10520
3078 3146
4966 7245
9316 3415
7351 2549
660 12086
8530 13033
1326 4153
1249 3503
13617 13818
1347 13536
14680 5140
2381 13086
6237 695
1155 2103
4961 6802
3182 12350
10119 5649
5240 14580
9850 8141
2336 10612
11131 14145
8862 12210
8405 9049
2733 7264
14693 7147
9439 1191
4191 7977
13852 8633
3552 3247
9588 274
11483 10555
10991 11546
9489 8574
5467 5993
10736 7481
3930 2784
5472 14524
5218 7501
10743 12626
10328 9500
14409 11482
13569 11335
7485 11087
3512 6612
9350 568
9808 11439
14555 5748
14324 10694
6681 3901
9959 9802
1333 184
6804 7009
12625 7480
9853 6199
11866 12248
11293 14365
9282 10788
5739 13265
10476 10738
1524 230
13976 11998
1927 7402
11995 12909
10693 10512
5857 5008
2136 14965
14625 11202
9909 8349
10552 2962
6781 3345
3056 12393
1674 6495
112 5941
9987 3273
2274 6058
1781 5109
13277 7158
9083 3691
1928 5218
12121 13889
1289 6213
1408 6602
11382 5427
13865 10837
4826 9677
8557 9699
324 8050
14421 13363
6944 2665
2517 4640
9711 6248
4041 9904
10216 2153
14114 13798
4216 12275
8841 3642
4259 13708
11031 14585
1530 719
2942 3938
723 2972
14074 3465
11265 14369
5922 9299
522 4770
5201 1767
1812 2169
933 9110
9344 1792
8866 12153
4030 11678
12243 85
9417 2920
11883 4283
4795 2571
10367 8554
6093 8276
5221 4331
1658 11155
3701 9939
13514 12973
12449 8954
12826 12199
4074 11158
6809 6908
13448 3645
3543 7211
9119 1178
1432 2179
14009 12509
5295 3489
12267 5184
14196 2450
6425 9128
7698 99
943 7854
11954 3790
5761 7020
3242 2607
10028 12266
7103 13956
11901 4270
8026 9464
2365 836
5555 6266
2813 2718
7825 4682
8583 8276
5840 8905
14415 11515
2178 12181
10494 2091
4904 1251
5482 11300
9299 12578
4865 1746
3585 3006
11518 14948
12925 242
10044 12659
14328 11418
13867 6609
3388 2140
12843 3258
2448 11359
1331 5696
6800 11840
11185 4148
685 10792
11355 11126
4010 14986
2603 4204
8070 7429
13230 3820
8739 3809
1983 6324
2599 10127
12777 8540
13123 2438
8237 7534
4128 7309
14542 9536
2279 12703
2176 2989
6694 12256
1856 10398
7993 1583
6923 8822
14851 12679
4714 4028
14128 8705
10554 7552
7801 1153
9623 13149
11016 9119
10125 14123
1796 5137
8206 12593
5580 10681
6893 505
2 12605
12039 13553
9942 3664
3623 937
11814 6969
8974 915
14107 14778
13256 6516
6070 12154
7961 9307
565 6039
3633 12133
666 1590
13892 6642
14378 10864
6510 13155
10988 7945
6063 5244
12510 12721
5979 5775
1847 14787
1208 4759
4022 7423
292 7981
13439 12577
12878 821
10306 11368
2641 8808
8909 7903
694 10138
7453 10067
10344 10058
9239 1107
9788 12031
14521 4057
2605 6140
13831 5106
772 5160
12364 14523
5406 5781
5194 13290
8455 11067
2949 6806
4411 5854
11141 9043
8367 7975
6533 2190
2801 12838
11249 14387
1661 12743
10895 14856
3491 8203
8168 7688
11094 14173
11765 8534
749 11210
9923 8723
4338 5767
2940 5227
12853 3531
11680 5074
1245 2790
1190 2965
486 726
82 12830
6981 13183
7601 4783
6019 2097
4427 7637
538 733
13936 6320
14168 3454
1739 2532
4033 2040
4282 5940
7992 8559
6634 10424
6754 14272
12307 8837
10726 12354
4419 13694
9503 171
561 1812
11835 2383
11587 3960
7491 13788
6691 11518
8503 4830
10463 993
8870 2636
9480 12072
11106 2501
7099 9280
2961 14873
13908 7551
13379 7271
9117 8928
3330 7064
11480 9624
3233 3372
12744 14375
13272 11231
2535 6405
11196 13781
6962 5459
11056 985
5511 2086
14395 7878
546 10184
10150 3976
4142 6838
6887 1936
144 901
11825 10916
11988 13575
5756 5978
5213 14654
10521 646
3049 14886
12914 4659
14833 9971
2209 4581
9907 61
692 6429
1635 9227
5712 2681
14230 7980
4830 14791
10526 4950
7662 1926
10210 2877
12194 13502
14363 842
10532 6400
5999 4672
10648 7079
13979 430
14243 7082
10738 3123
915 5700
12859 10265
12721 12257
7983 13656
6923 4261
12917 3783
6590 12234
9484 13403
7161 6731
7628 7079
14671 9809
13670 14232
13933 6827
13352 3484
5634 6543
7991 3930
10910 3158
10368 4607
9569 2119
2251 2947
10722 7456
4636 11343
12984 475
4368 11106
11212 11820
13958 6005
9205 2031
9991 722
8530 4572
12866 134
6798 5060
4386 13595
7080 4363
11540 8785
11084 3792
226 133
842 14339
8572 12659
572 8914
4051 1298
2391 14940
10594 14412
1841 13554
1496 6466
379 1133
4067 1999
7777 1874
36 7171
10651 12551
1261 6552
284 5230
10221 12004
5770 12539
7325 13387
3797 4243
934 10746
13822 8944
6541 11265
2254 4652
3662 3921
14924 2161
13705 10997
3632 13405
6908 8602
4197 8304
3664 50
11306 7036
9697 13857
5926 10538
8481 12244
2172 2602
8973 11686
2547 4449
2477 10053
14631 11520
4991 2642
12614 5345
11306 9527
7186 10191
14302 5825
5894 7510
14621 14819
11747 4864
6993 622
2681 6017
3960 12626
2531 3630
5923 12393
7397 14528
558 979
8019 3937
4662 1606
6034 14157
11318 3085
11507 12395
9083 9614
10580 5695
8993 4914
2761 3191
5739 1880
5981 6770
13197 9059
11004 7038
2597 11252
10866 8512
1761 5489
11785 5512
7742 6880
12253 11817
5009 911
12698 8050
14917 9123
699 22
8700 7945
12428 10526
6742 7767
7778 5531
3433 2607
264 10522
5931 616
2045 5142
8150 187
1511 11794
13236 7828
14215 9517
13278 7512
3685 8233
8484 8319
992 10610
6163 2495
7679 9234
5745 4603
12697 3776
6357 7216
1517 5290
2333 2643
8424 13772
7988 8014
12698 2436
8121 4125
14503 8801
9773 13842
3775 6613
11486 14029
7455 314
10395 6711
1906 11326
10434 7898
9441 8286
6320 4522
7421 3783
9156 1159
13521 2657
12036 11343
9372 725
5954 3373
3728 1357
11813 1728
3422 14349
3217 2634
4629 6469
2847 12026
10398 13469
11916 4232
10636 14140
6821 9477
14347 11841
6372 9297
9242 5552
1268 5027
12267 4985
8338 1091
2408 12280
5001 180
9740 2143
10325 7087
7286 12255
2417 1004
9043 7195
12702 4220
11095 13524
2723 14660
11459 3181
8237 10359
14650 1005
8663 13443
2538 8981
11883 10940
14904 12157
7902 10471
1346 14987
5838 5612
11072 8180
216 12389
5542 13313
11515 5763
8849 9038
2193 536
11109 10061
4391 8613
7118 6062
7546 2559
10413 13126
5887 4690
7669 4075
9553 14539
8060 5530
1598 6645
12772 2142
4777 3629
14550 527
4719 5568
9054 5042
2273 2952
9202 4119
8549 3461
7531 14542
5515 9803
4554 7262
5502 13416
5648 10975
10009 3875
9697 3742
1369 7078
12816 8020
305 5595
5257 11789
12127 11389
52 12510
4580 10410
5762 3816
2946 26
143 13393
11989 13180
8519 594
9771 1738
4058 1773
8864 7971
716 9046
7551 9573
12876 9629
3511 13443
7227 1608
10594 2355
13867 13952
8671 12015
5575 7596
14468 12611
9723 11221
12967 13162
10548 2573
2625 14633
9504 14191
5741 7214
10887 13491
9819 12934
3876 5012
7906 654
7870 509
6136 6569
9889 4809
10934 8449
4435 12827
12841 2583
10267 4775
6529 3782
13882 10285
7680 9818
3753 11708
7362 2754
9237 10739
7516 14140
803 7000
7248 2502
12637 2496
1990 14037
3416 8467
1997 5286
9357 10010
14442 9455
5493 346
14184 13322
4169 8802
13433 7184
9734 7341
5036 460
2298 3016
2964 11474
12654 7611
10468 3454
9020 10381
7309 1797
3452 8613
14997 8151
11427 6055
14214 8419
8015 10137
14013 8148
7491 12056
10624 2921
10494 9414
1612 2801
10572 12638
8417 11522
10253 7531
7303 7724
6182 12755
381 2297
1882 1180
9964 7582
12482 3677
6050 13678
7313 4174
9726 7225
1774 636
7401 7394
1271 6687
8292 12475
1883 11843
11503 4087
10996 8006
11422 10758
11481 3468
261 836
