900
12245 56
14127 7981
3350 11365
10317 8145
11623 7987
11780 13520
2060 10856
5544 8624
3823 3949
6290 1482
10970 8327
2858 3625
3834 10581
9424 9090
6815 10438
5287 1943
2102 1369
13901 2675
411 11674
6234 10083
12904 5013
8818 1765
10859 7798
14348 14715
13264 5623
7321 5408
799 3369
8962 780
79 12217
9736 4589
3394 6765
14582 3341
4153 469
3091 8120
14418 6062
10964 8700
10715 11629
9006 5967
3371 3669
14303 14879
13178 7264
12349 11095
5407 7782
9054 4724
9143 1857
13198 5207
12963 13729
1785 5879
5614 7249
13155 10213
9094 2778
3839 13546
10223 960
12825 64
11314 10051
2860 12381
4321 8618
9164 54
517 9982
5624 2823
1659 12027
13873 6517
7290 10314
1956 2912
4709 4989
11841 3624
2891 11732
9039 12955
5027 10895
11223 6200
10130 7724
10452 10607
6411 10927
5240 12345
210 12851
4698 4369
1187 5243
10423 8163
9671 10862
14379 9826
6288 3421
5829 1874
3426 14497
1616 937
6469 9503
12475 7197
7916 1447
11192 12074
12427 12074
7950 14994
8301 12076
13316 12629
6315 14014
6278 11413
13994 5742
3625 5266
4620 2212
13599 13827
7188 9124
3251 12668
1756 4632
577 7757
149 11393
5764 8938
1767 5707
1044 5823
8737 14784
3826 6219
2714 14103
7375 13114
13447 1905
3121 3062
14206 4162
12464 13216
4676 3655
14006 9728
9665 8627
14030 8482
5279 14626
6101 3114
7563 1439
13696 10743
9728 8042
609 4583
6125 3717
5508 1135
12054 8445
11379 5902
6548 5816
1827 5047
5406 12922
9930 6717
3209 5952
10782 11774
7406 7792
14060 8008
1235 13627
11836 3991
6450 495
14696 6050
9344 4194
8684 4679
10649 163
2107 11370
5082 10765
9538 1398
5809 1166
4051 3999
9126 9953
13766 10400
7247 11401
5378 1279
4654 13062
3545 4990
405 4671
750 10160
6768 12936
14082 4632
6552 10872
7972 1230
3872 13881
2767 696
5064 10718
9773 6500
2897 11322
4008 4764
11939 6972
7443 5843
2863 14591
8773 6564
5203 6662
12958 10009
5145 809
3406 9855
7781 9841
23 146
5591 14701
14331 8612
7667 11619
11906 1052
14700 11116
7596 3296
4621 4656
4514 5217
7117 6819
357 6158
4874 5797
10955 6063
14290 2701
348 11393
8576 14970
10668 6653
381 14561
5551 10158
6669 3738
13190 10231
722 13018
1231 4827
4977 8367
7425 2713
325 3715
7720 3076
4614 11578
205 8810
11155 14718
13244 6543
6384 10285
8379 11126
6954 5481
13827 9687
6185 7896
11295 9925
4858 4868
2972 8349
11265 6378
548 13086
4933 10763
5727 12279
1591 5883
4885 2515
8578 9182
4952 2383
6871 1094
10172 9995
6651 13478
4558 10208
11228 8341
171 12565
2969 3046
4807 7555
7868 7154
3975 12770
3772 11869
7373 12617
10743 11397
1404 13929
11981 13719
11157 7380
11380 1640
5426 9501
14188 12340
7162 5945
10565 1237
14246 3543
2024 10651
3497 5885
7811 11290
1184 1963
5886 4017
2102 4396
2556 6322
4939 1902
2743 3275
10562 6544
5710 4931
13981 11951
2226 680
14698 9308
6839 14696
11437 743
7152 13960
5921 1593
13178 7692
8552 9173
5265 9145
4992 13859
5512 10261
4747 4995
13746 8012
9921 4272
5181 9886
5892 9519
4030 6908
8349 1751
7246 9916
10567 7637
4566 1890
6197 292
9651 1093
4709 13587
11393 1064
6624 12835
14788 8776
11049 3079
13567 14791
10773 95
1669 12044
12517 13417
2635 2671
7325 12154
8465 3442
2225 8736
1609 5055
2593 2045
2013 8061
14224 4241
8964 12943
9447 2555
12682 6980
14256 5021
2840 9505
6218 5720
11114 7147
360 277
12675 14437
12828 610
3269 14372
11197 8009
1812 812
12272 5802
10153 7808
10431 2402
3410 8288
3005 772
6622 2447
1488 1743
5137 4406
10119 2669
4394 11985
1691 9429
11882 12192
7179 3300
7102 8690
12725 4044
2702 12616
7699 14505
1648 5070
4284 2950
6851 14101
6735 9166
3663 11037
4554 13485
13398 8159
3591 12516
6423 4037
13968 7495
8366 10073
4529 7375
6229 14880
4818 533
12510 2725
8484 13377
13323 5844
14409 2171
2906 10283
12765 5772
8305 10046
1357 172
5238 10281
11486 2984
8125 8619
391 7445
6636 13841
14449 5377
1925 10373
11537 2198
6878 8694
7992 14584
2493 13982
7599 8018
4218 2993
13731 5905
5810 12378
8109 5874
1723 11584
1979 2963
2039 3374
11507 12106
7302 12664
413 8086
192 5777
2654 2905
7000 13908
3912 10661
3299 11805
13363 528
9303 12180
2100 4956
8524 6756
6270 8804
14374 9156
10521 7155
14750 3393
6385 12010
4154 2828
12450 343
6334 4720
1194 7981
10499 7197
7855 6137
14737 8051
102 4875
6587 10298
8194 359
8186 812
11245 14106
7577 9056
5613 348
5401 12609
8182 12339
1840 5685
9386 6885
8436 2708
3737 9042
4313 5733
3978 11815
14907 9409
3811 1967
7131 4299
1474 11806
8637 227
6098 14905
11196 2956
12964 4475
1897 249
11315 11647
6692 13144
5785 6428
13960 11844
11789 10610
9692 6864
14322 8082
9238 8665
11168 2461
917 13425
14083 14666
8354 6194
8748 3017
2641 7335
14648 13437
13969 4842
11031 2824
13960 10997
6441 3464
6198 8635
13204 3675
9046 10951
1074 2621
5854 14557
11224 8205
7240 11887
11498 3662
10541 592
2248 5242
6851 5444
13880 7888
902 10371
6217 12282
11638 10282
10947 2568
3903 3880
5866 8758
7002 5180
1331 8485
12188 7979
2677 7652
6399 9494
5366 6461
2486 6477
9692 10341
13593 3725
8566 13930
8863 9250
13044 10402
2533 6933
14768 8447
12046 5206
6089 3872
5083 4845
8302 11568
9636 14657
5223 13110
14594 6484
9020 2458
6264 12439
13571 6424
10432 10798
4627 2679
1832 12468
9454 13889
1222 6891
12188 12523
4220 1789
9710 4442
2857 5298
4439 1852
11523 9073
2638 9881
6641 9828
8792 14034
4329 8111
14240 1997
13730 6731
1393 951
9681 5509
10858 9361
10100 7120
8118 7110
3260 2862
10121 5075
2204 1595
8706 12719
12001 7895
12781 6643
12395 10386
4981 6823
14484 10134
8647 13363
3059 5795
10254 586
10469 10848
8378 1339
2423 10431
13475 1675
4958 1374
10726 10454
4360 11948
5813 6285
14204 7151
12570 1387
12517 6885
3318 1700
10600 1338
169 3899
14060 13076
45 4473
1426 12377
6375 2
2253 6332
9990 3016
11331 2891
14281 3042
5890 2220
7756 11130
7122 14469
9795 13757
5132 10361
8696 11245
12805 13100
10324 3788
12103 14781
3136 13770
4497 14325
4259 4325
8048 14462
9454 12933
375 14617
4441 10377
1397 4749
373 8396
9235 593
10159 1678
14139 7268
7848 13815
6564 6670
14332 11779
12648 8294
7922 7872
12637 11467
1492 3460
14747 1799
13212 8823
7298 8957
14620 2112
14981 7402
14940 2133
8146 3945
12717 6735
624 8990
7110 12202
12550 3875
2779 2741
3637 2440
14860 7987
14323 8140
7406 10240
4976 4295
9459 1789
4984 3651
6889 3782
7965 12636
5264 14544
10801 2970
9616 3494
11822 8416
10057 3519
5901 9987
5685 12812
3083 9216
2587 3640
4890 13595
1025 14178
5981 7835
13889 11657
8584 2710
13839 12515
8529 4553
14066 13769
14228 12105
10050 2685
10297 2578
6942 14746
8493 5617
12123 7913
1548 10124
8467 1549
14230 9494
5511 14511
4518 6777
5600 3365
2997 10550
2929 11572
7557 624
13648 3495
8535 10268
14288 1019
6290 1745
11916 6208
12025 13807
10365 8752
4827 1180
2872 7717
1313 14963
76 9433
12262 5670
14825 6204
2536 5152
9874 9317
13217 14663
2470 2064
3056 5638
4893 13691
9725 11066
14895 11243
7887 10386
8794 5984
6670 5611
13351 4660
534 12001
14815 13491
8889 10428
8211 3241
2962 4809
7449 3439
2552 1579
7022 3977
1639 1907
4467 7146
13179 10936
11036 5187
3186 12504
11326 13606
7570 4131
11168 1325
13862 7259
1584 1286
1876 14450
394 2033
2246 13580
2218 7952
12218 4720
7824 10141
6436 10241
13672 2698
919 6281
939 7869
1496 7042
10794 10586
4735 8189
12575 6232
8083 9317
8085 2213
641 3818
6348 6415
5090 1161
3105 610
13245 12881
12864 1524
1132 13961
11895 12972
506 10337
14220 14930
8660 3552
2444 9290
5725 5464
3545 2071
8920 8287
13142 10686
1684 13056
13717 7159
6040 8714
6206 9181
4689 3748
10874 7574
377 11082
9600 2102
1042 9349
6368 710
12685 4610
2909 5905
2881 9125
13962 4209
11544 10476
7283 8632
10997 12365
11182 10037
1236 129
2701 7001
9959 14414
838 6162
9112 3259
13440 4520
11746 9453
14863 3762
6272 6838
4348 3905
5799 6351
11085 7904
14080 9639
7668 12961
14969 5526
1210 4702
863 11179
10081 13711
9007 2132
10735 11688
10284 13020
3957 3404
3754 5010
8358 6848
13757 7206
9713 3131
2809 5740
4357 12627
12806 2440
1376 4890
11609 14440
5016 10871
2927 14810
13020 5262
10472 12579
2988 3874
1139 12450
29 3195
13753 1598
14513 7281
9938 9042
1279 12577
5504 4119
9862 9476
818 13437
5544 7464
5823 331
7861 3187
11154 4868
10565 12012
8122 9274
3049 2250
12623 9669
4885 1854
13993 7114
514 2912
3748 13172
12098 12733
4303 9422
8968 12645
1584 4937
2974 937
3666 9811
1156 1950
11791 6033
10800 5188
670 6400
12614 14966
13693 5324
1085 2937
7052 9155
13205 4619
3071 1726
13474 166
7918 1639
8673 4222
6863 10470
11159 12177
14653 6620
2362 4030
2861 2066
10947 374
6128 1436
12319 7599
1358 8457
10254 3914
2476 8341
13848 1032
9183 8699
1382 4184
3461 8689
126 13
898 8250
13716 3309
8507 1550
8618 13456
4193 14823
4794 1112
479 13704
5336 8528
6364 9723
1030 11815
770 12845
9890 6213
1858 13012
47 6673
11801 11517
3678 14903
10141 6180
11653 6545
6602 5087
9239 3192
3082 2593
1880 8323
7722 7202
12388 14650
528 6267
962 2351
8346 4334
758 8218
14767 11538
5488 1893
2675 1569
454 260
3761 8839
13328 7271
10064 3186
12870 12930
1296 7531
14057 4062
9779 4646
13548 12919
8386 6476
13415 2829
10569 4963
4565 13720
14880 6468
5442 7843
5557 13615
3498 12325
7171 4660
10791 1453
2299 1991
14837 14316
12928 12319
10093 9725
8093 8391
8070 14722
11935 3992
3236 4375
545 13919
10609 5408
10115 6800
10991 10444
2165 13138
8118 10655
5010 13397
1227 3931
11448 8904
2828 11569
14044 13618
10775 267
4698 6929
12221 14316
9954 5911
507 8235
374 6649
14624 13091
10527 1016
1088 9506
12052 14180
14440 6583
11558 5493
14824 9765
12990 9653
13057 13070
8265 8184
9133 10996
5036 11043
7334 4227
6500 13162
3354 12495
3550 6107
9863 14611
4477 7109
11890 1957
3632 8332
12082 316
10098 24
2958 2088
13097 6829
6504 4897
10910 3643
12340 9337
